simtime:  2.7256
number of wsf-lines:  1

line_No     y_coord
1	 1.5
2	  Wave Theory 


X 1	 P 1 	 	 	 	 W 1

0.05 	 2.177 	  2.18 	  
0.15 	 2.1733 	  2.1765 	  
0.25 	 2.1694 	  2.1728 	  
0.35 	 2.1652 	  2.1687 	  
0.45 	 2.1608 	  2.1645 	  
0.55 	 2.1561 	  2.1599 	  
0.65 	 2.1512 	  2.1552 	  
0.75 	 2.1461 	  2.1502 	  
0.85 	 2.1408 	  2.1449 	  
0.95 	 2.1352 	  2.1395 	  
1.05 	 2.1295 	  2.1338 	  
1.15 	 2.1235 	  2.128 	  
1.25 	 2.1174 	  2.1219 	  
1.35 	 2.1111 	  2.1157 	  
1.45 	 2.1047 	  2.1093 	  
1.55 	 2.098 	  2.1027 	  
1.65 	 2.0913 	  2.096 	  
1.75 	 2.0843 	  2.0892 	  
1.85 	 2.0773 	  2.0822 	  
1.95 	 2.0702 	  2.075 	  
2.05 	 2.0629 	  2.0678 	  
2.15 	 2.0555 	  2.0605 	  
2.25 	 2.0481 	  2.053 	  
2.35 	 2.0405 	  2.0455 	  
2.45 	 2.033 	  2.038 	  
2.55 	 2.0253 	  2.0303 	  
2.65 	 2.0176 	  2.0227 	  
2.75 	 2.0099 	  2.0149 	  
2.85 	 2.0022 	  2.0072 	  
2.95 	 1.9944 	  1.9995 	  
3.05 	 1.9867 	  1.9917 	  
3.15 	 1.9789 	  1.984 	  
3.25 	 1.9712 	  1.9763 	  
3.35 	 1.9635 	  1.9686 	  
3.45 	 1.9559 	  1.961 	  
3.55 	 1.9483 	  1.9534 	  
3.65 	 1.9409 	  1.9459 	  
3.75 	 1.9335 	  1.9385 	  
3.85 	 1.9262 	  1.9312 	  
3.95 	 1.919 	  1.924 	  
4.05 	 1.9119 	  1.9169 	  
4.15 	 1.9049 	  1.9099 	  
4.25 	 1.8981 	  1.9031 	  
4.35 	 1.8914 	  1.8964 	  
4.45 	 1.8849 	  1.8898 	  
4.55 	 1.8786 	  1.8834 	  
4.65 	 1.8725 	  1.8772 	  
4.75 	 1.8665 	  1.8712 	  
4.85 	 1.8607 	  1.8654 	  
4.95 	 1.8552 	  1.8598 	  
5.05 	 1.8499 	  1.8543 	  
5.15 	 1.8448 	  1.8491 	  
5.25 	 1.84 	  1.8442 	  
5.35 	 1.8354 	  1.8394 	  
5.45 	 1.831 	  1.8349 	  
5.55 	 1.8269 	  1.8307 	  
5.65 	 1.8231 	  1.8267 	  
5.75 	 1.8196 	  1.823 	  
5.85 	 1.8163 	  1.8195 	  
5.95 	 1.8134 	  1.8163 	  
6.05 	 1.8107 	  1.8134 	  
6.15 	 1.8083 	  1.8107 	  
6.25 	 1.8062 	  1.8084 	  
6.35 	 1.8044 	  1.8063 	  
6.45 	 1.803 	  1.8045 	  
6.55 	 1.8018 	  1.803 	  
6.65 	 1.8009 	  1.8018 	  
6.75 	 1.8004 	  1.8009 	  
6.85 	 1.8002 	  1.8003 	  
6.95 	 1.8002 	  1.8 	  
7.05 	 1.8006 	  1.8 	  
7.15 	 1.8013 	  1.8003 	  
7.25 	 1.8024 	  1.8009 	  
7.35 	 1.8037 	  1.8018 	  
7.45 	 1.8053 	  1.803 	  
7.55 	 1.8072 	  1.8045 	  
7.65 	 1.8094 	  1.8063 	  
7.75 	 1.8119 	  1.8084 	  
7.85 	 1.8147 	  1.8107 	  
7.95 	 1.8177 	  1.8134 	  
8.05 	 1.821 	  1.8163 	  
8.15 	 1.8245 	  1.8195 	  
8.25 	 1.8284 	  1.823 	  
8.35 	 1.8324 	  1.8267 	  
8.45 	 1.8367 	  1.8307 	  
8.55 	 1.8412 	  1.835 	  
8.65 	 1.846 	  1.8395 	  
8.75 	 1.8509 	  1.8442 	  
8.85 	 1.8561 	  1.8492 	  
8.95 	 1.8615 	  1.8544 	  
9.05 	 1.867 	  1.8598 	  
9.15 	 1.8727 	  1.8654 	  
9.25 	 1.8786 	  1.8713 	  
9.35 	 1.8847 	  1.8773 	  
9.45 	 1.8909 	  1.8835 	  
9.55 	 1.8972 	  1.8899 	  
9.65 	 1.9037 	  1.8964 	  
9.75 	 1.9103 	  1.9031 	  
9.85 	 1.917 	  1.91 	  
9.95 	 1.9238 	  1.9169 	  
10.05 	 1.9307 	  1.924 	  
10.15 	 1.9377 	  1.9313 	  
10.25 	 1.9447 	  1.9386 	  
10.35 	 1.9518 	  1.946 	  
10.45 	 1.959 	  1.9535 	  
10.55 	 1.9662 	  1.9611 	  
10.65 	 1.9734 	  1.9687 	  
10.75 	 1.9807 	  1.9764 	  
10.85 	 1.988 	  1.9841 	  
10.95 	 1.9953 	  1.9918 	  
11.05 	 2.0026 	  1.9995 	  
11.15 	 2.0098 	  2.0073 	  
11.25 	 2.0171 	  2.015 	  
11.35 	 2.0243 	  2.0227 	  
11.45 	 2.0314 	  2.0304 	  
11.55 	 2.0385 	  2.038 	  
11.65 	 2.0455 	  2.0456 	  
11.75 	 2.0524 	  2.0531 	  
11.85 	 2.0593 	  2.0605 	  
11.95 	 2.0661 	  2.0679 	  
12.05 	 2.0728 	  2.0751 	  
12.15 	 2.0794 	  2.0822 	  
12.25 	 2.0859 	  2.0892 	  
12.35 	 2.0923 	  2.0961 	  
12.45 	 2.0985 	  2.1028 	  
12.55 	 2.1046 	  2.1094 	  
12.65 	 2.1106 	  2.1158 	  
12.75 	 2.1164 	  2.122 	  
12.85 	 2.1221 	  2.128 	  
12.95 	 2.1276 	  2.1339 	  
13.05 	 2.133 	  2.1395 	  
13.15 	 2.1383 	  2.145 	  
13.25 	 2.1434 	  2.1502 	  
13.35 	 2.1483 	  2.1552 	  
13.45 	 2.1531 	  2.16 	  
13.55 	 2.1578 	  2.1645 	  
13.65 	 2.1623 	  2.1688 	  
13.75 	 2.1666 	  2.1728 	  
13.85 	 2.1708 	  2.1766 	  
13.95 	 2.1749 	  2.1801 	  
14.05 	 2.1789 	  2.1833 	  
14.15 	 2.183 	  2.1863 	  
14.25 	 2.1871 	  2.1889 	  
14.35 	 2.1913 	  2.1913 	  
14.45 	 2.1955 	  2.1935 	  
14.55 	 2.1997 	  2.1953 	  
14.65 	 2.204 	  2.1968 	  
14.75 	 2.2082 	  2.198 	  
14.85 	 2.2124 	  2.199 	  
14.95 	 2.2163 	  2.1996 	  
15.05 	 2.2201 	  2.1999 	  
15.15 	 2.2235 	  2.2 	  
15.25 	 2.2265 	  2.1997 	  
15.35 	 2.2288 	  2.1992 	  
15.45 	 2.2304 	  2.1983 	  
15.55 	 2.2311 	  2.1971 	  
15.65 	 2.2308 	  2.1957 	  
15.75 	 2.2296 	  2.1939 	  
15.85 	 2.2273 	  2.1919 	  
15.95 	 2.2238 	  2.1896 	  
16.05 	 2.2192 	  2.187 	  
16.15 	 2.2135 	  2.1841 	  
16.25 	 2.2068 	  2.1809 	  
16.35 	 2.1991 	  2.1775 	  
16.45 	 2.1906 	  2.1738 	  
16.55 	 2.1814 	  2.1698 	  
16.65 	 2.1717 	  2.1656 	  
16.75 	 2.1616 	  2.1611 	  
16.85 	 2.1512 	  2.1564 	  
16.95 	 2.1406 	  2.1515 	  
17.05 	 2.13 	  2.1463 	  
17.15 	 2.1194 	  2.1409 	  
17.25 	 2.109 	  2.1353 	  
17.35 	 2.0987 	  2.1295 	  
17.45 	 2.0887 	  2.1235 	  
17.55 	 2.0789 	  2.1173 	  
17.65 	 2.0696 	  2.111 	  
17.75 	 2.0606 	  2.1044 	  
17.85 	 2.052 	  2.0978 	  
17.95 	 2.0438 	  2.0909 	  
18.05 	 2.0361 	  2.084 	  
18.15 	 2.0287 	  2.0769 	  
18.25 	 2.0218 	  2.0697 	  
18.35 	 2.0153 	  2.0624 	  
18.45 	 2.0092 	  2.055 	  
18.55 	 2.0035 	  2.0475 	  
18.65 	 1.9982 	  2.0399 	  
18.75 	 1.9933 	  2.0323 	  
18.85 	 1.9888 	  2.0246 	  
18.95 	 1.9846 	  2.0169 	  
19.05 	 1.9807 	  2.0092 	  
19.15 	 1.9772 	  2.0015 	  
19.25 	 1.974 	  1.9937 	  
19.35 	 1.9711 	  1.986 	  
19.45 	 1.9685 	  1.9783 	  
19.55 	 1.9661 	  1.9706 	  
19.65 	 1.964 	  1.963 	  
19.75 	 1.9621 	  1.9554 	  
19.85 	 1.9605 	  1.9479 	  
19.95 	 1.9591 	  1.9404 	  
20.05 	 1.9578 	  1.9331 	  
20.15 	 1.9568 	  1.9258 	  
20.25 	 1.9559 	  1.9187 	  
20.35 	 1.9552 	  1.9117 	  
20.45 	 1.9547 	  1.9048 	  
20.55 	 1.9542 	  1.8981 	  
20.65 	 1.954 	  1.8915 	  
20.75 	 1.9538 	  1.8851 	  
20.85 	 1.9538 	  1.8788 	  
20.95 	 1.9538 	  1.8727 	  
21.05 	 1.954 	  1.8669 	  
21.15 	 1.9542 	  1.8612 	  
21.25 	 1.9545 	  1.8557 	  
21.35 	 1.9549 	  1.8505 	  
21.45 	 1.9554 	  1.8454 	  
21.55 	 1.9559 	  1.8406 	  
21.65 	 1.9565 	  1.8361 	  
21.75 	 1.9571 	  1.8318 	  
21.85 	 1.9577 	  1.8277 	  
21.95 	 1.9584 	  1.8239 	  
22.05 	 1.9592 	  1.8204 	  
22.15 	 1.9599 	  1.8171 	  
22.25 	 1.9607 	  1.8141 	  
22.35 	 1.9615 	  1.8114 	  
22.45 	 1.9624 	  1.8089 	  
22.55 	 1.9632 	  1.8068 	  
22.65 	 1.9641 	  1.8049 	  
22.75 	 1.9649 	  1.8034 	  
22.85 	 1.9658 	  1.8021 	  
22.95 	 1.9667 	  1.8011 	  
23.05 	 1.9676 	  1.8005 	  
23.15 	 1.9684 	  1.8001 	  
23.25 	 1.9693 	  1.8 	  
23.35 	 1.9702 	  1.8002 	  
23.45 	 1.971 	  1.8008 	  
23.55 	 1.9719 	  1.8016 	  
23.65 	 1.9727 	  1.8027 	  
23.75 	 1.9735 	  1.8041 	  
23.85 	 1.9744 	  1.8058 	  
23.95 	 1.9752 	  1.8078 	  
24.05 	 1.976 	  1.8101 	  
24.15 	 1.9767 	  1.8127 	  
24.25 	 1.9775 	  1.8155 	  
24.35 	 1.9783 	  1.8187 	  
24.45 	 1.979 	  1.8221 	  
24.55 	 1.9797 	  1.8257 	  
24.65 	 1.9804 	  1.8297 	  
24.75 	 1.9811 	  1.8339 	  
24.85 	 1.9818 	  1.8383 	  
24.95 	 1.9824 	  1.843 	  
25.05 	 1.9831 	  1.8479 	  
25.15 	 1.9837 	  1.853 	  
25.25 	 1.9843 	  1.8584 	  
25.35 	 1.9849 	  1.864 	  
25.45 	 1.9855 	  1.8697 	  
25.55 	 1.986 	  1.8757 	  
25.65 	 1.9866 	  1.8819 	  
25.75 	 1.9871 	  1.8882 	  
25.85 	 1.9876 	  1.8947 	  
25.95 	 1.9881 	  1.9014 	  
26.05 	 1.9885 	  1.9082 	  
26.15 	 1.989 	  1.9151 	  
26.25 	 1.9894 	  1.9222 	  
26.35 	 1.9899 	  1.9294 	  
26.45 	 1.9903 	  1.9367 	  
26.55 	 1.9907 	  1.9441 	  
26.65 	 1.9911 	  1.9516 	  
26.75 	 1.9914 	  1.9591 	  
26.85 	 1.9918 	  1.9667 	  
26.95 	 1.9922 	  1.9744 	  
27.05 	 1.9925 	  1.9821 	  
27.15 	 1.9928 	  1.9898 	  
27.25 	 1.9931 	  1.9975 	  
27.35 	 1.9934 	  2.0053 	  
27.45 	 1.9937 	  2.013 	  
27.55 	 1.994 	  2.0207 	  
27.65 	 1.9942 	  2.0284 	  
27.75 	 1.9945 	  2.0361 	  
27.85 	 1.9947 	  2.0437 	  
27.95 	 1.995 	  2.0512 	  
28.05 	 1.9952 	  2.0586 	  
28.15 	 1.9954 	  2.066 	  
28.25 	 1.9956 	  2.0732 	  
28.35 	 1.9958 	  2.0804 	  
28.45 	 1.996 	  2.0874 	  
28.55 	 1.9962 	  2.0943 	  
28.65 	 1.9964 	  2.1011 	  
28.75 	 1.9965 	  2.1077 	  
28.85 	 1.9967 	  2.1141 	  
28.95 	 1.9969 	  2.1204 	  
29.05 	 1.997 	  2.1265 	  
29.15 	 1.9971 	  2.1324 	  
29.25 	 1.9973 	  2.1381 	  
29.35 	 1.9974 	  2.1436 	  
29.45 	 1.9975 	  2.1489 	  
29.55 	 1.9976 	  2.1539 	  
29.65 	 1.9978 	  2.1588 	  
29.75 	 1.9979 	  2.1634 	  
29.85 	 1.998 	  2.1677 	  
29.95 	 1.9981 	  2.1718 	  
30.05 	 1.9982 	  2.1756 	  
30.15 	 1.9983 	  2.1792 	  
30.25 	 1.9983 	  2.1825 	  
30.35 	 1.9984 	  2.1855 	  
30.45 	 1.9985 	  2.1883 	  
30.55 	 1.9986 	  2.1908 	  
30.65 	 1.9986 	  2.1929 	  
30.75 	 1.9987 	  2.1948 	  
30.85 	 1.9988 	  2.1964 	  
30.95 	 1.9988 	  2.1977 	  
31.05 	 1.9989 	  2.1988 	  
31.15 	 1.9989 	  2.1995 	  
31.25 	 1.999 	  2.1999 	  
31.35 	 1.9991 	  2.2 	  
31.45 	 1.9991 	  2.1998 	  
31.55 	 1.9991 	  2.1993 	  
31.65 	 1.9992 	  2.1985 	  
31.75 	 1.9992 	  2.1975 	  
31.85 	 1.9993 	  2.1961 	  
31.95 	 1.9993 	  2.1944 	  
32.05 	 1.9993 	  2.1924 	  
32.15 	 1.9994 	  2.1902 	  
32.25 	 1.9994 	  2.1877 	  
32.35 	 1.9994 	  2.1848 	  
32.45 	 1.9995 	  2.1817 	  
32.55 	 1.9995 	  2.1784 	  
32.65 	 1.9995 	  2.1747 	  
32.75 	 1.9996 	  2.1708 	  
32.85 	 1.9996 	  2.1667 	  
32.95 	 1.9996 	  2.1623 	  
33.05 	 1.9996 	  2.1576 	  
33.15 	 1.9996 	  2.1528 	  
33.25 	 1.9997 	  2.1476 	  
33.35 	 1.9997 	  2.1423 	  
33.45 	 1.9997 	  2.1368 	  
33.55 	 1.9997 	  2.131 	  
33.65 	 1.9997 	  2.1251 	  
33.75 	 1.9997 	  2.1189 	  
33.85 	 1.9998 	  2.1126 	  
33.95 	 1.9998 	  2.1061 	  
34.05 	 1.9998 	  2.0995 	  
34.15 	 1.9998 	  2.0927 	  
34.25 	 1.9998 	  2.0858 	  
34.35 	 1.9998 	  2.0787 	  
34.45 	 1.9998 	  2.0715 	  
34.55 	 1.9998 	  2.0642 	  
34.65 	 1.9998 	  2.0569 	  
34.75 	 1.9999 	  2.0494 	  
34.85 	 1.9999 	  2.0419 	  
34.95 	 1.9999 	  2.0343 	  
35.05 	 1.9999 	  2.0266 	  
35.15 	 1.9999 	  2.0189 	  
35.25 	 1.9999 	  2.0112 	  
35.35 	 1.9999 	  2.0035 	  
35.45 	 1.9999 	  1.9957 	  
35.55 	 1.9999 	  1.988 	  
35.65 	 1.9999 	  1.9802 	  
35.75 	 1.9999 	  1.9726 	  
35.85 	 1.9999 	  1.9649 	  
35.95 	 1.9999 	  1.9573 	  
36.05 	 1.9999 	  1.9498 	  
36.15 	 1.9999 	  1.9423 	  
36.25 	 1.9999 	  1.935 	  
36.35 	 1.9999 	  1.9277 	  
36.45 	 2 	  1.9205 	  
36.55 	 2 	  1.9135 	  
36.65 	 2 	  1.9066 	  
36.75 	 2 	  1.8998 	  
36.85 	 2 	  1.8932 	  
36.95 	 2 	  1.8867 	  
37.05 	 2 	  1.8804 	  
37.15 	 2 	  1.8743 	  
37.25 	 2 	  1.8684 	  
37.35 	 2 	  1.8626 	  
37.45 	 2 	  1.8571 	  
37.55 	 2 	  1.8518 	  
37.65 	 2 	  1.8467 	  
37.75 	 2 	  1.8418 	  
37.85 	 2 	  1.8372 	  
37.95 	 2 	  1.8328 	  
38.05 	 2 	  1.8287 	  
38.15 	 2 	  1.8248 	  
38.25 	 2 	  1.8212 	  
38.35 	 2 	  1.8179 	  
38.45 	 2 	  1.8148 	  
38.55 	 2 	  1.8121 	  
38.65 	 2 	  1.8095 	  
38.75 	 2 	  1.8073 	  
38.85 	 2 	  1.8054 	  
38.95 	 2 	  1.8038 	  
39.05 	 2 	  1.8024 	  
39.15 	 2 	  1.8014 	  
39.25 	 2 	  1.8006 	  
39.35 	 2 	  1.8002 	  
39.45 	 2 	  1.8 	  
39.55 	 2 	  1.8001 	  
39.65 	 2 	  1.8006 	  
39.75 	 2 	  1.8013 	  
39.85 	 2 	  1.8024 	  
39.95 	 2 	  1.8037 	  
40.05 	 2 	  1.8054 	  
40.15 	 2 	  1.8073 	  
40.25 	 2 	  1.8095 	  
40.35 	 2 	  1.812 	  
40.45 	 2 	  1.8148 	  
40.55 	 2 	  1.8178 	  
40.65 	 2 	  1.8212 	  
40.75 	 2 	  1.8248 	  
40.85 	 2 	  1.8286 	  
40.95 	 2 	  1.8328 	  
41.05 	 2 	  1.8371 	  
41.15 	 2 	  1.8417 	  
41.25 	 2 	  1.8466 	  
41.35 	 2 	  1.8517 	  
41.45 	 2 	  1.857 	  
41.55 	 2 	  1.8625 	  
41.65 	 2 	  1.8682 	  
41.75 	 2 	  1.8742 	  
41.85 	 2 	  1.8803 	  
41.95 	 2 	  1.8866 	  
42.05 	 2 	  1.893 	  
42.15 	 2 	  1.8996 	  
42.25 	 2 	  1.9064 	  
42.35 	 2 	  1.9133 	  
42.45 	 2 	  1.9204 	  
42.55 	 2 	  1.9275 	  
42.65 	 2 	  1.9348 	  
42.75 	 2 	  1.9422 	  
42.85 	 2 	  1.9496 	  
42.95 	 2 	  1.9572 	  
43.05 	 2 	  1.9648 	  
43.15 	 2 	  1.9724 	  
43.25 	 2 	  1.9801 	  
43.35 	 2 	  1.9878 	  
43.45 	 2 	  1.9956 	  
43.55 	 2 	  2.0033 	  
43.65 	 2 	  2.011 	  
43.75 	 2 	  2.0188 	  
43.85 	 2 	  2.0265 	  
43.95 	 2 	  2.0341 	  
44.05 	 2 	  2.0417 	  
44.15 	 2 	  2.0493 	  
44.25 	 2 	  2.0567 	  
44.35 	 2 	  2.0641 	  
44.45 	 2 	  2.0714 	  
44.55 	 2 	  2.0786 	  
44.65 	 2 	  2.0856 	  
44.75 	 2 	  2.0926 	  
44.85 	 2 	  2.0994 	  
44.95 	 2 	  2.106 	  
45.05 	 2 	  2.1125 	  
45.15 	 2 	  2.1188 	  
45.25 	 2 	  2.1249 	  
45.35 	 2 	  2.1309 	  
45.45 	 2 	  2.1367 	  
45.55 	 2 	  2.1422 	  
45.65 	 2 	  2.1475 	  
45.75 	 2 	  2.1527 	  
45.85 	 2 	  2.1575 	  
45.95 	 2 	  2.1622 	  
46.05 	 2 	  2.1666 	  
46.15 	 2 	  2.1708 	  
46.25 	 2 	  2.1747 	  
46.35 	 2 	  2.1783 	  
46.45 	 2 	  2.1817 	  
46.55 	 2 	  2.1848 	  
46.65 	 2 	  2.1876 	  
46.75 	 2 	  2.1901 	  
46.85 	 2 	  2.1924 	  
46.95 	 2 	  2.1944 	  
47.05 	 2 	  2.1961 	  
47.15 	 2 	  2.1974 	  
47.25 	 2 	  2.1985 	  
47.35 	 2 	  2.1993 	  
47.45 	 2 	  2.1998 	  
47.55 	 2 	  2.2 	  
47.65 	 2 	  2.1999 	  
47.75 	 2 	  2.1995 	  
47.85 	 2 	  2.1988 	  
47.95 	 2 	  2.1978 	  
48.05 	 2 	  2.1965 	  
48.15 	 2 	  2.1949 	  
48.25 	 2 	  2.193 	  
48.35 	 2 	  2.1908 	  
48.45 	 2 	  2.1883 	  
48.55 	 2 	  2.1856 	  
48.65 	 2 	  2.1826 	  
48.75 	 2 	  2.1793 	  
48.85 	 2 	  2.1757 	  
48.95 	 2 	  2.1719 	  
49.05 	 2 	  2.1678 	  
49.15 	 2 	  2.1634 	  
49.25 	 2 	  2.1589 	  
49.35 	 2 	  2.154 	  
49.45 	 2 	  2.149 	  
49.55 	 2 	  2.1437 	  
49.65 	 2 	  2.1382 	  
49.75 	 2 	  2.1325 	  
49.85 	 2 	  2.1266 	  
49.95 	 2 	  2.1205 	  
50.05 	 2 	  2.1143 	  
50.15 	 2 	  2.1078 	  
50.25 	 2 	  2.1012 	  
50.35 	 2 	  2.0945 	  
50.45 	 2 	  2.0876 	  
50.55 	 2 	  2.0805 	  
50.65 	 2 	  2.0734 	  
50.75 	 2 	  2.0661 	  
50.85 	 2 	  2.0588 	  
50.95 	 2 	  2.0513 	  
51.05 	 2 	  2.0438 	  
51.15 	 2 	  2.0362 	  
51.25 	 2 	  2.0286 	  
51.35 	 2 	  2.0209 	  
51.45 	 2 	  2.0132 	  
51.55 	 2 	  2.0054 	  
51.65 	 2 	  1.9977 	  
51.75 	 2 	  1.99 	  
51.85 	 2 	  1.9822 	  
51.95 	 2 	  1.9745 	  
52.05 	 2 	  1.9669 	  
52.15 	 2 	  1.9593 	  
52.25 	 2 	  1.9517 	  
52.35 	 2 	  1.9442 	  
52.45 	 2 	  1.9368 	  
52.55 	 2 	  1.9295 	  
52.65 	 2 	  1.9223 	  
52.75 	 2 	  1.9153 	  
52.85 	 2 	  1.9083 	  
52.95 	 2 	  1.9015 	  
53.05 	 2 	  1.8948 	  
53.15 	 2 	  1.8883 	  
53.25 	 2 	  1.882 	  
53.35 	 2 	  1.8758 	  
53.45 	 2 	  1.8699 	  
53.55 	 2 	  1.8641 	  
53.65 	 2 	  1.8585 	  
53.75 	 2 	  1.8531 	  
53.85 	 2 	  1.848 	  
53.95 	 2 	  1.8431 	  
54.05 	 2 	  1.8384 	  
54.15 	 2 	  1.8339 	  
54.25 	 2 	  1.8298 	  
54.35 	 2 	  1.8258 	  
54.45 	 2 	  1.8221 	  
54.55 	 2 	  1.8187 	  
54.65 	 2 	  1.8156 	  
54.75 	 2 	  1.8127 	  
54.85 	 2 	  1.8102 	  
54.95 	 2 	  1.8079 	  
55.05 	 2 	  1.8059 	  
55.15 	 2 	  1.8041 	  
55.25 	 2 	  1.8027 	  
55.35 	 2 	  1.8016 	  
55.45 	 2 	  1.8008 	  
55.55 	 2 	  1.8002 	  
55.65 	 2 	  1.8 	  
55.75 	 2 	  1.8001 	  
55.85 	 2 	  1.8005 	  
55.95 	 2 	  1.8011 	  
56.05 	 2 	  1.8021 	  
56.15 	 2 	  1.8033 	  
56.25 	 2 	  1.8049 	  
56.35 	 2 	  1.8068 	  
56.45 	 2 	  1.8089 	  
56.55 	 2 	  1.8113 	  
56.65 	 2 	  1.814 	  
56.75 	 2 	  1.817 	  
56.85 	 2 	  1.8203 	  
56.95 	 2 	  1.8238 	  
57.05 	 2 	  1.8276 	  
57.15 	 2 	  1.8317 	  
57.25 	 2 	  1.836 	  
57.35 	 2 	  1.8405 	  
57.45 	 2 	  1.8453 	  
57.55 	 2 	  1.8504 	  
57.65 	 2 	  1.8556 	  
57.75 	 2 	  1.8611 	  
57.85 	 2 	  1.8667 	  
57.95 	 2 	  1.8726 	  
58.05 	 2 	  1.8787 	  
58.15 	 2 	  1.8849 	  
58.25 	 2 	  1.8913 	  
58.35 	 2 	  1.8979 	  
58.45 	 2 	  1.9047 	  
58.55 	 2 	  1.9115 	  
58.65 	 2 	  1.9186 	  
58.75 	 2 	  1.9257 	  
58.85 	 2 	  1.9329 	  
58.95 	 2 	  1.9403 	  
59.05 	 2 	  1.9477 	  
59.15 	 2 	  1.9552 	  
59.25 	 2 	  1.9628 	  
59.35 	 2 	  1.9704 	  
59.45 	 2 	  1.9781 	  
59.55 	 2 	  1.9858 	  
59.65 	 2 	  1.9936 	  
59.75 	 2 	  2.0013 	  
59.85 	 2 	  2.009 	  
59.95 	 2 	  2.0168 	  
60.05 	 2 	  2.0245 	  
60.15 	 2 	  2.0321 	  
60.25 	 2 	  2.0398 	  
60.35 	 2 	  2.0473 	  
60.45 	 2 	  2.0548 	  
60.55 	 2 	  2.0622 	  
60.65 	 2 	  2.0695 	  
60.75 	 2 	  2.0767 	  
60.85 	 2 	  2.0838 	  
60.95 	 2 	  2.0908 	  
61.05 	 2 	  2.0976 	  
61.15 	 2 	  2.1043 	  
61.25 	 2 	  2.1108 	  
61.35 	 2 	  2.1172 	  
61.45 	 2 	  2.1234 	  
61.55 	 2 	  2.1294 	  
61.65 	 2 	  2.1352 	  
61.75 	 2 	  2.1408 	  
61.85 	 2 	  2.1462 	  
61.95 	 2 	  2.1514 	  
62.05 	 2 	  2.1563 	  
62.15 	 2 	  2.161 	  
62.25 	 2.0001 	  2.1655 	  
62.35 	 2.0001 	  2.1697 	  
62.45 	 2.0001 	  2.1737 	  
62.55 	 2 	  2.1774 	  
62.65 	 2 	  2.1808 	  
62.75 	 2 	  2.184 	  
62.85 	 2 	  2.1869 	  
62.95 	 2 	  2.1895 	  
63.05 	 2 	  2.1919 	  
63.15 	 2 	  2.1939 	  
63.25 	 2 	  2.1957 	  
63.35 	 2 	  2.1971 	  
63.45 	 2 	  2.1983 	  
63.55 	 2 	  2.1991 	  
63.65 	 2 	  2.1997 	  
63.75 	 2 	  2.2 	  
63.85 	 2 	  2.1999 	  
63.95 	 2 	  2.1996 	  
64.05 	 2 	  2.199 	  
64.15 	 2 	  2.1981 	  
64.25 	 2 	  2.1968 	  
64.35 	 2 	  2.1953 	  
64.45 	 2 	  2.1935 	  
64.55 	 2 	  2.1914 	  
64.65 	 2 	  2.189 	  
64.75 	 2 	  2.1863 	  
64.85 	 2 	  2.1834 	  
64.95 	 2 	  2.1801 	  
65.05 	 2 	  2.1766 	  
65.15 	 2 	  2.1729 	  
65.25 	 2 	  2.1689 	  
65.35 	 2 	  2.1646 	  
65.45 	 2 	  2.1601 	  
65.55 	 2 	  2.1553 	  
65.65 	 2 	  2.1503 	  
65.75 	 2 	  2.1451 	  
65.85 	 2 	  2.1396 	  
65.95 	 2 	  2.134 	  
66.05 	 2 	  2.1281 	  
66.15 	 2 	  2.1221 	  
66.25 	 2 	  2.1159 	  
66.35 	 2 	  2.1095 	  
66.45 	 2 	  2.1029 	  
66.55 	 2 	  2.0962 	  
66.65 	 2 	  2.0893 	  
66.75 	 2 	  2.0824 	  
66.85 	 2 	  2.0752 	  
66.95 	 2 	  2.068 	  
67.05 	 2 	  2.0607 	  
67.15 	 2 	  2.0533 	  
67.25 	 2 	  2.0457 	  
67.35 	 2 	  2.0382 	  
67.45 	 2 	  2.0305 	  
67.55 	 2 	  2.0229 	  
67.65 	 2 	  2.0152 	  
67.75 	 2 	  2.0074 	  
67.85 	 2 	  1.9997 	  
67.95 	 2 	  1.9919 	  
68.05 	 2 	  1.9842 	  
68.15 	 2 	  1.9765 	  
68.25 	 2 	  1.9688 	  
68.35 	 2 	  1.9612 	  
68.45 	 2 	  1.9536 	  
68.55 	 2 	  1.9461 	  
68.65 	 2 	  1.9387 	  
68.75 	 2 	  1.9314 	  
68.85 	 2 	  1.9242 	  
68.95 	 2 	  1.9171 	  
69.05 	 2 	  1.9101 	  
69.15 	 2 	  1.9032 	  
69.25 	 2 	  1.8965 	  
69.35 	 2 	  1.89 	  
69.45 	 2 	  1.8836 	  
69.55 	 2 	  1.8774 	  
69.65 	 2 	  1.8714 	  
69.75 	 2 	  1.8655 	  
69.85 	 2 	  1.8599 	  
69.95 	 2 	  1.8545 	  
70.05 	 2 	  1.8493 	  
70.15 	 2 	  1.8443 	  
70.25 	 2 	  1.8396 	  
70.35 	 2 	  1.8351 	  
70.45 	 2 	  1.8308 	  
70.55 	 2 	  1.8268 	  
70.65 	 2 	  1.8231 	  
70.75 	 2 	  1.8196 	  
70.85 	 2 	  1.8164 	  
70.95 	 2 	  1.8134 	  
71.05 	 2 	  1.8108 	  
71.15 	 2 	  1.8084 	  
71.25 	 2 	  1.8063 	  
71.35 	 2 	  1.8046 	  
71.45 	 2 	  1.8031 	  
71.55 	 2 	  1.8019 	  
71.65 	 2 	  1.801 	  
71.75 	 2 	  1.8003 	  
71.85 	 2 	  1.8 	  
71.95 	 2 	  1.8 	  
72.05 	 2 	  1.8003 	  
72.15 	 2 	  1.8009 	  
72.25 	 2 	  1.8018 	  
72.35 	 2 	  1.803 	  
72.45 	 2 	  1.8045 	  
72.55 	 2 	  1.8063 	  
72.65 	 2 	  1.8083 	  
72.75 	 2 	  1.8107 	  
72.85 	 2 	  1.8133 	  
72.95 	 2 	  1.8162 	  
73.05 	 2 	  1.8194 	  
73.15 	 2 	  1.8229 	  
73.25 	 2 	  1.8266 	  
73.35 	 2 	  1.8306 	  
73.45 	 2 	  1.8349 	  
73.55 	 2 	  1.8393 	  
73.65 	 2 	  1.8441 	  
73.75 	 2 	  1.849 	  
73.85 	 2 	  1.8542 	  
73.95 	 2 	  1.8596 	  
74.05 	 2 	  1.8653 	  
74.15 	 2 	  1.8711 	  
74.25 	 2 	  1.8771 	  
74.35 	 2 	  1.8833 	  
74.45 	 2 	  1.8897 	  
74.55 	 2 	  1.8962 	  
74.65 	 2 	  1.9029 	  
74.75 	 2 	  1.9098 	  
74.85 	 2 	  1.9167 	  
74.95 	 2 	  1.9238 	  
75.05 	 2 	  1.9311 	  
75.15 	 2 	  1.9384 	  
75.25 	 2 	  1.9458 	  
75.35 	 2 	  1.9533 	  
75.45 	 2 	  1.9608 	  
75.55 	 2 	  1.9685 	  
75.65 	 2 	  1.9761 	  
75.75 	 2 	  1.9838 	  
75.85 	 2 	  1.9916 	  
75.95 	 2 	  1.9993 	  
76.05 	 2 	  2.0071 	  
76.15 	 2 	  2.0148 	  
76.25 	 2 	  2.0225 	  
76.35 	 2 	  2.0302 	  
76.45 	 2 	  2.0378 	  
76.55 	 2 	  2.0454 	  
76.65 	 2 	  2.0529 	  
76.75 	 2 	  2.0603 	  
76.85 	 2 	  2.0677 	  
76.95 	 2 	  2.0749 	  
77.05 	 2 	  2.082 	  
77.15 	 2 	  2.089 	  
77.25 	 2 	  2.0959 	  
77.35 	 2 	  2.1026 	  
77.45 	 2 	  2.1092 	  
77.55 	 2 	  2.1156 	  
77.65 	 2 	  2.1218 	  
77.75 	 2 	  2.1279 	  
77.85 	 2 	  2.1337 	  
77.95 	 2 	  2.1394 	  
78.05 	 2 	  2.1448 	  
78.15 	 2 	  2.1501 	  
78.25 	 2 	  2.1551 	  
78.35 	 2 	  2.1598 	  
78.45 	 2 	  2.1644 	  
78.55 	 2 	  2.1687 	  
78.65 	 2 	  2.1727 	  
78.75 	 2 	  2.1765 	  
78.85 	 2 	  2.18 	  
78.95 	 2 	  2.1832 	  
79.05 	 2 	  2.1862 	  
79.15 	 2 	  2.1889 	  
79.25 	 2 	  2.1913 	  
79.35 	 2 	  2.1934 	  
79.45 	 2 	  2.1952 	  
79.55 	 2 	  2.1968 	  
79.65 	 2 	  2.198 	  
79.75 	 2 	  2.1989 	  
79.85 	 2 	  2.1996 	  
79.95 	 2 	  2.1999 	  
80.05 	 2 	  2.2 	  
80.15 	 2 	  2.1997 	  
80.25 	 2 	  2.1992 	  
80.35 	 2 	  2.1983 	  
80.45 	 2 	  2.1972 	  
80.55 	 2 	  2.1957 	  
80.65 	 2 	  2.194 	  
80.75 	 2 	  2.192 	  
80.85 	 2 	  2.1896 	  
80.95 	 2 	  2.187 	  
81.05 	 2 	  2.1842 	  
81.15 	 2 	  2.181 	  
81.25 	 2 	  2.1776 	  
81.35 	 2 	  2.1739 	  
81.45 	 2 	  2.1699 	  
81.55 	 2 	  2.1657 	  
81.65 	 2 	  2.1612 	  
81.75 	 2 	  2.1565 	  
81.85 	 2 	  2.1516 	  
81.95 	 2 	  2.1464 	  
82.05 	 2 	  2.1411 	  
82.15 	 2 	  2.1355 	  
82.25 	 2 	  2.1297 	  
82.35 	 2 	  2.1237 	  
82.45 	 2 	  2.1175 	  
82.55 	 2 	  2.1111 	  
82.65 	 2 	  2.1046 	  
82.75 	 2 	  2.098 	  
82.85 	 2 	  2.0911 	  
82.95 	 2 	  2.0842 	  
83.05 	 2 	  2.0771 	  
83.15 	 2 	  2.0699 	  
83.25 	 2 	  2.0626 	  
83.35 	 2 	  2.0552 	  
83.45 	 2 	  2.0477 	  
83.55 	 2 	  2.0401 	  
83.65 	 2 	  2.0325 	  
83.75 	 2 	  2.0248 	  
83.85 	 2 	  2.0171 	  
83.95 	 2 	  2.0094 	  
84.05 	 2 	  2.0017 	  
84.15 	 2 	  1.9939 	  
84.25 	 2 	  1.9862 	  
84.35 	 2 	  1.9785 	  
84.45 	 2 	  1.9708 	  
84.55 	 2 	  1.9632 	  
84.65 	 2 	  1.9556 	  
84.75 	 2 	  1.9481 	  
84.85 	 2 	  1.9406 	  
84.95 	 2 	  1.9333 	  
85.05 	 2 	  1.926 	  
85.15 	 2 	  1.9189 	  
85.25 	 2 	  1.9119 	  
85.35 	 2 	  1.905 	  
85.45 	 2 	  1.8982 	  
85.55 	 2 	  1.8917 	  
85.65 	 2 	  1.8852 	  
85.75 	 2 	  1.879 	  
85.85 	 2 	  1.8729 	  
85.95 	 2 	  1.867 	  
86.05 	 2 	  1.8613 	  
86.15 	 2 	  1.8559 	  
86.25 	 2 	  1.8506 	  
86.35 	 2 	  1.8456 	  
86.45 	 2 	  1.8408 	  
86.55 	 2 	  1.8362 	  
86.65 	 2 	  1.8319 	  
86.75 	 2 	  1.8278 	  
86.85 	 2 	  1.824 	  
86.95 	 2 	  1.8205 	  
87.05 	 2 	  1.8172 	  
87.15 	 2 	  1.8142 	  
87.25 	 2 	  1.8115 	  
87.35 	 2 	  1.809 	  
87.45 	 2 	  1.8069 	  
87.55 	 2 	  1.805 	  
87.65 	 2 	  1.8034 	  
87.75 	 2 	  1.8021 	  
87.85 	 2 	  1.8012 	  
87.95 	 2 	  1.8005 	  
88.05 	 2 	  1.8001 	  
88.15 	 2 	  1.8 	  
88.25 	 2 	  1.8002 	  
88.35 	 2 	  1.8007 	  
88.45 	 2 	  1.8016 	  
88.55 	 2 	  1.8027 	  
88.65 	 2 	  1.8041 	  
88.75 	 2 	  1.8058 	  
88.85 	 2 	  1.8078 	  
88.95 	 2 	  1.81 	  
89.05 	 2 	  1.8126 	  
89.15 	 2 	  1.8155 	  
89.25 	 2 	  1.8186 	  
89.35 	 2 	  1.822 	  
89.45 	 2 	  1.8256 	  
89.55 	 2 	  1.8296 	  
89.65 	 2 	  1.8337 	  
89.75 	 2 	  1.8382 	  
89.85 	 2 	  1.8428 	  
89.95 	 2 	  1.8477 	  
90.05 	 2 	  1.8529 	  
90.15 	 2 	  1.8582 	  
90.25 	 2 	  1.8638 	  
90.35 	 2 	  1.8696 	  
90.45 	 2 	  1.8755 	  
90.55 	 2 	  1.8817 	  
90.65 	 2 	  1.888 	  
90.75 	 2 	  1.8945 	  
90.85 	 2 	  1.9012 	  
90.95 	 2 	  1.908 	  
91.05 	 2 	  1.9149 	  
91.15 	 2 	  1.922 	  
91.25 	 2 	  1.9292 	  
91.35 	 2 	  1.9365 	  
91.45 	 2 	  1.9439 	  
91.55 	 2 	  1.9513 	  
91.65 	 2 	  1.9589 	  
91.75 	 2 	  1.9665 	  
91.85 	 2 	  1.9742 	  
91.95 	 2 	  1.9819 	  
92.05 	 2 	  1.9896 	  
92.15 	 2 	  1.9973 	  
92.25 	 2 	  2.0051 	  
92.35 	 2 	  2.0128 	  
92.45 	 2 	  2.0205 	  
92.55 	 2 	  2.0282 	  
92.65 	 2 	  2.0359 	  
92.75 	 2 	  2.0434 	  
92.85 	 2 	  2.051 	  
92.95 	 2 	  2.0584 	  
93.05 	 2 	  2.0658 	  
93.15 	 2 	  2.073 	  
93.25 	 2 	  2.0802 	  
93.35 	 2 	  2.0872 	  
93.45 	 2 	  2.0941 	  
93.55 	 2 	  2.1009 	  
93.65 	 2 	  2.1075 	  
93.75 	 2 	  2.114 	  
93.85 	 2 	  2.1202 	  
93.95 	 2 	  2.1263 	  
94.05 	 2 	  2.1322 	  
94.15 	 2 	  2.1379 	  
94.25 	 2 	  2.1434 	  
94.35 	 2 	  2.1487 	  
94.45 	 2 	  2.1538 	  
94.55 	 2 	  2.1586 	  
94.65 	 2 	  2.1632 	  
94.75 	 2 	  2.1676 	  
94.85 	 2 	  2.1717 	  
94.95 	 2 	  2.1755 	  
95.05 	 2 	  2.1791 	  
95.15 	 2 	  2.1824 	  
95.25 	 2 	  2.1855 	  
95.35 	 2 	  2.1882 	  
95.45 	 2 	  2.1907 	  
95.55 	 2 	  2.1929 	  
95.65 	 2 	  2.1948 	  
95.75 	 2 	  2.1964 	  
95.85 	 2 	  2.1977 	  
95.95 	 2 	  2.1987 	  
96.05 	 2 	  2.1995 	  
96.15 	 2 	  2.1999 	  
96.25 	 2 	  2.2 	  
96.35 	 2 	  2.1998 	  
96.45 	 2 	  2.1993 	  
96.55 	 2 	  2.1986 	  
96.65 	 2 	  2.1975 	  
96.75 	 2 	  2.1961 	  
96.85 	 2 	  2.1945 	  
96.95 	 2 	  2.1925 	  
97.05 	 2 	  2.1903 	  
97.15 	 2 	  2.1877 	  
97.25 	 2 	  2.1849 	  
97.35 	 2 	  2.1818 	  
97.45 	 1.9999 	  2.1785 	  
97.55 	 1.9999 	  2.1749 	  
97.65 	 1.9999 	  2.171 	  
97.75 	 1.9999 	  2.1668 	  
97.85 	 1.9999 	  2.1624 	  
97.95 	 1.9999 	  2.1578 	  
98.05 	 1.9999 	  2.1529 	  
98.15 	 1.9999 	  2.1478 	  
98.25 	 1.9999 	  2.1425 	  
98.35 	 1.9999 	  2.1369 	  
98.45 	 1.9999 	  2.1312 	  
98.55 	 1.9999 	  2.1252 	  
98.65 	 1.9999 	  2.1191 	  
98.75 	 1.9999 	  2.1128 	  
98.85 	 1.9999 	  2.1063 	  
98.95 	 1.9999 	  2.0997 	  
99.05 	 1.9999 	  2.0929 	  
99.15 	 1.9999 	  2.086 	  
99.25 	 1.9999 	  2.0789 	  
99.35 	 1.9999 	  2.0717 	  
99.45 	 1.9999 	  2.0645 	  
99.55 	 1.9999 	  2.0571 	  
99.65 	 1.9999 	  2.0496 	  
99.75 	 1.9999 	  2.0421 	  
99.85 	 1.9999 	  2.0345 	  
99.95 	 1.9999 	  2.0268 	  
100.05 	 1.9999 	  2.0191 	  
100.15 	 1.9999 	  2.0114 	  
100.25 	 1.9999 	  2.0037 	  
100.35 	 1.9999 	  1.9959 	  
100.45 	 1.9999 	  1.9882 	  
100.55 	 1.9999 	  1.9805 	  
100.65 	 1.9999 	  1.9728 	  
100.75 	 1.9999 	  1.9651 	  
100.85 	 1.9999 	  1.9575 	  
100.95 	 1.9999 	  1.95 	  
101.05 	 1.9999 	  1.9425 	  
101.15 	 1.9999 	  1.9352 	  
101.25 	 1.9999 	  1.9279 	  
101.35 	 1.9999 	  1.9207 	  
101.45 	 1.9999 	  1.9137 	  
101.55 	 1.9999 	  1.9067 	  
101.65 	 1.9999 	  1.9 	  
101.75 	 1.9999 	  1.8933 	  
101.85 	 1.9999 	  1.8869 	  
101.95 	 1.9999 	  1.8806 	  
102.05 	 1.9999 	  1.8744 	  
102.15 	 1.9999 	  1.8685 	  
102.25 	 1.9999 	  1.8628 	  
102.35 	 1.9999 	  1.8572 	  
102.45 	 1.9999 	  1.8519 	  
102.55 	 1.9999 	  1.8468 	  
102.65 	 1.9999 	  1.842 	  
102.75 	 1.9999 	  1.8373 	  
102.85 	 1.9999 	  1.833 	  
102.95 	 1.9999 	  1.8288 	  
103.05 	 1.9999 	  1.825 	  
103.15 	 1.9999 	  1.8213 	  
103.25 	 1.9999 	  1.818 	  
103.35 	 1.9999 	  1.8149 	  
103.45 	 1.9999 	  1.8121 	  
103.55 	 1.9999 	  1.8096 	  
103.65 	 1.9999 	  1.8074 	  
103.75 	 1.9999 	  1.8054 	  
103.85 	 1.9999 	  1.8038 	  
103.95 	 1.9999 	  1.8024 	  
104.05 	 1.9998 	  1.8014 	  
104.15 	 1.9998 	  1.8006 	  
104.25 	 1.9998 	  1.8002 	  
104.35 	 1.9998 	  1.8 	  
104.45 	 1.9998 	  1.8001 	  
104.55 	 1.9998 	  1.8006 	  
104.65 	 1.9998 	  1.8013 	  
104.75 	 1.9998 	  1.8023 	  
104.85 	 1.9998 	  1.8037 	  
104.95 	 1.9998 	  1.8053 	  
105.05 	 1.9998 	  1.8072 	  
105.15 	 1.9998 	  1.8094 	  
105.25 	 1.9998 	  1.8119 	  
105.35 	 1.9998 	  1.8147 	  
105.45 	 1.9998 	  1.8177 	  
105.55 	 1.9998 	  1.8211 	  
105.65 	 1.9998 	  1.8247 	  
105.75 	 1.9998 	  1.8285 	  
105.85 	 1.9998 	  1.8326 	  
105.95 	 1.9998 	  1.837 	  
106.05 	 1.9998 	  1.8416 	  
106.15 	 1.9998 	  1.8465 	  
106.25 	 1.9998 	  1.8515 	  
106.35 	 1.9998 	  1.8568 	  
106.45 	 1.9998 	  1.8623 	  
106.55 	 1.9998 	  1.8681 	  
106.65 	 1.9998 	  1.874 	  
106.75 	 1.9998 	  1.8801 	  
106.85 	 1.9998 	  1.8864 	  
106.95 	 1.9998 	  1.8928 	  
107.05 	 1.9998 	  1.8995 	  
107.15 	 1.9998 	  1.9062 	  
107.25 	 1.9998 	  1.9131 	  
107.35 	 1.9998 	  1.9202 	  
107.45 	 1.9998 	  1.9273 	  
107.55 	 1.9998 	  1.9346 	  
107.65 	 1.9999 	  1.942 	  
107.75 	 1.9999 	  1.9494 	  
107.85 	 1.9999 	  1.957 	  
107.95 	 1.9999 	  1.9645 	  
108.05 	 1.9999 	  1.9722 	  
108.15 	 1.9999 	  1.9799 	  
108.25 	 1.9999 	  1.9876 	  
108.35 	 1.9999 	  1.9953 	  
108.45 	 2 	  2.0031 	  
108.55 	 2 	  2.0108 	  
108.65 	 2 	  2.0185 	  
108.75 	 2 	  2.0262 	  
108.85 	 2 	  2.0339 	  
108.95 	 2 	  2.0415 	  
