simtime:  8.1873
number of wsf-lines:  1

line_No     y_coord
1	 1.5
2	  Wave Theory 


X 1	 P 1 	 	 	 	 W 1

0.05 	 1.9518 	  1.9457 	  
0.15 	 1.9593 	  1.9532 	  
0.25 	 1.9668 	  1.9608 	  
0.35 	 1.9743 	  1.9684 	  
0.45 	 1.9819 	  1.9761 	  
0.55 	 1.9895 	  1.9838 	  
0.65 	 1.9971 	  1.9915 	  
0.75 	 2.0048 	  1.9993 	  
0.85 	 2.0124 	  2.007 	  
0.95 	 2.02 	  2.0147 	  
1.05 	 2.0276 	  2.0224 	  
1.15 	 2.0352 	  2.0301 	  
1.25 	 2.0427 	  2.0377 	  
1.35 	 2.0501 	  2.0453 	  
1.45 	 2.0575 	  2.0528 	  
1.55 	 2.0647 	  2.0603 	  
1.65 	 2.0719 	  2.0676 	  
1.75 	 2.079 	  2.0748 	  
1.85 	 2.086 	  2.082 	  
1.95 	 2.0928 	  2.089 	  
2.05 	 2.0995 	  2.0958 	  
2.15 	 2.1061 	  2.1026 	  
2.25 	 2.1125 	  2.1091 	  
2.35 	 2.1187 	  2.1155 	  
2.45 	 2.1248 	  2.1218 	  
2.55 	 2.1307 	  2.1278 	  
2.65 	 2.1364 	  2.1337 	  
2.75 	 2.1419 	  2.1393 	  
2.85 	 2.1472 	  2.1448 	  
2.95 	 2.1522 	  2.15 	  
3.05 	 2.1571 	  2.155 	  
3.15 	 2.1617 	  2.1598 	  
3.25 	 2.1661 	  2.1643 	  
3.35 	 2.1702 	  2.1686 	  
3.45 	 2.1741 	  2.1727 	  
3.55 	 2.1778 	  2.1764 	  
3.65 	 2.1811 	  2.18 	  
3.75 	 2.1843 	  2.1832 	  
3.85 	 2.1871 	  2.1862 	  
3.95 	 2.1897 	  2.1889 	  
4.05 	 2.192 	  2.1913 	  
4.15 	 2.194 	  2.1934 	  
4.25 	 2.1958 	  2.1952 	  
4.35 	 2.1972 	  2.1968 	  
4.45 	 2.1984 	  2.198 	  
4.55 	 2.1992 	  2.1989 	  
4.65 	 2.1998 	  2.1996 	  
4.75 	 2.2001 	  2.1999 	  
4.85 	 2.2001 	  2.2 	  
4.95 	 2.1998 	  2.1997 	  
5.05 	 2.1993 	  2.1992 	  
5.15 	 2.1984 	  2.1983 	  
5.25 	 2.1972 	  2.1972 	  
5.35 	 2.1958 	  2.1957 	  
5.45 	 2.1941 	  2.194 	  
5.55 	 2.192 	  2.192 	  
5.65 	 2.1897 	  2.1897 	  
5.75 	 2.1871 	  2.1871 	  
5.85 	 2.1842 	  2.1842 	  
5.95 	 2.1811 	  2.181 	  
6.05 	 2.1776 	  2.1776 	  
6.15 	 2.174 	  2.1739 	  
6.25 	 2.17 	  2.17 	  
6.35 	 2.1658 	  2.1657 	  
6.45 	 2.1613 	  2.1613 	  
6.55 	 2.1565 	  2.1566 	  
6.65 	 2.1516 	  2.1517 	  
6.75 	 2.1463 	  2.1465 	  
6.85 	 2.1409 	  2.1411 	  
6.95 	 2.1352 	  2.1355 	  
7.05 	 2.1293 	  2.1297 	  
7.15 	 2.1232 	  2.1237 	  
7.25 	 2.1169 	  2.1176 	  
7.35 	 2.1103 	  2.1112 	  
7.45 	 2.1036 	  2.1047 	  
7.55 	 2.0967 	  2.098 	  
7.65 	 2.0896 	  2.0912 	  
7.75 	 2.0823 	  2.0842 	  
7.85 	 2.0749 	  2.0771 	  
7.95 	 2.0674 	  2.0699 	  
8.05 	 2.0597 	  2.0626 	  
8.15 	 2.0519 	  2.0552 	  
8.25 	 2.044 	  2.0477 	  
8.35 	 2.0361 	  2.0402 	  
8.45 	 2.028 	  2.0326 	  
8.55 	 2.0199 	  2.0249 	  
8.65 	 2.0118 	  2.0172 	  
8.75 	 2.0036 	  2.0095 	  
8.85 	 1.9954 	  2.0017 	  
8.95 	 1.9872 	  1.994 	  
9.05 	 1.979 	  1.9863 	  
9.15 	 1.9709 	  1.9786 	  
9.25 	 1.9628 	  1.9709 	  
9.35 	 1.9547 	  1.9632 	  
9.45 	 1.9468 	  1.9556 	  
9.55 	 1.939 	  1.9481 	  
9.65 	 1.9312 	  1.9407 	  
9.75 	 1.9236 	  1.9333 	  
9.85 	 1.9162 	  1.9261 	  
9.95 	 1.9088 	  1.919 	  
10.05 	 1.9017 	  1.9119 	  
10.15 	 1.8947 	  1.905 	  
10.25 	 1.8878 	  1.8983 	  
10.35 	 1.8812 	  1.8917 	  
10.45 	 1.8748 	  1.8853 	  
10.55 	 1.8686 	  1.879 	  
10.65 	 1.8626 	  1.873 	  
10.75 	 1.8569 	  1.8671 	  
10.85 	 1.8515 	  1.8614 	  
10.95 	 1.8463 	  1.8559 	  
11.05 	 1.8414 	  1.8506 	  
11.15 	 1.8367 	  1.8456 	  
11.25 	 1.8324 	  1.8408 	  
11.35 	 1.8283 	  1.8362 	  
11.45 	 1.8246 	  1.8319 	  
11.55 	 1.8211 	  1.8278 	  
11.65 	 1.818 	  1.824 	  
11.75 	 1.8153 	  1.8205 	  
11.85 	 1.8128 	  1.8172 	  
11.95 	 1.8108 	  1.8142 	  
12.05 	 1.809 	  1.8115 	  
12.15 	 1.8076 	  1.809 	  
12.25 	 1.8065 	  1.8069 	  
12.35 	 1.8058 	  1.805 	  
12.45 	 1.8055 	  1.8034 	  
12.55 	 1.8055 	  1.8021 	  
12.65 	 1.8058 	  1.8012 	  
12.75 	 1.8064 	  1.8005 	  
12.85 	 1.8074 	  1.8001 	  
12.95 	 1.8086 	  1.8 	  
13.05 	 1.8102 	  1.8002 	  
13.15 	 1.8121 	  1.8007 	  
13.25 	 1.8143 	  1.8015 	  
13.35 	 1.8167 	  1.8027 	  
13.45 	 1.8194 	  1.8041 	  
13.55 	 1.8224 	  1.8058 	  
13.65 	 1.8256 	  1.8077 	  
13.75 	 1.8291 	  1.81 	  
13.85 	 1.8327 	  1.8126 	  
13.95 	 1.8366 	  1.8154 	  
14.05 	 1.8407 	  1.8186 	  
14.15 	 1.8449 	  1.8219 	  
14.25 	 1.8493 	  1.8256 	  
14.35 	 1.8538 	  1.8295 	  
14.45 	 1.8585 	  1.8337 	  
14.55 	 1.8633 	  1.8381 	  
14.65 	 1.8682 	  1.8428 	  
14.75 	 1.8732 	  1.8477 	  
14.85 	 1.8783 	  1.8528 	  
14.95 	 1.8834 	  1.8582 	  
15.05 	 1.8887 	  1.8638 	  
15.15 	 1.894 	  1.8695 	  
15.25 	 1.8994 	  1.8755 	  
15.35 	 1.9048 	  1.8816 	  
15.45 	 1.9103 	  1.888 	  
15.55 	 1.9157 	  1.8945 	  
15.65 	 1.9212 	  1.9011 	  
15.75 	 1.9266 	  1.9079 	  
15.85 	 1.9321 	  1.9149 	  
15.95 	 1.9376 	  1.9219 	  
16.05 	 1.943 	  1.9291 	  
16.15 	 1.9485 	  1.9364 	  
16.25 	 1.9539 	  1.9438 	  
16.35 	 1.9594 	  1.9513 	  
16.45 	 1.9648 	  1.9588 	  
16.55 	 1.9702 	  1.9664 	  
16.65 	 1.9755 	  1.9741 	  
16.75 	 1.9807 	  1.9818 	  
16.85 	 1.9858 	  1.9895 	  
16.95 	 1.9909 	  1.9973 	  
17.05 	 1.9959 	  2.005 	  
17.15 	 2.0007 	  2.0127 	  
17.25 	 2.0054 	  2.0205 	  
17.35 	 2.01 	  2.0281 	  
17.45 	 2.0144 	  2.0358 	  
17.55 	 2.0187 	  2.0434 	  
17.65 	 2.0231 	  2.0509 	  
17.75 	 2.0274 	  2.0584 	  
17.85 	 2.0317 	  2.0657 	  
17.95 	 2.0361 	  2.073 	  
18.05 	 2.0406 	  2.0801 	  
18.15 	 2.0452 	  2.0872 	  
18.25 	 2.0501 	  2.0941 	  
18.35 	 2.0552 	  2.1008 	  
18.45 	 2.0607 	  2.1074 	  
18.55 	 2.0665 	  2.1139 	  
18.65 	 2.0726 	  2.1202 	  
18.75 	 2.0791 	  2.1263 	  
18.85 	 2.086 	  2.1322 	  
18.95 	 2.0932 	  2.1379 	  
19.05 	 2.1008 	  2.1434 	  
19.15 	 2.1087 	  2.1487 	  
19.25 	 2.1169 	  2.1538 	  
19.35 	 2.1255 	  2.1586 	  
19.45 	 2.1343 	  2.1632 	  
19.55 	 2.1434 	  2.1675 	  
19.65 	 2.1526 	  2.1716 	  
19.75 	 2.1619 	  2.1755 	  
19.85 	 2.1714 	  2.1791 	  
19.95 	 2.1808 	  2.1824 	  
20.05 	 2.1903 	  2.1854 	  
20.15 	 2.1997 	  2.1882 	  
20.25 	 2.2091 	  2.1907 	  
20.35 	 2.2182 	  2.1929 	  
20.45 	 2.2271 	  2.1948 	  
20.55 	 2.2355 	  2.1964 	  
20.65 	 2.2435 	  2.1977 	  
20.75 	 2.2508 	  2.1987 	  
20.85 	 2.2574 	  2.1994 	  
20.95 	 2.2632 	  2.1999 	  
21.05 	 2.268 	  2.2 	  
21.15 	 2.2716 	  2.1998 	  
21.25 	 2.2739 	  2.1994 	  
21.35 	 2.2748 	  2.1986 	  
21.45 	 2.2742 	  2.1975 	  
21.55 	 2.2721 	  2.1961 	  
21.65 	 2.2685 	  2.1945 	  
21.75 	 2.2633 	  2.1925 	  
21.85 	 2.2568 	  2.1903 	  
21.95 	 2.249 	  2.1878 	  
22.05 	 2.2401 	  2.185 	  
22.15 	 2.2302 	  2.1819 	  
22.25 	 2.2194 	  2.1785 	  
22.35 	 2.208 	  2.1749 	  
22.45 	 2.1962 	  2.171 	  
22.55 	 2.184 	  2.1668 	  
22.65 	 2.1717 	  2.1625 	  
22.75 	 2.1593 	  2.1578 	  
22.85 	 2.1471 	  2.1529 	  
22.95 	 2.1352 	  2.1478 	  
23.05 	 2.1235 	  2.1425 	  
23.15 	 2.1121 	  2.137 	  
23.25 	 2.1011 	  2.1312 	  
23.35 	 2.0906 	  2.1253 	  
23.45 	 2.0805 	  2.1192 	  
23.55 	 2.0708 	  2.1129 	  
23.65 	 2.0616 	  2.1064 	  
23.75 	 2.0529 	  2.0997 	  
23.85 	 2.0446 	  2.093 	  
23.95 	 2.0368 	  2.086 	  
24.05 	 2.0293 	  2.079 	  
24.15 	 2.0223 	  2.0718 	  
24.25 	 2.0156 	  2.0645 	  
24.35 	 2.0092 	  2.0571 	  
24.45 	 2.0031 	  2.0497 	  
24.55 	 1.9972 	  2.0421 	  
24.65 	 1.9916 	  2.0345 	  
24.75 	 1.9862 	  2.0269 	  
24.85 	 1.981 	  2.0192 	  
24.95 	 1.9759 	  2.0115 	  
25.05 	 1.9709 	  2.0037 	  
25.15 	 1.966 	  1.996 	  
25.25 	 1.9612 	  1.9883 	  
25.35 	 1.9565 	  1.9805 	  
25.45 	 1.9518 	  1.9728 	  
25.55 	 1.9471 	  1.9652 	  
25.65 	 1.9425 	  1.9576 	  
25.75 	 1.9378 	  1.9501 	  
25.85 	 1.9332 	  1.9426 	  
25.95 	 1.9286 	  1.9352 	  
26.05 	 1.9239 	  1.9279 	  
26.15 	 1.9193 	  1.9208 	  
26.25 	 1.9147 	  1.9137 	  
26.35 	 1.9101 	  1.9068 	  
26.45 	 1.9055 	  1.9 	  
26.55 	 1.9009 	  1.8934 	  
26.65 	 1.8964 	  1.8869 	  
26.75 	 1.8919 	  1.8806 	  
26.85 	 1.8875 	  1.8745 	  
26.95 	 1.8832 	  1.8686 	  
27.05 	 1.8789 	  1.8628 	  
27.15 	 1.8748 	  1.8573 	  
27.25 	 1.8708 	  1.852 	  
27.35 	 1.8668 	  1.8469 	  
27.45 	 1.8631 	  1.842 	  
27.55 	 1.8595 	  1.8374 	  
27.65 	 1.856 	  1.833 	  
27.75 	 1.8527 	  1.8289 	  
27.85 	 1.8496 	  1.825 	  
27.95 	 1.8467 	  1.8214 	  
28.05 	 1.8439 	  1.818 	  
28.15 	 1.8414 	  1.8149 	  
28.25 	 1.8391 	  1.8121 	  
28.35 	 1.8369 	  1.8096 	  
28.45 	 1.835 	  1.8074 	  
28.55 	 1.8334 	  1.8055 	  
28.65 	 1.8319 	  1.8038 	  
28.75 	 1.8307 	  1.8025 	  
28.85 	 1.8297 	  1.8014 	  
28.95 	 1.829 	  1.8006 	  
29.05 	 1.8285 	  1.8002 	  
29.15 	 1.8282 	  1.8 	  
29.25 	 1.8282 	  1.8001 	  
29.35 	 1.8284 	  1.8006 	  
29.45 	 1.8289 	  1.8013 	  
29.55 	 1.8296 	  1.8023 	  
29.65 	 1.8306 	  1.8037 	  
29.75 	 1.8318 	  1.8053 	  
29.85 	 1.8332 	  1.8072 	  
29.95 	 1.8348 	  1.8094 	  
30.05 	 1.8367 	  1.8119 	  
30.15 	 1.8388 	  1.8147 	  
30.25 	 1.8412 	  1.8177 	  
30.35 	 1.8438 	  1.821 	  
30.45 	 1.8466 	  1.8246 	  
30.55 	 1.8496 	  1.8285 	  
30.65 	 1.8528 	  1.8326 	  
30.75 	 1.8562 	  1.837 	  
30.85 	 1.8599 	  1.8416 	  
30.95 	 1.8637 	  1.8464 	  
31.05 	 1.8678 	  1.8515 	  
31.15 	 1.872 	  1.8568 	  
31.25 	 1.8764 	  1.8623 	  
31.35 	 1.881 	  1.868 	  
31.45 	 1.8858 	  1.8739 	  
31.55 	 1.8908 	  1.88 	  
31.65 	 1.896 	  1.8863 	  
31.75 	 1.9013 	  1.8928 	  
31.85 	 1.9069 	  1.8994 	  
31.95 	 1.9126 	  1.9062 	  
32.05 	 1.9184 	  1.9131 	  
32.15 	 1.9244 	  1.9201 	  
32.25 	 1.9306 	  1.9273 	  
32.35 	 1.9369 	  1.9345 	  
32.45 	 1.9434 	  1.9419 	  
32.55 	 1.9499 	  1.9494 	  
32.65 	 1.9566 	  1.9569 	  
32.75 	 1.9634 	  1.9645 	  
32.85 	 1.9702 	  1.9721 	  
32.95 	 1.9772 	  1.9798 	  
33.05 	 1.9843 	  1.9875 	  
33.15 	 1.9914 	  1.9953 	  
33.25 	 1.9985 	  2.003 	  
33.35 	 2.0057 	  2.0108 	  
33.45 	 2.0129 	  2.0185 	  
33.55 	 2.0201 	  2.0262 	  
33.65 	 2.0273 	  2.0338 	  
33.75 	 2.0344 	  2.0414 	  
33.85 	 2.0415 	  2.049 	  
33.95 	 2.0485 	  2.0565 	  
34.05 	 2.0555 	  2.0638 	  
34.15 	 2.0624 	  2.0711 	  
34.25 	 2.0691 	  2.0783 	  
34.35 	 2.0758 	  2.0854 	  
34.45 	 2.0823 	  2.0923 	  
34.55 	 2.0886 	  2.0991 	  
34.65 	 2.0948 	  2.1058 	  
34.75 	 2.1008 	  2.1123 	  
34.85 	 2.1067 	  2.1186 	  
34.95 	 2.1123 	  2.1247 	  
35.05 	 2.1177 	  2.1307 	  
35.15 	 2.1228 	  2.1364 	  
35.25 	 2.1277 	  2.142 	  
35.35 	 2.1323 	  2.1474 	  
35.45 	 2.1366 	  2.1525 	  
35.55 	 2.1406 	  2.1574 	  
35.65 	 2.1444 	  2.162 	  
35.75 	 2.1478 	  2.1665 	  
35.85 	 2.151 	  2.1706 	  
35.95 	 2.1538 	  2.1745 	  
36.05 	 2.1563 	  2.1782 	  
36.15 	 2.1585 	  2.1816 	  
36.25 	 2.1605 	  2.1847 	  
36.35 	 2.1621 	  2.1875 	  
36.45 	 2.1633 	  2.1901 	  
36.55 	 2.1643 	  2.1923 	  
36.65 	 2.165 	  2.1943 	  
36.75 	 2.1654 	  2.196 	  
36.85 	 2.1655 	  2.1974 	  
36.95 	 2.1653 	  2.1985 	  
37.05 	 2.1648 	  2.1993 	  
37.15 	 2.1641 	  2.1998 	  
37.25 	 2.1631 	  2.2 	  
37.35 	 2.1619 	  2.1999 	  
37.45 	 2.1605 	  2.1995 	  
37.55 	 2.1588 	  2.1988 	  
37.65 	 2.157 	  2.1978 	  
37.75 	 2.1549 	  2.1965 	  
37.85 	 2.1527 	  2.1949 	  
37.95 	 2.1503 	  2.1931 	  
38.05 	 2.1478 	  2.1909 	  
38.15 	 2.1451 	  2.1884 	  
38.25 	 2.1423 	  2.1857 	  
38.35 	 2.1394 	  2.1827 	  
38.45 	 2.1363 	  2.1794 	  
38.55 	 2.1332 	  2.1758 	  
38.65 	 2.13 	  2.172 	  
38.75 	 2.1267 	  2.1679 	  
38.85 	 2.1234 	  2.1636 	  
38.95 	 2.12 	  2.159 	  
39.05 	 2.1166 	  2.1542 	  
39.15 	 2.1132 	  2.1492 	  
39.25 	 2.1097 	  2.1439 	  
39.35 	 2.1062 	  2.1384 	  
39.45 	 2.1027 	  2.1327 	  
39.55 	 2.0992 	  2.1268 	  
39.65 	 2.0957 	  2.1208 	  
39.75 	 2.0923 	  2.1145 	  
39.85 	 2.0888 	  2.1081 	  
39.95 	 2.0854 	  2.1015 	  
40.05 	 2.082 	  2.0947 	  
40.15 	 2.0786 	  2.0878 	  
40.25 	 2.0753 	  2.0808 	  
40.35 	 2.0721 	  2.0737 	  
40.45 	 2.0689 	  2.0664 	  
40.55 	 2.0657 	  2.059 	  
40.65 	 2.0626 	  2.0516 	  
40.75 	 2.0596 	  2.0441 	  
40.85 	 2.0566 	  2.0365 	  
40.95 	 2.0537 	  2.0289 	  
41.05 	 2.0509 	  2.0212 	  
41.15 	 2.0482 	  2.0135 	  
41.25 	 2.0455 	  2.0057 	  
41.35 	 2.0429 	  1.998 	  
41.45 	 2.0403 	  1.9902 	  
41.55 	 2.0379 	  1.9825 	  
41.65 	 2.0355 	  1.9748 	  
41.75 	 2.0331 	  1.9672 	  
41.85 	 2.0309 	  1.9595 	  
41.95 	 2.0287 	  1.952 	  
42.05 	 2.0266 	  1.9445 	  
42.15 	 2.0246 	  1.9371 	  
42.25 	 2.0227 	  1.9298 	  
42.35 	 2.0208 	  1.9226 	  
42.45 	 2.019 	  1.9155 	  
42.55 	 2.0172 	  1.9086 	  
42.65 	 2.0155 	  1.9018 	  
42.75 	 2.0139 	  1.8951 	  
42.85 	 2.0124 	  1.8886 	  
42.95 	 2.0109 	  1.8822 	  
43.05 	 2.0095 	  1.8761 	  
43.15 	 2.0081 	  1.8701 	  
43.25 	 2.0069 	  1.8643 	  
43.35 	 2.0056 	  1.8587 	  
43.45 	 2.0044 	  1.8533 	  
43.55 	 2.0033 	  1.8482 	  
43.65 	 2.0023 	  1.8432 	  
43.75 	 2.0012 	  1.8386 	  
43.85 	 2.0003 	  1.8341 	  
43.95 	 1.9994 	  1.8299 	  
44.05 	 1.9985 	  1.826 	  
44.15 	 1.9977 	  1.8223 	  
44.25 	 1.9969 	  1.8189 	  
44.35 	 1.9962 	  1.8157 	  
44.45 	 1.9955 	  1.8128 	  
44.55 	 1.9949 	  1.8103 	  
44.65 	 1.9943 	  1.8079 	  
44.75 	 1.9937 	  1.8059 	  
44.85 	 1.9932 	  1.8042 	  
44.95 	 1.9927 	  1.8028 	  
45.05 	 1.9923 	  1.8016 	  
45.15 	 1.9919 	  1.8008 	  
45.25 	 1.9915 	  1.8003 	  
45.35 	 1.9911 	  1.8 	  
45.45 	 1.9908 	  1.8001 	  
45.55 	 1.9905 	  1.8004 	  
45.65 	 1.9902 	  1.8011 	  
45.75 	 1.99 	  1.802 	  
45.85 	 1.9898 	  1.8033 	  
45.95 	 1.9896 	  1.8048 	  
46.05 	 1.9894 	  1.8067 	  
46.15 	 1.9892 	  1.8088 	  
46.25 	 1.9891 	  1.8112 	  
46.35 	 1.989 	  1.8139 	  
46.45 	 1.9889 	  1.8169 	  
46.55 	 1.9888 	  1.8202 	  
46.65 	 1.9888 	  1.8237 	  
46.75 	 1.9887 	  1.8275 	  
46.85 	 1.9887 	  1.8315 	  
46.95 	 1.9887 	  1.8358 	  
47.05 	 1.9887 	  1.8404 	  
47.15 	 1.9887 	  1.8452 	  
47.25 	 1.9887 	  1.8502 	  
47.35 	 1.9888 	  1.8554 	  
47.45 	 1.9888 	  1.8609 	  
47.55 	 1.9889 	  1.8665 	  
47.65 	 1.9889 	  1.8724 	  
47.75 	 1.989 	  1.8785 	  
47.85 	 1.9891 	  1.8847 	  
47.95 	 1.9892 	  1.8911 	  
48.05 	 1.9893 	  1.8977 	  
48.15 	 1.9894 	  1.9044 	  
48.25 	 1.9895 	  1.9113 	  
48.35 	 1.9896 	  1.9183 	  
48.45 	 1.9897 	  1.9254 	  
48.55 	 1.9899 	  1.9327 	  
48.65 	 1.99 	  1.94 	  
48.75 	 1.9901 	  1.9474 	  
48.85 	 1.9903 	  1.9549 	  
48.95 	 1.9904 	  1.9625 	  
49.05 	 1.9906 	  1.9702 	  
49.15 	 1.9907 	  1.9778 	  
49.25 	 1.9909 	  1.9855 	  
49.35 	 1.991 	  1.9933 	  
49.45 	 1.9912 	  2.001 	  
49.55 	 1.9913 	  2.0088 	  
49.65 	 1.9915 	  2.0165 	  
49.75 	 1.9916 	  2.0242 	  
49.85 	 1.9918 	  2.0319 	  
49.95 	 1.9919 	  2.0395 	  
50.05 	 1.9921 	  2.047 	  
50.15 	 1.9923 	  2.0545 	  
50.25 	 1.9924 	  2.0619 	  
50.35 	 1.9926 	  2.0693 	  
50.45 	 1.9927 	  2.0765 	  
50.55 	 1.9929 	  2.0836 	  
50.65 	 1.993 	  2.0905 	  
50.75 	 1.9932 	  2.0974 	  
50.85 	 1.9933 	  2.1041 	  
50.95 	 1.9935 	  2.1106 	  
51.05 	 1.9936 	  2.117 	  
51.15 	 1.9938 	  2.1232 	  
51.25 	 1.9939 	  2.1292 	  
51.35 	 1.9941 	  2.135 	  
51.45 	 1.9942 	  2.1406 	  
51.55 	 1.9944 	  2.146 	  
51.65 	 1.9945 	  2.1512 	  
51.75 	 1.9946 	  2.1561 	  
51.85 	 1.9948 	  2.1609 	  
51.95 	 1.9949 	  2.1653 	  
52.05 	 1.9951 	  2.1696 	  
52.15 	 1.9952 	  2.1736 	  
52.25 	 1.9953 	  2.1773 	  
52.35 	 1.9954 	  2.1807 	  
52.45 	 1.9956 	  2.1839 	  
52.55 	 1.9957 	  2.1868 	  
52.65 	 1.9958 	  2.1894 	  
52.75 	 1.9959 	  2.1918 	  
52.85 	 1.996 	  2.1938 	  
52.95 	 1.9961 	  2.1956 	  
53.05 	 1.9963 	  2.1971 	  
53.15 	 1.9964 	  2.1982 	  
53.25 	 1.9965 	  2.1991 	  
53.35 	 1.9966 	  2.1997 	  
53.45 	 1.9967 	  2.2 	  
53.55 	 1.9968 	  2.2 	  
53.65 	 1.9969 	  2.1996 	  
53.75 	 1.997 	  2.199 	  
53.85 	 1.997 	  2.1981 	  
53.95 	 1.9971 	  2.1969 	  
54.05 	 1.9972 	  2.1954 	  
54.15 	 1.9973 	  2.1936 	  
54.25 	 1.9974 	  2.1915 	  
54.35 	 1.9975 	  2.1891 	  
54.45 	 1.9975 	  2.1864 	  
54.55 	 1.9976 	  2.1835 	  
54.65 	 1.9977 	  2.1803 	  
54.75 	 1.9978 	  2.1768 	  
54.85 	 1.9978 	  2.173 	  
54.95 	 1.9979 	  2.169 	  
55.05 	 1.998 	  2.1647 	  
55.15 	 1.998 	  2.1602 	  
55.25 	 1.9981 	  2.1555 	  
55.35 	 1.9982 	  2.1505 	  
55.45 	 1.9982 	  2.1453 	  
55.55 	 1.9983 	  2.1398 	  
55.65 	 1.9983 	  2.1342 	  
55.75 	 1.9984 	  2.1284 	  
55.85 	 1.9985 	  2.1223 	  
55.95 	 1.9985 	  2.1161 	  
56.05 	 1.9986 	  2.1097 	  
56.15 	 1.9986 	  2.1032 	  
56.25 	 1.9987 	  2.0965 	  
56.35 	 1.9987 	  2.0896 	  
56.45 	 1.9988 	  2.0826 	  
56.55 	 1.9988 	  2.0755 	  
56.65 	 1.9989 	  2.0683 	  
56.75 	 1.9989 	  2.0609 	  
56.85 	 1.9989 	  2.0535 	  
56.95 	 1.999 	  2.046 	  
57.05 	 1.999 	  2.0385 	  
57.15 	 1.9991 	  2.0308 	  
57.25 	 1.9991 	  2.0232 	  
57.35 	 1.9991 	  2.0154 	  
57.45 	 1.9992 	  2.0077 	  
57.55 	 1.9992 	  2 	  
57.65 	 1.9992 	  1.9922 	  
57.75 	 1.9993 	  1.9845 	  
57.85 	 1.9993 	  1.9768 	  
57.95 	 1.9993 	  1.9691 	  
58.05 	 1.9993 	  1.9615 	  
58.15 	 1.9994 	  1.9539 	  
58.25 	 1.9994 	  1.9464 	  
58.35 	 1.9994 	  1.939 	  
58.45 	 1.9994 	  1.9317 	  
58.55 	 1.9995 	  1.9244 	  
58.65 	 1.9995 	  1.9173 	  
58.75 	 1.9995 	  1.9103 	  
58.85 	 1.9995 	  1.9035 	  
58.95 	 1.9996 	  1.8968 	  
59.05 	 1.9996 	  1.8902 	  
59.15 	 1.9996 	  1.8838 	  
59.25 	 1.9996 	  1.8776 	  
59.35 	 1.9996 	  1.8716 	  
59.45 	 1.9996 	  1.8657 	  
59.55 	 1.9996 	  1.8601 	  
59.65 	 1.9996 	  1.8547 	  
59.75 	 1.9996 	  1.8495 	  
59.85 	 1.9997 	  1.8445 	  
59.95 	 1.9997 	  1.8397 	  
60.05 	 1.9997 	  1.8352 	  
60.15 	 1.9997 	  1.831 	  
60.25 	 1.9997 	  1.8269 	  
60.35 	 1.9997 	  1.8232 	  
60.45 	 1.9997 	  1.8197 	  
60.55 	 1.9997 	  1.8165 	  
60.65 	 1.9997 	  1.8136 	  
60.75 	 1.9997 	  1.8109 	  
60.85 	 1.9997 	  1.8085 	  
60.95 	 1.9997 	  1.8064 	  
61.05 	 1.9998 	  1.8046 	  
61.15 	 1.9998 	  1.8031 	  
61.25 	 1.9998 	  1.8019 	  
61.35 	 1.9998 	  1.801 	  
61.45 	 1.9998 	  1.8004 	  
61.55 	 1.9998 	  1.8 	  
61.65 	 1.9999 	  1.8 	  
61.75 	 1.9998 	  1.8003 	  
61.85 	 1.9998 	  1.8009 	  
61.95 	 1.9998 	  1.8018 	  
62.05 	 1.9998 	  1.8029 	  
62.15 	 1.9998 	  1.8044 	  
62.25 	 1.9999 	  1.8062 	  
62.35 	 1.9999 	  1.8082 	  
62.45 	 2.0001 	  1.8106 	  
62.55 	 2 	  1.8132 	  
62.65 	 2 	  1.8161 	  
62.75 	 2 	  1.8193 	  
62.85 	 2 	  1.8228 	  
62.95 	 2 	  1.8265 	  
63.05 	 2 	  1.8305 	  
63.15 	 2 	  1.8347 	  
63.25 	 2 	  1.8392 	  
63.35 	 2 	  1.8439 	  
63.45 	 2 	  1.8489 	  
63.55 	 2 	  1.854 	  
63.65 	 2 	  1.8594 	  
63.75 	 2 	  1.8651 	  
63.85 	 2 	  1.8709 	  
63.95 	 2 	  1.8769 	  
64.05 	 2 	  1.8831 	  
64.15 	 2 	  1.8894 	  
64.25 	 2 	  1.896 	  
64.35 	 2 	  1.9027 	  
64.45 	 2 	  1.9095 	  
64.55 	 2 	  1.9165 	  
64.65 	 2 	  1.9236 	  
64.75 	 2 	  1.9308 	  
64.85 	 2 	  1.9381 	  
64.95 	 2 	  1.9455 	  
65.05 	 2 	  1.953 	  
65.15 	 2 	  1.9606 	  
65.25 	 2 	  1.9682 	  
65.35 	 2 	  1.9759 	  
65.45 	 2 	  1.9836 	  
65.55 	 2 	  1.9913 	  
65.65 	 2 	  1.999 	  
65.75 	 2 	  2.0068 	  
65.85 	 2 	  2.0145 	  
65.95 	 2 	  2.0222 	  
66.05 	 1.9999 	  2.0299 	  
66.15 	 1.9999 	  2.0375 	  
66.25 	 1.9999 	  2.0451 	  
66.35 	 1.9999 	  2.0526 	  
66.45 	 1.9999 	  2.0601 	  
66.55 	 1.9999 	  2.0674 	  
66.65 	 1.9999 	  2.0746 	  
66.75 	 1.9999 	  2.0818 	  
66.85 	 1.9999 	  2.0888 	  
66.95 	 2 	  2.0956 	  
67.05 	 2 	  2.1024 	  
67.15 	 2 	  2.1089 	  
67.25 	 2 	  2.1154 	  
67.35 	 2 	  2.1216 	  
67.45 	 2 	  2.1276 	  
67.55 	 2 	  2.1335 	  
67.65 	 2 	  2.1392 	  
67.75 	 2 	  2.1446 	  
67.85 	 2 	  2.1499 	  
67.95 	 2 	  2.1549 	  
68.05 	 2 	  2.1597 	  
68.15 	 2 	  2.1642 	  
68.25 	 2 	  2.1685 	  
68.35 	 2 	  2.1726 	  
68.45 	 2 	  2.1763 	  
68.55 	 2 	  2.1799 	  
68.65 	 2 	  2.1831 	  
68.75 	 2 	  2.1861 	  
68.85 	 2 	  2.1888 	  
68.95 	 2 	  2.1912 	  
69.05 	 2 	  2.1933 	  
69.15 	 2 	  2.1952 	  
69.25 	 2 	  2.1967 	  
69.35 	 2 	  2.198 	  
69.45 	 2 	  2.1989 	  
69.55 	 2 	  2.1996 	  
69.65 	 2 	  2.1999 	  
69.75 	 2 	  2.2 	  
69.85 	 2 	  2.1997 	  
69.95 	 2 	  2.1992 	  
70.05 	 2 	  2.1984 	  
70.15 	 2 	  2.1972 	  
70.25 	 2 	  2.1958 	  
70.35 	 2 	  2.1941 	  
70.45 	 2 	  2.192 	  
70.55 	 2 	  2.1897 	  
70.65 	 2 	  2.1871 	  
70.75 	 2 	  2.1843 	  
70.85 	 2 	  2.1811 	  
70.95 	 2 	  2.1777 	  
71.05 	 2 	  2.174 	  
71.15 	 2 	  2.1701 	  
71.25 	 2 	  2.1659 	  
71.35 	 2 	  2.1614 	  
71.45 	 2 	  2.1567 	  
71.55 	 2 	  2.1518 	  
71.65 	 2 	  2.1466 	  
71.75 	 2 	  2.1413 	  
71.85 	 2 	  2.1357 	  
71.95 	 2 	  2.1299 	  
72.05 	 2 	  2.1239 	  
72.15 	 2 	  2.1177 	  
72.25 	 2 	  2.1114 	  
72.35 	 2 	  2.1049 	  
72.45 	 2 	  2.0982 	  
72.55 	 2 	  2.0914 	  
72.65 	 2 	  2.0844 	  
72.75 	 2 	  2.0773 	  
72.85 	 2 	  2.0701 	  
72.95 	 2 	  2.0628 	  
73.05 	 2 	  2.0554 	  
73.15 	 2 	  2.048 	  
73.25 	 2 	  2.0404 	  
73.35 	 2 	  2.0328 	  
73.45 	 2 	  2.0251 	  
73.55 	 2 	  2.0174 	  
73.65 	 2 	  2.0097 	  
73.75 	 2 	  2.002 	  
73.85 	 2 	  1.9942 	  
73.95 	 2 	  1.9865 	  
74.05 	 2 	  1.9788 	  
74.15 	 2 	  1.9711 	  
74.25 	 2 	  1.9634 	  
74.35 	 2 	  1.9559 	  
74.45 	 2 	  1.9483 	  
74.55 	 2 	  1.9409 	  
74.65 	 2 	  1.9335 	  
74.75 	 2 	  1.9263 	  
74.85 	 2 	  1.9192 	  
74.95 	 2 	  1.9121 	  
75.05 	 2 	  1.9052 	  
75.15 	 2 	  1.8985 	  
75.25 	 2 	  1.8919 	  
75.35 	 2 	  1.8855 	  
75.45 	 2 	  1.8792 	  
75.55 	 2 	  1.8731 	  
75.65 	 2 	  1.8672 	  
75.75 	 2 	  1.8615 	  
75.85 	 2 	  1.8561 	  
75.95 	 2 	  1.8508 	  
76.05 	 2 	  1.8457 	  
76.15 	 2 	  1.8409 	  
76.25 	 2 	  1.8364 	  
76.35 	 2 	  1.832 	  
76.45 	 2 	  1.828 	  
76.55 	 2 	  1.8241 	  
76.65 	 2 	  1.8206 	  
76.75 	 2 	  1.8173 	  
76.85 	 2 	  1.8143 	  
76.95 	 2 	  1.8115 	  
77.05 	 2 	  1.8091 	  
77.15 	 2 	  1.8069 	  
77.25 	 2 	  1.8051 	  
77.35 	 2 	  1.8035 	  
77.45 	 2 	  1.8022 	  
77.55 	 2 	  1.8012 	  
77.65 	 2 	  1.8005 	  
77.75 	 2 	  1.8001 	  
77.85 	 2 	  1.8 	  
77.95 	 2 	  1.8002 	  
78.05 	 2 	  1.8007 	  
78.15 	 2 	  1.8015 	  
78.25 	 2 	  1.8026 	  
78.35 	 2 	  1.804 	  
78.45 	 2 	  1.8057 	  
78.55 	 2 	  1.8077 	  
78.65 	 2 	  1.81 	  
78.75 	 2 	  1.8125 	  
78.85 	 2 	  1.8153 	  
78.95 	 2 	  1.8185 	  
79.05 	 2 	  1.8218 	  
79.15 	 2 	  1.8255 	  
79.25 	 2 	  1.8294 	  
79.35 	 2 	  1.8336 	  
79.45 	 2 	  1.838 	  
79.55 	 2 	  1.8427 	  
79.65 	 2 	  1.8476 	  
79.75 	 2 	  1.8527 	  
79.85 	 2 	  1.858 	  
79.95 	 2 	  1.8636 	  
80.05 	 2 	  1.8694 	  
80.15 	 2 	  1.8753 	  
80.25 	 2 	  1.8815 	  
80.35 	 2 	  1.8878 	  
80.45 	 2 	  1.8943 	  
80.55 	 2 	  1.9009 	  
80.65 	 2 	  1.9077 	  
80.75 	 2 	  1.9147 	  
80.85 	 2 	  1.9217 	  
80.95 	 2 	  1.9289 	  
81.05 	 2 	  1.9362 	  
81.15 	 2 	  1.9436 	  
81.25 	 2 	  1.9511 	  
81.35 	 2 	  1.9586 	  
81.45 	 2 	  1.9662 	  
81.55 	 2 	  1.9739 	  
81.65 	 2 	  1.9816 	  
81.75 	 2 	  1.9893 	  
81.85 	 2 	  1.997 	  
81.95 	 2 	  2.0048 	  
82.05 	 2 	  2.0125 	  
82.15 	 2 	  2.0202 	  
82.25 	 2 	  2.0279 	  
82.35 	 2 	  2.0356 	  
82.45 	 2 	  2.0432 	  
82.55 	 2 	  2.0507 	  
82.65 	 2 	  2.0581 	  
82.75 	 2 	  2.0655 	  
82.85 	 2 	  2.0728 	  
82.95 	 2 	  2.0799 	  
83.05 	 2 	  2.087 	  
83.15 	 2 	  2.0939 	  
83.25 	 2 	  2.1006 	  
83.35 	 2 	  2.1073 	  
83.45 	 2 	  2.1137 	  
83.55 	 2 	  2.12 	  
83.65 	 2 	  2.1261 	  
83.75 	 2 	  2.132 	  
83.85 	 2 	  2.1377 	  
83.95 	 2 	  2.1432 	  
84.05 	 2 	  2.1485 	  
84.15 	 2 	  2.1536 	  
84.25 	 2 	  2.1585 	  
84.35 	 2 	  2.1631 	  
84.45 	 2 	  2.1674 	  
84.55 	 2 	  2.1715 	  
84.65 	 2 	  2.1754 	  
84.75 	 2 	  2.179 	  
84.85 	 2 	  2.1823 	  
84.95 	 2 	  2.1853 	  
85.05 	 2 	  2.1881 	  
85.15 	 2 	  2.1906 	  
85.25 	 2 	  2.1928 	  
85.35 	 2 	  2.1947 	  
85.45 	 2 	  2.1963 	  
85.55 	 2 	  2.1977 	  
85.65 	 2 	  2.1987 	  
85.75 	 2 	  2.1994 	  
85.85 	 2 	  2.1999 	  
85.95 	 1.9999 	  2.2 	  
86.05 	 1.9999 	  2.1998 	  
86.15 	 1.9999 	  2.1994 	  
86.25 	 1.9999 	  2.1986 	  
86.35 	 1.9999 	  2.1975 	  
86.45 	 1.9999 	  2.1962 	  
86.55 	 1.9999 	  2.1945 	  
86.65 	 1.9999 	  2.1926 	  
86.75 	 1.9999 	  2.1904 	  
86.85 	 1.9999 	  2.1878 	  
86.95 	 1.9999 	  2.185 	  
87.05 	 1.9999 	  2.182 	  
87.15 	 1.9999 	  2.1786 	  
87.25 	 1.9999 	  2.175 	  
87.35 	 1.9999 	  2.1711 	  
87.45 	 1.9999 	  2.167 	  
87.55 	 1.9999 	  2.1626 	  
87.65 	 1.9999 	  2.158 	  
87.75 	 1.9999 	  2.1531 	  
87.85 	 1.9999 	  2.148 	  
87.95 	 1.9999 	  2.1427 	  
88.05 	 1.9999 	  2.1371 	  
88.15 	 1.9999 	  2.1314 	  
88.25 	 1.9999 	  2.1255 	  
88.35 	 1.9999 	  2.1193 	  
88.45 	 1.9999 	  2.113 	  
88.55 	 1.9999 	  2.1066 	  
88.65 	 1.9999 	  2.0999 	  
88.75 	 1.9999 	  2.0931 	  
88.85 	 1.9999 	  2.0862 	  
88.95 	 1.9999 	  2.0792 	  
89.05 	 1.9999 	  2.072 	  
89.15 	 1.9999 	  2.0647 	  
89.25 	 1.9999 	  2.0573 	  
89.35 	 1.9999 	  2.0499 	  
89.45 	 1.9999 	  2.0424 	  
89.55 	 1.9999 	  2.0348 	  
89.65 	 1.9999 	  2.0271 	  
89.75 	 1.9999 	  2.0194 	  
89.85 	 1.9999 	  2.0117 	  
89.95 	 1.9999 	  2.004 	  
90.05 	 1.9999 	  1.9962 	  
90.15 	 1.9999 	  1.9885 	  
90.25 	 1.9999 	  1.9807 	  
90.35 	 1.9999 	  1.9731 	  
90.45 	 1.9999 	  1.9654 	  
90.55 	 1.9999 	  1.9578 	  
90.65 	 1.9999 	  1.9503 	  
90.75 	 1.9999 	  1.9428 	  
90.85 	 1.9999 	  1.9354 	  
90.95 	 1.9999 	  1.9281 	  
91.05 	 1.9999 	  1.921 	  
91.15 	 1.9999 	  1.9139 	  
91.25 	 1.9999 	  1.907 	  
91.35 	 1.9999 	  1.9002 	  
91.45 	 1.9999 	  1.8936 	  
91.55 	 1.9999 	  1.8871 	  
91.65 	 1.9999 	  1.8808 	  
91.75 	 1.9999 	  1.8747 	  
91.85 	 1.9999 	  1.8687 	  
91.95 	 1.9999 	  1.863 	  
92.05 	 1.9999 	  1.8574 	  
92.15 	 1.9999 	  1.8521 	  
92.25 	 1.9999 	  1.847 	  
92.35 	 1.9999 	  1.8421 	  
92.45 	 1.9999 	  1.8375 	  
92.55 	 1.9999 	  1.8331 	  
92.65 	 1.9999 	  1.829 	  
92.75 	 1.9999 	  1.8251 	  
92.85 	 1.9999 	  1.8215 	  
92.95 	 1.9999 	  1.8181 	  
93.05 	 1.9999 	  1.815 	  
93.15 	 1.9999 	  1.8122 	  
93.25 	 1.9999 	  1.8097 	  
93.35 	 1.9999 	  1.8075 	  
93.45 	 1.9999 	  1.8055 	  
93.55 	 1.9999 	  1.8038 	  
93.65 	 1.9999 	  1.8025 	  
93.75 	 1.9999 	  1.8014 	  
93.85 	 1.9999 	  1.8006 	  
93.95 	 1.9999 	  1.8002 	  
94.05 	 1.9999 	  1.8 	  
94.15 	 1.9999 	  1.8001 	  
94.25 	 1.9999 	  1.8006 	  
94.35 	 1.9999 	  1.8013 	  
94.45 	 1.9999 	  1.8023 	  
94.55 	 1.9999 	  1.8036 	  
94.65 	 1.9999 	  1.8052 	  
94.75 	 1.9999 	  1.8071 	  
94.85 	 1.9999 	  1.8093 	  
94.95 	 1.9999 	  1.8118 	  
95.05 	 2 	  1.8146 	  
95.15 	 2 	  1.8176 	  
95.25 	 2 	  1.8209 	  
95.35 	 2 	  1.8245 	  
95.45 	 2 	  1.8284 	  
95.55 	 2 	  1.8325 	  
95.65 	 2 	  1.8368 	  
95.75 	 2 	  1.8414 	  
95.85 	 2 	  1.8463 	  
95.95 	 2 	  1.8513 	  
96.05 	 2 	  1.8566 	  
96.15 	 2 	  1.8621 	  
96.25 	 2 	  1.8679 	  
96.35 	 2 	  1.8738 	  
96.45 	 2 	  1.8799 	  
96.55 	 2 	  1.8861 	  
96.65 	 2 	  1.8926 	  
96.75 	 2 	  1.8992 	  
96.85 	 2 	  1.906 	  
96.95 	 2 	  1.9129 	  
97.05 	 2 	  1.9199 	  
97.15 	 2 	  1.9271 	  
97.25 	 2 	  1.9343 	  
97.35 	 2 	  1.9417 	  
97.45 	 2 	  1.9491 	  
97.55 	 2 	  1.9567 	  
97.65 	 2 	  1.9643 	  
97.75 	 2 	  1.9719 	  
97.85 	 2 	  1.9796 	  
97.95 	 2 	  1.9873 	  
98.05 	 2 	  1.9951 	  
98.15 	 2 	  2.0028 	  
98.25 	 2 	  2.0105 	  
98.35 	 2 	  2.0183 	  
98.45 	 2 	  2.026 	  
98.55 	 1.9999 	  2.0336 	  
98.65 	 1.9999 	  2.0412 	  
98.75 	 1.9999 	  2.0488 	  
98.85 	 1.9999 	  2.0562 	  
98.95 	 1.9999 	  2.0636 	  
99.05 	 1.9999 	  2.0709 	  
99.15 	 1.9999 	  2.0781 	  
99.25 	 1.9999 	  2.0852 	  
99.35 	 1.9999 	  2.0921 	  
99.45 	 1.9999 	  2.0989 	  
99.55 	 1.9999 	  2.1056 	  
99.65 	 1.9999 	  2.1121 	  
99.75 	 1.9999 	  2.1184 	  
99.85 	 1.9999 	  2.1246 	  
99.95 	 1.9999 	  2.1305 	  
100.05 	 1.9999 	  2.1363 	  
100.15 	 1.9999 	  2.1419 	  
100.25 	 1.9999 	  2.1472 	  
100.35 	 1.9999 	  2.1523 	  
100.45 	 1.9999 	  2.1572 	  
100.55 	 1.9999 	  2.1619 	  
100.65 	 1.9999 	  2.1663 	  
100.75 	 1.9999 	  2.1705 	  
100.85 	 1.9999 	  2.1744 	  
100.95 	 1.9999 	  2.1781 	  
101.05 	 1.9999 	  2.1815 	  
101.15 	 1.9999 	  2.1846 	  
101.25 	 1.9999 	  2.1874 	  
101.35 	 1.9999 	  2.19 	  
101.45 	 1.9999 	  2.1923 	  
101.55 	 1.9999 	  2.1943 	  
101.65 	 1.9999 	  2.196 	  
101.75 	 1.9999 	  2.1974 	  
101.85 	 1.9999 	  2.1985 	  
101.95 	 1.9999 	  2.1993 	  
102.05 	 1.9999 	  2.1998 	  
102.15 	 1.9999 	  2.2 	  
102.25 	 1.9999 	  2.1999 	  
102.35 	 1.9999 	  2.1995 	  
102.45 	 1.9999 	  2.1988 	  
102.55 	 1.9999 	  2.1978 	  
102.65 	 1.9999 	  2.1966 	  
102.75 	 1.9999 	  2.195 	  
102.85 	 1.9999 	  2.1931 	  
102.95 	 1.9999 	  2.191 	  
103.05 	 1.9999 	  2.1885 	  
103.15 	 1.9999 	  2.1858 	  
103.25 	 1.9999 	  2.1828 	  
103.35 	 1.9999 	  2.1795 	  
103.45 	 1.9999 	  2.1759 	  
103.55 	 1.9999 	  2.1721 	  
103.65 	 1.9999 	  2.1681 	  
103.75 	 1.9999 	  2.1637 	  
103.85 	 1.9999 	  2.1592 	  
103.95 	 1.9999 	  2.1544 	  
104.05 	 1.9999 	  2.1493 	  
104.15 	 1.9999 	  2.1441 	  
104.25 	 1.9999 	  2.1386 	  
104.35 	 1.9999 	  2.1329 	  
104.45 	 1.9999 	  2.127 	  
104.55 	 1.9999 	  2.1209 	  
104.65 	 1.9999 	  2.1147 	  
104.75 	 1.9999 	  2.1082 	  
104.85 	 1.9999 	  2.1016 	  
104.95 	 1.9999 	  2.0949 	  
105.05 	 1.9999 	  2.088 	  
105.15 	 1.9999 	  2.081 	  
105.25 	 1.9999 	  2.0739 	  
105.35 	 1.9999 	  2.0666 	  
105.45 	 1.9998 	  2.0593 	  
105.55 	 1.9998 	  2.0518 	  
105.65 	 1.9998 	  2.0443 	  
105.75 	 1.9998 	  2.0367 	  
105.85 	 1.9998 	  2.0291 	  
105.95 	 1.9998 	  2.0214 	  
106.05 	 1.9998 	  2.0137 	  
106.15 	 1.9998 	  2.0059 	  
106.25 	 1.9998 	  1.9982 	  
106.35 	 1.9998 	  1.9905 	  
106.45 	 1.9998 	  1.9827 	  
106.55 	 1.9998 	  1.975 	  
106.65 	 1.9998 	  1.9674 	  
106.75 	 1.9998 	  1.9598 	  
106.85 	 1.9998 	  1.9522 	  
106.95 	 1.9998 	  1.9447 	  
107.05 	 1.9999 	  1.9373 	  
107.15 	 1.9999 	  1.93 	  
107.25 	 1.9999 	  1.9228 	  
107.35 	 1.9999 	  1.9157 	  
107.45 	 1.9999 	  1.9088 	  
107.55 	 1.9999 	  1.9019 	  
107.65 	 1.9999 	  1.8953 	  
107.75 	 1.9999 	  1.8888 	  
107.85 	 1.9999 	  1.8824 	  
107.95 	 1.9999 	  1.8762 	  
108.05 	 1.9999 	  1.8702 	  
108.15 	 1.9999 	  1.8644 	  
108.25 	 1.9999 	  1.8589 	  
108.35 	 2 	  1.8535 	  
108.45 	 2 	  1.8483 	  
108.55 	 2 	  1.8434 	  
108.65 	 2 	  1.8387 	  
108.75 	 2 	  1.8342 	  
108.85 	 2 	  1.83 	  
108.95 	 2 	  1.8261 	  
