simtime:  8.9332
number of wsf-lines:  1

line_No     y_coord
1	 1.5
2	  Wave Theory 


X 1	 P 1 	 	 	 	 W 1

0.05 	 1.8023 	  1.8015 	  
0.15 	 1.8036 	  1.8027 	  
0.25 	 1.8052 	  1.8041 	  
0.35 	 1.8071 	  1.8058 	  
0.45 	 1.8093 	  1.8077 	  
0.55 	 1.8118 	  1.81 	  
0.65 	 1.8145 	  1.8126 	  
0.75 	 1.8176 	  1.8154 	  
0.85 	 1.8209 	  1.8185 	  
0.95 	 1.8244 	  1.8219 	  
1.05 	 1.8282 	  1.8256 	  
1.15 	 1.8323 	  1.8295 	  
1.25 	 1.8366 	  1.8337 	  
1.35 	 1.8412 	  1.8381 	  
1.45 	 1.846 	  1.8428 	  
1.55 	 1.851 	  1.8477 	  
1.65 	 1.8562 	  1.8528 	  
1.75 	 1.8617 	  1.8582 	  
1.85 	 1.8673 	  1.8637 	  
1.95 	 1.8732 	  1.8695 	  
2.05 	 1.8792 	  1.8755 	  
2.15 	 1.8854 	  1.8816 	  
2.25 	 1.8918 	  1.888 	  
2.35 	 1.8984 	  1.8945 	  
2.45 	 1.9051 	  1.9011 	  
2.55 	 1.9119 	  1.9079 	  
2.65 	 1.9189 	  1.9149 	  
2.75 	 1.926 	  1.9219 	  
2.85 	 1.9332 	  1.9291 	  
2.95 	 1.9405 	  1.9364 	  
3.05 	 1.9478 	  1.9438 	  
3.15 	 1.9553 	  1.9513 	  
3.25 	 1.9628 	  1.9588 	  
3.35 	 1.9704 	  1.9664 	  
3.45 	 1.978 	  1.9741 	  
3.55 	 1.9856 	  1.9818 	  
3.65 	 1.9933 	  1.9895 	  
3.75 	 2.001 	  1.9972 	  
3.85 	 2.0086 	  2.005 	  
3.95 	 2.0163 	  2.0127 	  
4.05 	 2.0239 	  2.0204 	  
4.15 	 2.0315 	  2.0281 	  
4.25 	 2.039 	  2.0358 	  
4.35 	 2.0465 	  2.0434 	  
4.45 	 2.0539 	  2.0509 	  
4.55 	 2.0612 	  2.0583 	  
4.65 	 2.0684 	  2.0657 	  
4.75 	 2.0756 	  2.073 	  
4.85 	 2.0826 	  2.0801 	  
4.95 	 2.0895 	  2.0872 	  
5.05 	 2.0962 	  2.0941 	  
5.15 	 2.1029 	  2.1008 	  
5.25 	 2.1094 	  2.1074 	  
5.35 	 2.1157 	  2.1139 	  
5.45 	 2.1218 	  2.1202 	  
5.55 	 2.1278 	  2.1263 	  
5.65 	 2.1336 	  2.1322 	  
5.75 	 2.1391 	  2.1379 	  
5.85 	 2.1445 	  2.1434 	  
5.95 	 2.1497 	  2.1487 	  
6.05 	 2.1546 	  2.1537 	  
6.15 	 2.1594 	  2.1586 	  
6.25 	 2.1639 	  2.1632 	  
6.35 	 2.1682 	  2.1675 	  
6.45 	 2.1722 	  2.1716 	  
6.55 	 2.176 	  2.1755 	  
6.65 	 2.1795 	  2.1791 	  
6.75 	 2.1828 	  2.1824 	  
6.85 	 2.1859 	  2.1854 	  
6.95 	 2.1887 	  2.1882 	  
7.05 	 2.1912 	  2.1907 	  
7.15 	 2.1934 	  2.1929 	  
7.25 	 2.1954 	  2.1948 	  
7.35 	 2.1971 	  2.1964 	  
7.45 	 2.1985 	  2.1977 	  
7.55 	 2.1997 	  2.1987 	  
7.65 	 2.2006 	  2.1994 	  
7.75 	 2.2011 	  2.1999 	  
7.85 	 2.2014 	  2.2 	  
7.95 	 2.2014 	  2.1998 	  
8.05 	 2.2012 	  2.1994 	  
8.15 	 2.2006 	  2.1986 	  
8.25 	 2.1997 	  2.1975 	  
8.35 	 2.1986 	  2.1961 	  
8.45 	 2.1971 	  2.1945 	  
8.55 	 2.1953 	  2.1925 	  
8.65 	 2.1933 	  2.1903 	  
8.75 	 2.1909 	  2.1878 	  
8.85 	 2.1882 	  2.185 	  
8.95 	 2.1852 	  2.1819 	  
9.05 	 2.182 	  2.1785 	  
9.15 	 2.1784 	  2.1749 	  
9.25 	 2.1746 	  2.171 	  
9.35 	 2.1704 	  2.1669 	  
9.45 	 2.166 	  2.1625 	  
9.55 	 2.1612 	  2.1578 	  
9.65 	 2.1562 	  2.153 	  
9.75 	 2.1509 	  2.1478 	  
9.85 	 2.1453 	  2.1425 	  
9.95 	 2.1395 	  2.137 	  
10.05 	 2.1335 	  2.1312 	  
10.15 	 2.1272 	  2.1253 	  
10.25 	 2.1207 	  2.1192 	  
10.35 	 2.114 	  2.1129 	  
10.45 	 2.1071 	  2.1064 	  
10.55 	 2.1 	  2.0997 	  
10.65 	 2.0927 	  2.093 	  
10.75 	 2.0853 	  2.086 	  
10.85 	 2.0777 	  2.079 	  
10.95 	 2.0699 	  2.0718 	  
11.05 	 2.062 	  2.0645 	  
11.15 	 2.054 	  2.0572 	  
11.25 	 2.0458 	  2.0497 	  
11.35 	 2.0376 	  2.0422 	  
11.45 	 2.0293 	  2.0346 	  
11.55 	 2.021 	  2.0269 	  
11.65 	 2.0127 	  2.0192 	  
11.75 	 2.0043 	  2.0115 	  
11.85 	 1.9958 	  2.0037 	  
11.95 	 1.9873 	  1.996 	  
12.05 	 1.9788 	  1.9883 	  
12.15 	 1.9702 	  1.9805 	  
12.25 	 1.9617 	  1.9729 	  
12.35 	 1.9532 	  1.9652 	  
12.45 	 1.9447 	  1.9576 	  
12.55 	 1.9364 	  1.9501 	  
12.65 	 1.9281 	  1.9426 	  
12.75 	 1.92 	  1.9352 	  
12.85 	 1.912 	  1.928 	  
12.95 	 1.9042 	  1.9208 	  
13.05 	 1.8966 	  1.9137 	  
13.15 	 1.8893 	  1.9068 	  
13.25 	 1.8822 	  1.9 	  
13.35 	 1.8754 	  1.8934 	  
13.45 	 1.8689 	  1.8869 	  
13.55 	 1.8627 	  1.8806 	  
13.65 	 1.8569 	  1.8745 	  
13.75 	 1.8515 	  1.8686 	  
13.85 	 1.8465 	  1.8628 	  
13.95 	 1.8419 	  1.8573 	  
14.05 	 1.8377 	  1.852 	  
14.15 	 1.8338 	  1.8469 	  
14.25 	 1.8304 	  1.842 	  
14.35 	 1.8274 	  1.8374 	  
14.45 	 1.8248 	  1.833 	  
14.55 	 1.8226 	  1.8289 	  
14.65 	 1.8207 	  1.825 	  
14.75 	 1.8192 	  1.8214 	  
14.85 	 1.8181 	  1.818 	  
14.95 	 1.8174 	  1.815 	  
15.05 	 1.8169 	  1.8122 	  
15.15 	 1.8168 	  1.8096 	  
15.25 	 1.817 	  1.8074 	  
15.35 	 1.8175 	  1.8055 	  
15.45 	 1.8183 	  1.8038 	  
15.55 	 1.8193 	  1.8025 	  
15.65 	 1.8207 	  1.8014 	  
15.75 	 1.8223 	  1.8006 	  
15.85 	 1.8241 	  1.8002 	  
15.95 	 1.8261 	  1.8 	  
16.05 	 1.8284 	  1.8001 	  
16.15 	 1.8308 	  1.8006 	  
16.25 	 1.8333 	  1.8013 	  
16.35 	 1.8361 	  1.8023 	  
16.45 	 1.8389 	  1.8037 	  
16.55 	 1.8419 	  1.8053 	  
16.65 	 1.8451 	  1.8072 	  
16.75 	 1.8484 	  1.8094 	  
16.85 	 1.8519 	  1.8119 	  
16.95 	 1.8554 	  1.8147 	  
17.05 	 1.8591 	  1.8177 	  
17.15 	 1.8628 	  1.821 	  
17.25 	 1.8667 	  1.8246 	  
17.35 	 1.8707 	  1.8285 	  
17.45 	 1.8748 	  1.8326 	  
17.55 	 1.879 	  1.837 	  
17.65 	 1.8834 	  1.8416 	  
17.75 	 1.8878 	  1.8464 	  
17.85 	 1.8922 	  1.8515 	  
17.95 	 1.8967 	  1.8568 	  
18.05 	 1.9011 	  1.8623 	  
18.15 	 1.9055 	  1.868 	  
18.25 	 1.9098 	  1.8739 	  
18.35 	 1.914 	  1.88 	  
18.45 	 1.9181 	  1.8863 	  
18.55 	 1.922 	  1.8928 	  
18.65 	 1.9257 	  1.8994 	  
18.75 	 1.9293 	  1.9062 	  
18.85 	 1.9326 	  1.9131 	  
18.95 	 1.9358 	  1.9201 	  
19.05 	 1.9388 	  1.9273 	  
19.15 	 1.9416 	  1.9345 	  
19.25 	 1.9444 	  1.9419 	  
19.35 	 1.9471 	  1.9493 	  
19.45 	 1.9497 	  1.9569 	  
19.55 	 1.9524 	  1.9645 	  
19.65 	 1.9551 	  1.9721 	  
19.75 	 1.9578 	  1.9798 	  
19.85 	 1.9606 	  1.9875 	  
19.95 	 1.9636 	  1.9953 	  
20.05 	 1.9668 	  2.003 	  
20.15 	 1.9701 	  2.0107 	  
20.25 	 1.9737 	  2.0185 	  
20.35 	 1.9776 	  2.0262 	  
20.45 	 1.9818 	  2.0338 	  
20.55 	 1.9863 	  2.0414 	  
20.65 	 1.9911 	  2.049 	  
20.75 	 1.9962 	  2.0564 	  
20.85 	 2.0016 	  2.0638 	  
20.95 	 2.0073 	  2.0711 	  
21.05 	 2.0134 	  2.0783 	  
21.15 	 2.0199 	  2.0854 	  
21.25 	 2.0268 	  2.0923 	  
21.35 	 2.0341 	  2.0991 	  
21.45 	 2.0418 	  2.1058 	  
21.55 	 2.05 	  2.1122 	  
21.65 	 2.0586 	  2.1186 	  
21.75 	 2.0677 	  2.1247 	  
21.85 	 2.0772 	  2.1307 	  
21.95 	 2.0872 	  2.1364 	  
22.05 	 2.0977 	  2.142 	  
22.15 	 2.1086 	  2.1473 	  
22.25 	 2.1199 	  2.1525 	  
22.35 	 2.1316 	  2.1574 	  
22.45 	 2.1437 	  2.162 	  
22.55 	 2.1559 	  2.1664 	  
22.65 	 2.1682 	  2.1706 	  
22.75 	 2.1805 	  2.1745 	  
22.85 	 2.1927 	  2.1782 	  
22.95 	 2.2046 	  2.1816 	  
23.05 	 2.2161 	  2.1847 	  
23.15 	 2.227 	  2.1875 	  
23.25 	 2.237 	  2.1901 	  
23.35 	 2.246 	  2.1923 	  
23.45 	 2.2537 	  2.1943 	  
23.55 	 2.2601 	  2.196 	  
23.65 	 2.2652 	  2.1974 	  
23.75 	 2.2688 	  2.1985 	  
23.85 	 2.2708 	  2.1993 	  
23.95 	 2.2713 	  2.1998 	  
24.05 	 2.2704 	  2.2 	  
24.15 	 2.2681 	  2.1999 	  
24.25 	 2.2646 	  2.1995 	  
24.35 	 2.2599 	  2.1988 	  
24.45 	 2.2543 	  2.1978 	  
24.55 	 2.2478 	  2.1965 	  
24.65 	 2.2406 	  2.1949 	  
24.75 	 2.2329 	  2.1931 	  
24.85 	 2.2246 	  2.1909 	  
24.95 	 2.216 	  2.1884 	  
25.05 	 2.2072 	  2.1857 	  
25.15 	 2.1983 	  2.1827 	  
25.25 	 2.1893 	  2.1794 	  
25.35 	 2.1803 	  2.1758 	  
25.45 	 2.1714 	  2.172 	  
25.55 	 2.1627 	  2.1679 	  
25.65 	 2.1541 	  2.1636 	  
25.75 	 2.1457 	  2.159 	  
25.85 	 2.1374 	  2.1542 	  
25.95 	 2.1294 	  2.1492 	  
26.05 	 2.1216 	  2.1439 	  
26.15 	 2.114 	  2.1384 	  
26.25 	 2.1065 	  2.1327 	  
26.35 	 2.0993 	  2.1268 	  
26.45 	 2.0922 	  2.1208 	  
26.55 	 2.0852 	  2.1145 	  
26.65 	 2.0784 	  2.1081 	  
26.75 	 2.0716 	  2.1015 	  
26.85 	 2.065 	  2.0947 	  
26.95 	 2.0584 	  2.0878 	  
27.05 	 2.0519 	  2.0808 	  
27.15 	 2.0454 	  2.0737 	  
27.25 	 2.039 	  2.0664 	  
27.35 	 2.0326 	  2.0591 	  
27.45 	 2.0262 	  2.0516 	  
27.55 	 2.0197 	  2.0441 	  
27.65 	 2.0133 	  2.0365 	  
27.75 	 2.0069 	  2.0289 	  
27.85 	 2.0005 	  2.0212 	  
27.95 	 1.994 	  2.0135 	  
28.05 	 1.9875 	  2.0057 	  
28.15 	 1.9811 	  1.998 	  
28.25 	 1.9746 	  1.9903 	  
28.35 	 1.9681 	  1.9825 	  
28.45 	 1.9617 	  1.9748 	  
28.55 	 1.9553 	  1.9672 	  
28.65 	 1.949 	  1.9596 	  
28.75 	 1.9427 	  1.952 	  
28.85 	 1.9365 	  1.9445 	  
28.95 	 1.9304 	  1.9371 	  
29.05 	 1.9243 	  1.9298 	  
29.15 	 1.9184 	  1.9226 	  
29.25 	 1.9125 	  1.9155 	  
29.35 	 1.9068 	  1.9086 	  
29.45 	 1.9012 	  1.9018 	  
29.55 	 1.8958 	  1.8951 	  
29.65 	 1.8906 	  1.8886 	  
29.75 	 1.8855 	  1.8822 	  
29.85 	 1.8806 	  1.8761 	  
29.95 	 1.8759 	  1.8701 	  
30.05 	 1.8715 	  1.8643 	  
30.15 	 1.8672 	  1.8587 	  
30.25 	 1.8631 	  1.8533 	  
30.35 	 1.8593 	  1.8482 	  
30.45 	 1.8557 	  1.8433 	  
30.55 	 1.8523 	  1.8386 	  
30.65 	 1.8492 	  1.8341 	  
30.75 	 1.8463 	  1.8299 	  
30.85 	 1.8436 	  1.826 	  
30.95 	 1.8412 	  1.8223 	  
31.05 	 1.8391 	  1.8189 	  
31.15 	 1.8371 	  1.8157 	  
31.25 	 1.8354 	  1.8128 	  
31.35 	 1.8339 	  1.8103 	  
31.45 	 1.8327 	  1.8079 	  
31.55 	 1.8317 	  1.8059 	  
31.65 	 1.8309 	  1.8042 	  
31.75 	 1.8304 	  1.8028 	  
31.85 	 1.83 	  1.8016 	  
31.95 	 1.8299 	  1.8008 	  
32.05 	 1.83 	  1.8003 	  
32.15 	 1.8304 	  1.8 	  
32.25 	 1.8309 	  1.8001 	  
32.35 	 1.8316 	  1.8004 	  
32.45 	 1.8326 	  1.8011 	  
32.55 	 1.8338 	  1.802 	  
32.65 	 1.8352 	  1.8033 	  
32.75 	 1.8368 	  1.8048 	  
32.85 	 1.8386 	  1.8067 	  
32.95 	 1.8406 	  1.8088 	  
33.05 	 1.8428 	  1.8112 	  
33.15 	 1.8451 	  1.8139 	  
33.25 	 1.8477 	  1.8169 	  
33.35 	 1.8504 	  1.8202 	  
33.45 	 1.8533 	  1.8237 	  
33.55 	 1.8565 	  1.8275 	  
33.65 	 1.8598 	  1.8315 	  
33.75 	 1.8633 	  1.8358 	  
33.85 	 1.867 	  1.8404 	  
33.95 	 1.8709 	  1.8451 	  
34.05 	 1.875 	  1.8502 	  
34.15 	 1.8792 	  1.8554 	  
34.25 	 1.8836 	  1.8609 	  
34.35 	 1.8882 	  1.8665 	  
34.45 	 1.8929 	  1.8724 	  
34.55 	 1.8978 	  1.8784 	  
34.65 	 1.9028 	  1.8847 	  
34.75 	 1.9079 	  1.8911 	  
34.85 	 1.9132 	  1.8977 	  
34.95 	 1.9186 	  1.9044 	  
35.05 	 1.9242 	  1.9113 	  
35.15 	 1.9298 	  1.9183 	  
35.25 	 1.9356 	  1.9254 	  
35.35 	 1.9415 	  1.9326 	  
35.45 	 1.9475 	  1.94 	  
35.55 	 1.9536 	  1.9474 	  
35.65 	 1.9598 	  1.9549 	  
35.75 	 1.966 	  1.9625 	  
35.85 	 1.9724 	  1.9701 	  
35.95 	 1.9788 	  1.9778 	  
36.05 	 1.9853 	  1.9855 	  
36.15 	 1.9918 	  1.9933 	  
36.25 	 1.9983 	  2.001 	  
36.35 	 2.0048 	  2.0088 	  
36.45 	 2.0114 	  2.0165 	  
36.55 	 2.0179 	  2.0242 	  
36.65 	 2.0245 	  2.0319 	  
36.75 	 2.031 	  2.0395 	  
36.85 	 2.0374 	  2.047 	  
36.95 	 2.0439 	  2.0545 	  
37.05 	 2.0502 	  2.0619 	  
37.15 	 2.0565 	  2.0692 	  
37.25 	 2.0627 	  2.0765 	  
37.35 	 2.0687 	  2.0836 	  
37.45 	 2.0747 	  2.0905 	  
37.55 	 2.0805 	  2.0974 	  
37.65 	 2.0862 	  2.1041 	  
37.75 	 2.0918 	  2.1106 	  
37.85 	 2.0972 	  2.117 	  
37.95 	 2.1024 	  2.1232 	  
38.05 	 2.1074 	  2.1292 	  
38.15 	 2.1122 	  2.135 	  
38.25 	 2.1168 	  2.1406 	  
38.35 	 2.1212 	  2.146 	  
38.45 	 2.1253 	  2.1512 	  
38.55 	 2.1292 	  2.1561 	  
38.65 	 2.1329 	  2.1608 	  
38.75 	 2.1363 	  2.1653 	  
38.85 	 2.1394 	  2.1696 	  
38.95 	 2.1423 	  2.1735 	  
39.05 	 2.1449 	  2.1773 	  
39.15 	 2.1472 	  2.1807 	  
39.25 	 2.1493 	  2.1839 	  
39.35 	 2.1511 	  2.1868 	  
39.45 	 2.1526 	  2.1894 	  
39.55 	 2.1538 	  2.1918 	  
39.65 	 2.1548 	  2.1938 	  
39.75 	 2.1556 	  2.1956 	  
39.85 	 2.1561 	  2.1971 	  
39.95 	 2.1563 	  2.1982 	  
40.05 	 2.1563 	  2.1991 	  
40.15 	 2.156 	  2.1997 	  
40.25 	 2.1555 	  2.2 	  
40.35 	 2.1548 	  2.2 	  
40.45 	 2.1539 	  2.1996 	  
40.55 	 2.1528 	  2.199 	  
40.65 	 2.1515 	  2.1981 	  
40.75 	 2.15 	  2.1969 	  
40.85 	 2.1483 	  2.1954 	  
40.95 	 2.1464 	  2.1936 	  
41.05 	 2.1445 	  2.1915 	  
41.15 	 2.1423 	  2.1891 	  
41.25 	 2.14 	  2.1864 	  
41.35 	 2.1376 	  2.1835 	  
41.45 	 2.1351 	  2.1803 	  
41.55 	 2.1325 	  2.1768 	  
41.65 	 2.1298 	  2.173 	  
41.75 	 2.127 	  2.169 	  
41.85 	 2.1242 	  2.1648 	  
41.95 	 2.1212 	  2.1602 	  
42.05 	 2.1182 	  2.1555 	  
42.15 	 2.1152 	  2.1505 	  
42.25 	 2.1121 	  2.1453 	  
42.35 	 2.109 	  2.1399 	  
42.45 	 2.1059 	  2.1342 	  
42.55 	 2.1028 	  2.1284 	  
42.65 	 2.0996 	  2.1223 	  
42.75 	 2.0965 	  2.1161 	  
42.85 	 2.0933 	  2.1097 	  
42.95 	 2.0902 	  2.1032 	  
43.05 	 2.0871 	  2.0965 	  
43.15 	 2.0839 	  2.0896 	  
43.25 	 2.0809 	  2.0826 	  
43.35 	 2.0778 	  2.0755 	  
43.45 	 2.0748 	  2.0683 	  
43.55 	 2.0718 	  2.061 	  
43.65 	 2.0688 	  2.0535 	  
43.75 	 2.0659 	  2.046 	  
43.85 	 2.0631 	  2.0385 	  
43.95 	 2.0603 	  2.0308 	  
44.05 	 2.0575 	  2.0232 	  
44.15 	 2.0548 	  2.0155 	  
44.25 	 2.0522 	  2.0077 	  
44.35 	 2.0496 	  2 	  
44.45 	 2.0471 	  1.9922 	  
44.55 	 2.0446 	  1.9845 	  
44.65 	 2.0422 	  1.9768 	  
44.75 	 2.0399 	  1.9691 	  
44.85 	 2.0376 	  1.9615 	  
44.95 	 2.0354 	  1.9539 	  
45.05 	 2.0333 	  1.9464 	  
45.15 	 2.0312 	  1.939 	  
45.25 	 2.0292 	  1.9317 	  
45.35 	 2.0273 	  1.9245 	  
45.45 	 2.0254 	  1.9173 	  
45.55 	 2.0236 	  1.9104 	  
45.65 	 2.0218 	  1.9035 	  
45.75 	 2.0201 	  1.8968 	  
45.85 	 2.0185 	  1.8902 	  
45.95 	 2.0169 	  1.8839 	  
46.05 	 2.0154 	  1.8776 	  
46.15 	 2.014 	  1.8716 	  
46.25 	 2.0126 	  1.8658 	  
46.35 	 2.0112 	  1.8601 	  
46.45 	 2.0099 	  1.8547 	  
46.55 	 2.0087 	  1.8495 	  
46.65 	 2.0075 	  1.8445 	  
46.75 	 2.0064 	  1.8397 	  
46.85 	 2.0053 	  1.8352 	  
46.95 	 2.0043 	  1.831 	  
47.05 	 2.0033 	  1.827 	  
47.15 	 2.0024 	  1.8232 	  
47.25 	 2.0015 	  1.8197 	  
47.35 	 2.0007 	  1.8165 	  
47.45 	 1.9999 	  1.8136 	  
47.55 	 1.9991 	  1.8109 	  
47.65 	 1.9984 	  1.8085 	  
47.75 	 1.9977 	  1.8064 	  
47.85 	 1.9971 	  1.8046 	  
47.95 	 1.9965 	  1.8031 	  
48.05 	 1.9959 	  1.8019 	  
48.15 	 1.9954 	  1.801 	  
48.25 	 1.9949 	  1.8004 	  
48.35 	 1.9944 	  1.8 	  
48.45 	 1.994 	  1.8 	  
48.55 	 1.9936 	  1.8003 	  
48.65 	 1.9932 	  1.8009 	  
48.75 	 1.9928 	  1.8018 	  
48.85 	 1.9925 	  1.8029 	  
48.95 	 1.9922 	  1.8044 	  
49.05 	 1.9919 	  1.8062 	  
49.15 	 1.9917 	  1.8082 	  
49.25 	 1.9915 	  1.8106 	  
49.35 	 1.9913 	  1.8132 	  
49.45 	 1.9911 	  1.8161 	  
49.55 	 1.9909 	  1.8193 	  
49.65 	 1.9908 	  1.8228 	  
49.75 	 1.9906 	  1.8265 	  
49.85 	 1.9905 	  1.8305 	  
49.95 	 1.9904 	  1.8347 	  
50.05 	 1.9904 	  1.8392 	  
50.15 	 1.9903 	  1.8439 	  
50.25 	 1.9902 	  1.8488 	  
50.35 	 1.9902 	  1.854 	  
50.45 	 1.9902 	  1.8594 	  
50.55 	 1.9902 	  1.865 	  
50.65 	 1.9902 	  1.8709 	  
50.75 	 1.9902 	  1.8769 	  
50.85 	 1.9902 	  1.8831 	  
50.95 	 1.9902 	  1.8894 	  
51.05 	 1.9903 	  1.896 	  
51.15 	 1.9903 	  1.9027 	  
51.25 	 1.9904 	  1.9095 	  
51.35 	 1.9904 	  1.9165 	  
51.45 	 1.9905 	  1.9236 	  
51.55 	 1.9906 	  1.9308 	  
51.65 	 1.9907 	  1.9381 	  
51.75 	 1.9908 	  1.9455 	  
51.85 	 1.9909 	  1.953 	  
51.95 	 1.991 	  1.9606 	  
52.05 	 1.9911 	  1.9682 	  
52.15 	 1.9912 	  1.9758 	  
52.25 	 1.9913 	  1.9835 	  
52.35 	 1.9914 	  1.9913 	  
52.45 	 1.9915 	  1.999 	  
52.55 	 1.9916 	  2.0068 	  
52.65 	 1.9917 	  2.0145 	  
52.75 	 1.9919 	  2.0222 	  
52.85 	 1.992 	  2.0299 	  
52.95 	 1.9921 	  2.0375 	  
53.05 	 1.9922 	  2.0451 	  
53.15 	 1.9924 	  2.0526 	  
53.25 	 1.9925 	  2.06 	  
53.35 	 1.9926 	  2.0674 	  
53.45 	 1.9928 	  2.0746 	  
53.55 	 1.9929 	  2.0817 	  
53.65 	 1.993 	  2.0887 	  
53.75 	 1.9932 	  2.0956 	  
53.85 	 1.9933 	  2.1024 	  
53.95 	 1.9934 	  2.1089 	  
54.05 	 1.9936 	  2.1153 	  
54.15 	 1.9937 	  2.1216 	  
54.25 	 1.9938 	  2.1276 	  
54.35 	 1.994 	  2.1335 	  
54.45 	 1.9941 	  2.1392 	  
54.55 	 1.9942 	  2.1446 	  
54.65 	 1.9944 	  2.1499 	  
54.75 	 1.9945 	  2.1549 	  
54.85 	 1.9946 	  2.1597 	  
54.95 	 1.9947 	  2.1642 	  
55.05 	 1.9949 	  2.1685 	  
55.15 	 1.995 	  2.1725 	  
55.25 	 1.9951 	  2.1763 	  
55.35 	 1.9952 	  2.1799 	  
55.45 	 1.9953 	  2.1831 	  
55.55 	 1.9955 	  2.1861 	  
55.65 	 1.9956 	  2.1888 	  
55.75 	 1.9957 	  2.1912 	  
55.85 	 1.9958 	  2.1933 	  
55.95 	 1.9959 	  2.1952 	  
56.05 	 1.996 	  2.1967 	  
56.15 	 1.9961 	  2.198 	  
56.25 	 1.9962 	  2.1989 	  
56.35 	 1.9963 	  2.1996 	  
56.45 	 1.9964 	  2.1999 	  
56.55 	 1.9965 	  2.2 	  
56.65 	 1.9966 	  2.1997 	  
56.75 	 1.9967 	  2.1992 	  
56.85 	 1.9968 	  2.1984 	  
56.95 	 1.9968 	  2.1972 	  
57.05 	 1.9969 	  2.1958 	  
57.15 	 1.997 	  2.1941 	  
57.25 	 1.9971 	  2.192 	  
57.35 	 1.9972 	  2.1897 	  
57.45 	 1.9973 	  2.1871 	  
57.55 	 1.9973 	  2.1843 	  
57.65 	 1.9974 	  2.1811 	  
57.75 	 1.9975 	  2.1777 	  
57.85 	 1.9976 	  2.174 	  
57.95 	 1.9976 	  2.1701 	  
58.05 	 1.9977 	  2.1659 	  
58.15 	 1.9977 	  2.1614 	  
58.25 	 1.9978 	  2.1567 	  
58.35 	 1.9979 	  2.1518 	  
58.45 	 1.9979 	  2.1466 	  
58.55 	 1.998 	  2.1413 	  
58.65 	 1.998 	  2.1357 	  
58.75 	 1.9981 	  2.1299 	  
58.85 	 1.9981 	  2.1239 	  
58.95 	 1.9982 	  2.1177 	  
59.05 	 1.9983 	  2.1114 	  
59.15 	 1.9983 	  2.1049 	  
59.25 	 1.9984 	  2.0982 	  
59.35 	 1.9984 	  2.0914 	  
59.45 	 1.9984 	  2.0844 	  
59.55 	 1.9985 	  2.0774 	  
59.65 	 1.9985 	  2.0702 	  
59.75 	 1.9986 	  2.0629 	  
59.85 	 1.9986 	  2.0555 	  
59.95 	 1.9987 	  2.048 	  
60.05 	 1.9987 	  2.0404 	  
60.15 	 1.9988 	  2.0328 	  
60.25 	 1.9988 	  2.0251 	  
60.35 	 1.9989 	  2.0174 	  
60.45 	 1.9989 	  2.0097 	  
60.55 	 1.9989 	  2.002 	  
60.65 	 1.9989 	  1.9942 	  
60.75 	 1.9989 	  1.9865 	  
60.85 	 1.999 	  1.9788 	  
60.95 	 1.999 	  1.9711 	  
61.05 	 1.999 	  1.9635 	  
61.15 	 1.999 	  1.9559 	  
61.25 	 1.9991 	  1.9484 	  
61.35 	 1.9991 	  1.9409 	  
61.45 	 1.999 	  1.9336 	  
61.55 	 1.9991 	  1.9263 	  
61.65 	 1.9992 	  1.9192 	  
61.75 	 1.9992 	  1.9121 	  
61.85 	 1.9992 	  1.9053 	  
61.95 	 1.9992 	  1.8985 	  
62.05 	 1.9994 	  1.8919 	  
62.15 	 1.9994 	  1.8855 	  
62.25 	 1.9996 	  1.8792 	  
62.35 	 1.9996 	  1.8731 	  
62.45 	 1.9996 	  1.8672 	  
62.55 	 1.9998 	  1.8616 	  
62.65 	 1.9998 	  1.8561 	  
62.75 	 1.9997 	  1.8508 	  
62.85 	 1.9997 	  1.8458 	  
62.95 	 1.9997 	  1.8409 	  
63.05 	 1.9997 	  1.8364 	  
63.15 	 1.9997 	  1.832 	  
63.25 	 1.9997 	  1.828 	  
63.35 	 1.9997 	  1.8241 	  
63.45 	 1.9997 	  1.8206 	  
63.55 	 1.9998 	  1.8173 	  
63.65 	 1.9997 	  1.8143 	  
63.75 	 1.9998 	  1.8116 	  
63.85 	 1.9998 	  1.8091 	  
63.95 	 1.9998 	  1.8069 	  
64.05 	 1.9998 	  1.8051 	  
64.15 	 1.9998 	  1.8035 	  
64.25 	 1.9998 	  1.8022 	  
64.35 	 1.9998 	  1.8012 	  
64.45 	 1.9998 	  1.8005 	  
64.55 	 1.9998 	  1.8001 	  
64.65 	 1.9998 	  1.8 	  
64.75 	 1.9998 	  1.8002 	  
64.85 	 1.9998 	  1.8007 	  
64.95 	 1.9998 	  1.8015 	  
65.05 	 1.9998 	  1.8026 	  
65.15 	 1.9998 	  1.804 	  
65.25 	 1.9999 	  1.8057 	  
65.35 	 1.9999 	  1.8077 	  
65.45 	 1.9999 	  1.81 	  
65.55 	 1.9999 	  1.8125 	  
65.65 	 1.9999 	  1.8153 	  
65.75 	 1.9999 	  1.8185 	  
65.85 	 1.9999 	  1.8218 	  
65.95 	 1.9999 	  1.8255 	  
66.05 	 1.9999 	  1.8294 	  
66.15 	 1.9999 	  1.8336 	  
66.25 	 1.9999 	  1.838 	  
66.35 	 1.9999 	  1.8427 	  
66.45 	 1.9999 	  1.8475 	  
66.55 	 1.9999 	  1.8527 	  
66.65 	 1.9999 	  1.858 	  
66.75 	 1.9999 	  1.8636 	  
66.85 	 1.9999 	  1.8693 	  
66.95 	 1.9999 	  1.8753 	  
67.05 	 1.9999 	  1.8815 	  
67.15 	 1.9999 	  1.8878 	  
67.25 	 1.9999 	  1.8943 	  
67.35 	 1.9999 	  1.9009 	  
67.45 	 1.9999 	  1.9077 	  
67.55 	 1.9999 	  1.9147 	  
67.65 	 1.9999 	  1.9217 	  
67.75 	 1.9999 	  1.9289 	  
67.85 	 1.9999 	  1.9362 	  
67.95 	 1.9999 	  1.9436 	  
68.05 	 1.9999 	  1.9511 	  
68.15 	 1.9999 	  1.9586 	  
68.25 	 1.9999 	  1.9662 	  
68.35 	 1.9999 	  1.9739 	  
68.45 	 1.9999 	  1.9816 	  
68.55 	 1.9999 	  1.9893 	  
68.65 	 1.9999 	  1.997 	  
68.75 	 1.9999 	  2.0048 	  
68.85 	 1.9999 	  2.0125 	  
68.95 	 1.9999 	  2.0202 	  
69.05 	 1.9999 	  2.0279 	  
69.15 	 1.9999 	  2.0356 	  
69.25 	 1.9999 	  2.0432 	  
69.35 	 1.9999 	  2.0507 	  
69.45 	 1.9999 	  2.0581 	  
69.55 	 1.9999 	  2.0655 	  
69.65 	 1.9999 	  2.0728 	  
69.75 	 1.9999 	  2.0799 	  
69.85 	 1.9999 	  2.087 	  
69.95 	 1.9999 	  2.0939 	  
70.05 	 1.9999 	  2.1006 	  
70.15 	 1.9999 	  2.1073 	  
70.25 	 1.9999 	  2.1137 	  
70.35 	 1.9999 	  2.12 	  
70.45 	 1.9999 	  2.1261 	  
70.55 	 1.9999 	  2.132 	  
70.65 	 1.9999 	  2.1377 	  
70.75 	 1.9999 	  2.1432 	  
70.85 	 1.9999 	  2.1485 	  
70.95 	 1.9999 	  2.1536 	  
71.05 	 1.9999 	  2.1585 	  
71.15 	 1.9999 	  2.1631 	  
71.25 	 1.9999 	  2.1674 	  
71.35 	 1.9999 	  2.1715 	  
71.45 	 1.9999 	  2.1754 	  
71.55 	 2 	  2.179 	  
71.65 	 2 	  2.1823 	  
71.75 	 2 	  2.1853 	  
71.85 	 2 	  2.1881 	  
71.95 	 2 	  2.1906 	  
72.05 	 2 	  2.1928 	  
72.15 	 2 	  2.1947 	  
72.25 	 2 	  2.1963 	  
72.35 	 2 	  2.1977 	  
72.45 	 2 	  2.1987 	  
72.55 	 2 	  2.1994 	  
72.65 	 2 	  2.1999 	  
72.75 	 2 	  2.2 	  
72.85 	 2 	  2.1998 	  
72.95 	 2 	  2.1994 	  
73.05 	 2 	  2.1986 	  
73.15 	 2 	  2.1975 	  
73.25 	 2 	  2.1962 	  
73.35 	 2 	  2.1945 	  
73.45 	 2 	  2.1926 	  
73.55 	 2 	  2.1904 	  
73.65 	 2 	  2.1878 	  
73.75 	 2 	  2.185 	  
73.85 	 2 	  2.182 	  
73.95 	 2 	  2.1786 	  
74.05 	 2 	  2.175 	  
74.15 	 2 	  2.1711 	  
74.25 	 2 	  2.167 	  
74.35 	 2 	  2.1626 	  
74.45 	 2 	  2.158 	  
74.55 	 2 	  2.1531 	  
74.65 	 2 	  2.148 	  
74.75 	 2 	  2.1427 	  
74.85 	 2 	  2.1371 	  
74.95 	 2 	  2.1314 	  
75.05 	 2 	  2.1255 	  
75.15 	 2 	  2.1193 	  
75.25 	 2 	  2.113 	  
75.35 	 2 	  2.1066 	  
75.45 	 2 	  2.0999 	  
75.55 	 2 	  2.0932 	  
75.65 	 2 	  2.0862 	  
75.75 	 2 	  2.0792 	  
75.85 	 2 	  2.072 	  
75.95 	 2 	  2.0647 	  
76.05 	 2 	  2.0574 	  
76.15 	 2 	  2.0499 	  
76.25 	 2 	  2.0424 	  
76.35 	 2 	  2.0348 	  
76.45 	 2 	  2.0271 	  
76.55 	 2 	  2.0194 	  
76.65 	 2 	  2.0117 	  
76.75 	 2 	  2.004 	  
76.85 	 2 	  1.9962 	  
76.95 	 2 	  1.9885 	  
77.05 	 2 	  1.9808 	  
77.15 	 2 	  1.9731 	  
77.25 	 2 	  1.9654 	  
77.35 	 2 	  1.9578 	  
77.45 	 2 	  1.9503 	  
77.55 	 2 	  1.9428 	  
77.65 	 2 	  1.9354 	  
77.75 	 2 	  1.9282 	  
77.85 	 2 	  1.921 	  
77.95 	 2 	  1.9139 	  
78.05 	 2 	  1.907 	  
78.15 	 2 	  1.9002 	  
78.25 	 2 	  1.8936 	  
78.35 	 2 	  1.8871 	  
78.45 	 2 	  1.8808 	  
78.55 	 2 	  1.8747 	  
78.65 	 2 	  1.8687 	  
78.75 	 2 	  1.863 	  
78.85 	 2 	  1.8575 	  
78.95 	 2 	  1.8521 	  
79.05 	 2 	  1.847 	  
79.15 	 2 	  1.8422 	  
79.25 	 2 	  1.8375 	  
79.35 	 2 	  1.8331 	  
79.45 	 2 	  1.829 	  
79.55 	 2 	  1.8251 	  
79.65 	 2 	  1.8215 	  
79.75 	 2 	  1.8181 	  
79.85 	 2 	  1.815 	  
79.95 	 2 	  1.8122 	  
80.05 	 2 	  1.8097 	  
80.15 	 2 	  1.8075 	  
80.25 	 2 	  1.8055 	  
80.35 	 2 	  1.8039 	  
80.45 	 2 	  1.8025 	  
80.55 	 2 	  1.8014 	  
80.65 	 2 	  1.8006 	  
80.75 	 2 	  1.8002 	  
80.85 	 2 	  1.8 	  
80.95 	 2 	  1.8001 	  
81.05 	 2 	  1.8006 	  
81.15 	 2 	  1.8013 	  
81.25 	 2 	  1.8023 	  
81.35 	 2 	  1.8036 	  
81.45 	 2 	  1.8052 	  
81.55 	 2 	  1.8071 	  
81.65 	 2 	  1.8093 	  
81.75 	 2 	  1.8118 	  
81.85 	 2 	  1.8146 	  
81.95 	 2 	  1.8176 	  
82.05 	 2 	  1.8209 	  
82.15 	 2 	  1.8245 	  
82.25 	 2 	  1.8284 	  
82.35 	 2 	  1.8325 	  
82.45 	 2 	  1.8368 	  
82.55 	 2 	  1.8414 	  
82.65 	 2 	  1.8463 	  
82.75 	 2 	  1.8513 	  
82.85 	 2 	  1.8566 	  
82.95 	 2 	  1.8621 	  
83.05 	 2 	  1.8678 	  
83.15 	 2 	  1.8738 	  
83.25 	 2 	  1.8799 	  
83.35 	 2 	  1.8861 	  
83.45 	 2 	  1.8926 	  
83.55 	 2 	  1.8992 	  
83.65 	 2 	  1.906 	  
83.75 	 2 	  1.9129 	  
83.85 	 2 	  1.9199 	  
83.95 	 2 	  1.9271 	  
84.05 	 2 	  1.9343 	  
84.15 	 2 	  1.9417 	  
84.25 	 2 	  1.9491 	  
84.35 	 2 	  1.9567 	  
84.45 	 2 	  1.9643 	  
84.55 	 2 	  1.9719 	  
84.65 	 2 	  1.9796 	  
84.75 	 2 	  1.9873 	  
84.85 	 2 	  1.995 	  
84.95 	 2 	  2.0028 	  
85.05 	 2 	  2.0105 	  
85.15 	 2 	  2.0182 	  
85.25 	 2 	  2.0259 	  
85.35 	 2 	  2.0336 	  
85.45 	 2 	  2.0412 	  
85.55 	 2 	  2.0488 	  
85.65 	 2 	  2.0562 	  
85.75 	 2 	  2.0636 	  
85.85 	 2 	  2.0709 	  
85.95 	 2 	  2.0781 	  
86.05 	 2 	  2.0852 	  
86.15 	 2 	  2.0921 	  
86.25 	 2 	  2.0989 	  
86.35 	 2 	  2.1056 	  
86.45 	 2 	  2.1121 	  
86.55 	 2 	  2.1184 	  
86.65 	 2 	  2.1245 	  
86.75 	 2 	  2.1305 	  
86.85 	 2 	  2.1363 	  
86.95 	 2 	  2.1418 	  
87.05 	 2 	  2.1472 	  
87.15 	 2 	  2.1523 	  
87.25 	 2 	  2.1572 	  
87.35 	 2 	  2.1619 	  
87.45 	 2 	  2.1663 	  
87.55 	 2 	  2.1705 	  
87.65 	 2 	  2.1744 	  
87.75 	 2 	  2.1781 	  
87.85 	 2 	  2.1815 	  
87.95 	 2 	  2.1846 	  
88.05 	 2 	  2.1874 	  
88.15 	 2 	  2.19 	  
88.25 	 2 	  2.1923 	  
88.35 	 2 	  2.1943 	  
88.45 	 2 	  2.196 	  
88.55 	 2 	  2.1974 	  
88.65 	 2 	  2.1985 	  
88.75 	 2 	  2.1993 	  
88.85 	 2 	  2.1998 	  
88.95 	 2 	  2.2 	  
89.05 	 2 	  2.1999 	  
89.15 	 2 	  2.1995 	  
89.25 	 2 	  2.1988 	  
89.35 	 2 	  2.1978 	  
89.45 	 2 	  2.1966 	  
89.55 	 2 	  2.195 	  
89.65 	 2 	  2.1931 	  
89.75 	 2 	  2.191 	  
89.85 	 2 	  2.1885 	  
89.95 	 2 	  2.1858 	  
90.05 	 2 	  2.1828 	  
90.15 	 2 	  2.1795 	  
90.25 	 2 	  2.1759 	  
90.35 	 2 	  2.1721 	  
90.45 	 2 	  2.1681 	  
90.55 	 2 	  2.1637 	  
90.65 	 2 	  2.1592 	  
90.75 	 2 	  2.1544 	  
90.85 	 2 	  2.1493 	  
90.95 	 2 	  2.1441 	  
91.05 	 2 	  2.1386 	  
91.15 	 2 	  2.1329 	  
91.25 	 2 	  2.127 	  
91.35 	 2 	  2.1209 	  
91.45 	 2 	  2.1147 	  
91.55 	 2 	  2.1083 	  
91.65 	 2 	  2.1017 	  
91.75 	 2 	  2.0949 	  
91.85 	 2 	  2.088 	  
91.95 	 2 	  2.081 	  
92.05 	 2 	  2.0739 	  
92.15 	 2 	  2.0666 	  
92.25 	 2 	  2.0593 	  
92.35 	 2 	  2.0518 	  
92.45 	 2 	  2.0443 	  
92.55 	 2 	  2.0367 	  
92.65 	 2 	  2.0291 	  
92.75 	 2 	  2.0214 	  
92.85 	 2 	  2.0137 	  
92.95 	 2 	  2.006 	  
93.05 	 2 	  1.9982 	  
93.15 	 2 	  1.9905 	  
93.25 	 2 	  1.9827 	  
93.35 	 2 	  1.975 	  
93.45 	 2 	  1.9674 	  
93.55 	 2 	  1.9598 	  
93.65 	 2 	  1.9522 	  
93.75 	 2 	  1.9447 	  
93.85 	 2 	  1.9373 	  
93.95 	 2 	  1.93 	  
94.05 	 2 	  1.9228 	  
94.15 	 2 	  1.9157 	  
94.25 	 2 	  1.9088 	  
94.35 	 2 	  1.902 	  
94.45 	 2 	  1.8953 	  
94.55 	 2 	  1.8888 	  
94.65 	 2 	  1.8824 	  
94.75 	 2 	  1.8762 	  
94.85 	 2 	  1.8702 	  
94.95 	 2 	  1.8645 	  
95.05 	 2 	  1.8589 	  
95.15 	 2 	  1.8535 	  
95.25 	 2 	  1.8483 	  
95.35 	 2 	  1.8434 	  
95.45 	 2 	  1.8387 	  
95.55 	 2 	  1.8342 	  
95.65 	 2 	  1.83 	  
95.75 	 2 	  1.8261 	  
95.85 	 2 	  1.8224 	  
95.95 	 2 	  1.819 	  
96.05 	 2 	  1.8158 	  
96.15 	 2 	  1.8129 	  
96.25 	 2 	  1.8103 	  
96.35 	 2 	  1.808 	  
96.45 	 2 	  1.806 	  
96.55 	 2 	  1.8043 	  
96.65 	 2 	  1.8028 	  
96.75 	 2 	  1.8017 	  
96.85 	 2 	  1.8008 	  
96.95 	 2 	  1.8003 	  
97.05 	 2 	  1.8 	  
97.15 	 2 	  1.8001 	  
97.25 	 2 	  1.8004 	  
97.35 	 2 	  1.8011 	  
97.45 	 2 	  1.802 	  
97.55 	 2 	  1.8033 	  
97.65 	 2 	  1.8048 	  
97.75 	 2 	  1.8066 	  
97.85 	 2 	  1.8087 	  
97.95 	 2 	  1.8112 	  
98.05 	 2 	  1.8138 	  
98.15 	 2 	  1.8168 	  
98.25 	 2 	  1.8201 	  
98.35 	 2 	  1.8236 	  
98.45 	 2 	  1.8274 	  
98.55 	 2 	  1.8314 	  
98.65 	 2 	  1.8357 	  
98.75 	 2 	  1.8402 	  
98.85 	 2 	  1.845 	  
98.95 	 2 	  1.85 	  
99.05 	 2 	  1.8552 	  
99.15 	 2 	  1.8607 	  
99.25 	 2 	  1.8664 	  
99.35 	 2 	  1.8722 	  
99.45 	 2 	  1.8783 	  
99.55 	 2 	  1.8845 	  
99.65 	 2 	  1.8909 	  
99.75 	 2 	  1.8975 	  
99.85 	 2 	  1.9042 	  
99.95 	 2 	  1.9111 	  
100.05 	 2 	  1.9181 	  
100.15 	 2 	  1.9252 	  
100.25 	 2 	  1.9324 	  
100.35 	 2 	  1.9398 	  
100.45 	 2 	  1.9472 	  
100.55 	 2 	  1.9547 	  
100.65 	 2 	  1.9623 	  
100.75 	 2 	  1.9699 	  
100.85 	 2 	  1.9776 	  
100.95 	 2 	  1.9853 	  
101.05 	 2 	  1.993 	  
101.15 	 2 	  2.0008 	  
101.25 	 2 	  2.0085 	  
101.35 	 2 	  2.0163 	  
101.45 	 2 	  2.024 	  
101.55 	 1.9999 	  2.0316 	  
101.65 	 1.9999 	  2.0393 	  
101.75 	 1.9999 	  2.0468 	  
101.85 	 1.9999 	  2.0543 	  
101.95 	 1.9999 	  2.0617 	  
102.05 	 1.9999 	  2.069 	  
102.15 	 1.9999 	  2.0763 	  
102.25 	 1.9999 	  2.0834 	  
102.35 	 1.9999 	  2.0903 	  
102.45 	 1.9999 	  2.0972 	  
102.55 	 1.9999 	  2.1039 	  
102.65 	 1.9999 	  2.1104 	  
102.75 	 1.9999 	  2.1168 	  
102.85 	 1.9999 	  2.123 	  
102.95 	 1.9999 	  2.129 	  
103.05 	 1.9999 	  2.1348 	  
103.15 	 1.9999 	  2.1404 	  
103.25 	 1.9999 	  2.1458 	  
103.35 	 1.9999 	  2.151 	  
103.45 	 1.9999 	  2.156 	  
103.55 	 1.9999 	  2.1607 	  
103.65 	 1.9999 	  2.1652 	  
103.75 	 1.9999 	  2.1694 	  
103.85 	 1.9999 	  2.1734 	  
103.95 	 1.9999 	  2.1772 	  
104.05 	 1.9999 	  2.1806 	  
104.15 	 1.9999 	  2.1838 	  
104.25 	 1.9999 	  2.1867 	  
104.35 	 1.9999 	  2.1894 	  
104.45 	 1.9999 	  2.1917 	  
104.55 	 1.9999 	  2.1938 	  
104.65 	 1.9999 	  2.1955 	  
104.75 	 1.9999 	  2.197 	  
104.85 	 1.9999 	  2.1982 	  
104.95 	 1.9999 	  2.1991 	  
105.05 	 1.9999 	  2.1997 	  
105.15 	 1.9999 	  2.2 	  
105.25 	 1.9999 	  2.2 	  
105.35 	 1.9999 	  2.1996 	  
105.45 	 1.9999 	  2.199 	  
105.55 	 1.9999 	  2.1981 	  
105.65 	 1.9999 	  2.1969 	  
105.75 	 1.9999 	  2.1954 	  
105.85 	 1.9999 	  2.1936 	  
105.95 	 1.9999 	  2.1915 	  
106.05 	 1.9999 	  2.1892 	  
106.15 	 1.9999 	  2.1865 	  
106.25 	 1.9999 	  2.1836 	  
106.35 	 1.9999 	  2.1804 	  
106.45 	 1.9999 	  2.1769 	  
106.55 	 1.9999 	  2.1731 	  
106.65 	 1.9999 	  2.1691 	  
106.75 	 1.9999 	  2.1649 	  
106.85 	 1.9999 	  2.1604 	  
106.95 	 1.9999 	  2.1556 	  
107.05 	 1.9999 	  2.1506 	  
107.15 	 1.9999 	  2.1454 	  
107.25 	 1.9999 	  2.14 	  
107.35 	 1.9999 	  2.1344 	  
107.45 	 1.9999 	  2.1285 	  
107.55 	 1.9999 	  2.1225 	  
107.65 	 1.9999 	  2.1163 	  
107.75 	 1.9999 	  2.1099 	  
107.85 	 1.9999 	  2.1034 	  
107.95 	 1.9999 	  2.0967 	  
108.05 	 1.9999 	  2.0898 	  
108.15 	 1.9999 	  2.0828 	  
108.25 	 2 	  2.0757 	  
108.35 	 2 	  2.0685 	  
108.45 	 2 	  2.0612 	  
108.55 	 2 	  2.0537 	  
108.65 	 2 	  2.0463 	  
108.75 	 2 	  2.0387 	  
108.85 	 2 	  2.0311 	  
108.95 	 2 	  2.0234 	  
