simtime:  9.4613
number of wsf-lines:  1

line_No     y_coord
1	 1.5
2	  Wave Theory 


X 1	 P 1 	 	 	 	 W 1

0.05 	 1.844 	  1.8477 	  
0.15 	 1.8393 	  1.8428 	  
0.25 	 1.8349 	  1.8381 	  
0.35 	 1.8307 	  1.8337 	  
0.45 	 1.8268 	  1.8295 	  
0.55 	 1.8231 	  1.8256 	  
0.65 	 1.8197 	  1.8219 	  
0.75 	 1.8166 	  1.8186 	  
0.85 	 1.8137 	  1.8154 	  
0.95 	 1.8111 	  1.8126 	  
1.05 	 1.8087 	  1.81 	  
1.15 	 1.8067 	  1.8077 	  
1.25 	 1.8049 	  1.8058 	  
1.35 	 1.8034 	  1.8041 	  
1.45 	 1.8022 	  1.8027 	  
1.55 	 1.8013 	  1.8015 	  
1.65 	 1.8007 	  1.8007 	  
1.75 	 1.8004 	  1.8002 	  
1.85 	 1.8004 	  1.8 	  
1.95 	 1.8007 	  1.8001 	  
2.05 	 1.8013 	  1.8005 	  
2.15 	 1.8021 	  1.8012 	  
2.25 	 1.8033 	  1.8021 	  
2.35 	 1.8048 	  1.8034 	  
2.45 	 1.8065 	  1.805 	  
2.55 	 1.8086 	  1.8069 	  
2.65 	 1.8109 	  1.809 	  
2.75 	 1.8135 	  1.8115 	  
2.85 	 1.8164 	  1.8142 	  
2.95 	 1.8196 	  1.8172 	  
3.05 	 1.823 	  1.8205 	  
3.15 	 1.8267 	  1.824 	  
3.25 	 1.8307 	  1.8278 	  
3.35 	 1.8349 	  1.8319 	  
3.45 	 1.8394 	  1.8362 	  
3.55 	 1.8441 	  1.8408 	  
3.65 	 1.849 	  1.8456 	  
3.75 	 1.8541 	  1.8506 	  
3.85 	 1.8595 	  1.8559 	  
3.95 	 1.8651 	  1.8614 	  
4.05 	 1.8708 	  1.8671 	  
4.15 	 1.8768 	  1.873 	  
4.25 	 1.883 	  1.879 	  
4.35 	 1.8893 	  1.8853 	  
4.45 	 1.8958 	  1.8917 	  
4.55 	 1.9024 	  1.8983 	  
4.65 	 1.9092 	  1.905 	  
4.75 	 1.9161 	  1.9119 	  
4.85 	 1.9231 	  1.919 	  
4.95 	 1.9303 	  1.9261 	  
5.05 	 1.9375 	  1.9333 	  
5.15 	 1.9448 	  1.9407 	  
5.25 	 1.9522 	  1.9481 	  
5.35 	 1.9597 	  1.9556 	  
5.45 	 1.9672 	  1.9632 	  
5.55 	 1.9747 	  1.9709 	  
5.65 	 1.9823 	  1.9786 	  
5.75 	 1.9899 	  1.9863 	  
5.85 	 1.9975 	  1.994 	  
5.95 	 2.0052 	  2.0017 	  
6.05 	 2.0128 	  2.0095 	  
6.15 	 2.0204 	  2.0172 	  
6.25 	 2.0279 	  2.0249 	  
6.35 	 2.0354 	  2.0326 	  
6.45 	 2.0428 	  2.0402 	  
6.55 	 2.0502 	  2.0477 	  
6.65 	 2.0574 	  2.0552 	  
6.75 	 2.0646 	  2.0626 	  
6.85 	 2.0717 	  2.0699 	  
6.95 	 2.0787 	  2.0771 	  
7.05 	 2.0856 	  2.0842 	  
7.15 	 2.0924 	  2.0912 	  
7.25 	 2.099 	  2.098 	  
7.35 	 2.1055 	  2.1047 	  
7.45 	 2.1119 	  2.1112 	  
7.55 	 2.1181 	  2.1176 	  
7.65 	 2.1241 	  2.1237 	  
7.75 	 2.1299 	  2.1297 	  
7.85 	 2.1356 	  2.1355 	  
7.95 	 2.1411 	  2.1411 	  
8.05 	 2.1464 	  2.1465 	  
8.15 	 2.1515 	  2.1517 	  
8.25 	 2.1564 	  2.1566 	  
8.35 	 2.1611 	  2.1613 	  
8.45 	 2.1656 	  2.1657 	  
8.55 	 2.1698 	  2.17 	  
8.65 	 2.1739 	  2.1739 	  
8.75 	 2.1777 	  2.1776 	  
8.85 	 2.1813 	  2.181 	  
8.95 	 2.1847 	  2.1842 	  
9.05 	 2.1878 	  2.1871 	  
9.15 	 2.1906 	  2.1897 	  
9.25 	 2.1932 	  2.192 	  
9.35 	 2.1956 	  2.194 	  
9.45 	 2.1976 	  2.1957 	  
9.55 	 2.1994 	  2.1972 	  
9.65 	 2.2009 	  2.1983 	  
9.75 	 2.2021 	  2.1992 	  
9.85 	 2.203 	  2.1997 	  
9.95 	 2.2036 	  2.2 	  
10.05 	 2.204 	  2.1999 	  
10.15 	 2.204 	  2.1996 	  
10.25 	 2.2037 	  2.1989 	  
10.35 	 2.2031 	  2.198 	  
10.45 	 2.2021 	  2.1968 	  
10.55 	 2.2009 	  2.1952 	  
10.65 	 2.1993 	  2.1934 	  
10.75 	 2.1975 	  2.1913 	  
10.85 	 2.1953 	  2.1889 	  
10.95 	 2.1928 	  2.1862 	  
11.05 	 2.19 	  2.1832 	  
11.15 	 2.187 	  2.18 	  
11.25 	 2.1836 	  2.1764 	  
11.35 	 2.18 	  2.1727 	  
11.45 	 2.1761 	  2.1686 	  
11.55 	 2.1719 	  2.1643 	  
11.65 	 2.1674 	  2.1598 	  
11.75 	 2.1626 	  2.155 	  
11.85 	 2.1575 	  2.15 	  
11.95 	 2.1522 	  2.1448 	  
12.05 	 2.1466 	  2.1393 	  
12.15 	 2.1408 	  2.1337 	  
12.25 	 2.1347 	  2.1278 	  
12.35 	 2.1284 	  2.1218 	  
12.45 	 2.1219 	  2.1155 	  
12.55 	 2.1152 	  2.1091 	  
12.65 	 2.1082 	  2.1025 	  
12.75 	 2.1009 	  2.0958 	  
12.85 	 2.0933 	  2.089 	  
12.95 	 2.0855 	  2.082 	  
13.05 	 2.0774 	  2.0748 	  
13.15 	 2.069 	  2.0676 	  
13.25 	 2.0603 	  2.0603 	  
13.35 	 2.0514 	  2.0528 	  
13.45 	 2.0423 	  2.0453 	  
13.55 	 2.0329 	  2.0377 	  
13.65 	 2.0233 	  2.0301 	  
13.75 	 2.0136 	  2.0224 	  
13.85 	 2.0038 	  2.0147 	  
13.95 	 1.9939 	  2.007 	  
14.05 	 1.9839 	  1.9993 	  
14.15 	 1.974 	  1.9915 	  
14.25 	 1.9641 	  1.9838 	  
14.35 	 1.9544 	  1.9761 	  
14.45 	 1.9449 	  1.9684 	  
14.55 	 1.9356 	  1.9608 	  
14.65 	 1.9266 	  1.9532 	  
14.75 	 1.9179 	  1.9457 	  
14.85 	 1.9095 	  1.9383 	  
14.95 	 1.9014 	  1.931 	  
15.05 	 1.8938 	  1.9238 	  
15.15 	 1.8866 	  1.9167 	  
15.25 	 1.8798 	  1.9097 	  
15.35 	 1.8734 	  1.9029 	  
15.45 	 1.8674 	  1.8962 	  
15.55 	 1.8618 	  1.8896 	  
15.65 	 1.8567 	  1.8833 	  
15.75 	 1.8519 	  1.8771 	  
15.85 	 1.8476 	  1.871 	  
15.95 	 1.8437 	  1.8652 	  
16.05 	 1.8403 	  1.8596 	  
16.15 	 1.8372 	  1.8542 	  
16.25 	 1.8346 	  1.849 	  
16.35 	 1.8322 	  1.844 	  
16.45 	 1.8303 	  1.8393 	  
16.55 	 1.8286 	  1.8348 	  
16.65 	 1.8272 	  1.8306 	  
16.75 	 1.8262 	  1.8266 	  
16.85 	 1.8254 	  1.8229 	  
16.95 	 1.8249 	  1.8194 	  
17.05 	 1.8247 	  1.8162 	  
17.15 	 1.8248 	  1.8133 	  
17.25 	 1.8251 	  1.8107 	  
17.35 	 1.8256 	  1.8083 	  
17.45 	 1.8263 	  1.8062 	  
17.55 	 1.8273 	  1.8045 	  
17.65 	 1.8284 	  1.803 	  
17.75 	 1.8298 	  1.8018 	  
17.85 	 1.8314 	  1.8009 	  
17.95 	 1.8332 	  1.8003 	  
18.05 	 1.8352 	  1.8 	  
18.15 	 1.8375 	  1.8 	  
18.25 	 1.84 	  1.8004 	  
18.35 	 1.8427 	  1.801 	  
18.45 	 1.8456 	  1.8019 	  
18.55 	 1.8487 	  1.8031 	  
18.65 	 1.852 	  1.8046 	  
18.75 	 1.8554 	  1.8064 	  
18.85 	 1.8589 	  1.8084 	  
18.95 	 1.8626 	  1.8108 	  
19.05 	 1.8662 	  1.8135 	  
19.15 	 1.8699 	  1.8164 	  
19.25 	 1.8735 	  1.8196 	  
19.35 	 1.8771 	  1.8231 	  
19.45 	 1.8805 	  1.8268 	  
19.55 	 1.8839 	  1.8308 	  
19.65 	 1.8871 	  1.8351 	  
19.75 	 1.8902 	  1.8396 	  
19.85 	 1.8932 	  1.8444 	  
19.95 	 1.896 	  1.8493 	  
20.05 	 1.8986 	  1.8545 	  
20.15 	 1.901 	  1.86 	  
20.25 	 1.9033 	  1.8656 	  
20.35 	 1.9055 	  1.8714 	  
20.45 	 1.9075 	  1.8775 	  
20.55 	 1.9094 	  1.8837 	  
20.65 	 1.9113 	  1.89 	  
20.75 	 1.9132 	  1.8966 	  
20.85 	 1.915 	  1.9033 	  
20.95 	 1.9168 	  1.9102 	  
21.05 	 1.9187 	  1.9171 	  
21.15 	 1.9206 	  1.9242 	  
21.25 	 1.9226 	  1.9315 	  
21.35 	 1.9247 	  1.9388 	  
21.45 	 1.9268 	  1.9462 	  
21.55 	 1.9291 	  1.9537 	  
21.65 	 1.9315 	  1.9613 	  
21.75 	 1.9341 	  1.9689 	  
21.85 	 1.9369 	  1.9766 	  
21.95 	 1.9398 	  1.9843 	  
22.05 	 1.943 	  1.992 	  
22.15 	 1.9464 	  1.9998 	  
22.25 	 1.9501 	  2.0075 	  
22.35 	 1.9542 	  2.0152 	  
22.45 	 1.9586 	  2.0229 	  
22.55 	 1.9634 	  2.0306 	  
22.65 	 1.9686 	  2.0382 	  
22.75 	 1.9743 	  2.0458 	  
22.85 	 1.9805 	  2.0533 	  
22.95 	 1.9873 	  2.0607 	  
23.05 	 1.9945 	  2.0681 	  
23.15 	 2.0024 	  2.0753 	  
23.25 	 2.0107 	  2.0824 	  
23.35 	 2.0197 	  2.0894 	  
23.45 	 2.0292 	  2.0963 	  
23.55 	 2.0392 	  2.103 	  
23.65 	 2.05 	  2.1095 	  
23.75 	 2.0613 	  2.1159 	  
23.85 	 2.0731 	  2.1222 	  
23.95 	 2.0854 	  2.1282 	  
24.05 	 2.098 	  2.134 	  
24.15 	 2.111 	  2.1397 	  
24.25 	 2.1241 	  2.1451 	  
24.35 	 2.1374 	  2.1503 	  
24.45 	 2.1507 	  2.1553 	  
24.55 	 2.1638 	  2.1601 	  
24.65 	 2.1765 	  2.1646 	  
24.75 	 2.1887 	  2.1689 	  
24.85 	 2.2002 	  2.1729 	  
24.95 	 2.211 	  2.1767 	  
25.05 	 2.2209 	  2.1802 	  
25.15 	 2.2296 	  2.1834 	  
25.25 	 2.2372 	  2.1863 	  
25.35 	 2.2436 	  2.189 	  
25.45 	 2.2487 	  2.1914 	  
25.55 	 2.2525 	  2.1935 	  
25.65 	 2.255 	  2.1953 	  
25.75 	 2.2564 	  2.1968 	  
25.85 	 2.2567 	  2.1981 	  
25.95 	 2.2559 	  2.199 	  
26.05 	 2.2542 	  2.1996 	  
26.15 	 2.2517 	  2.1999 	  
26.25 	 2.2484 	  2.2 	  
26.35 	 2.2445 	  2.1997 	  
26.45 	 2.2401 	  2.1991 	  
26.55 	 2.2352 	  2.1983 	  
26.65 	 2.2299 	  2.1971 	  
26.75 	 2.2242 	  2.1956 	  
26.85 	 2.2184 	  2.1939 	  
26.95 	 2.2123 	  2.1918 	  
27.05 	 2.2061 	  2.1895 	  
27.15 	 2.1998 	  2.1869 	  
27.25 	 2.1935 	  2.184 	  
27.35 	 2.1871 	  2.1808 	  
27.45 	 2.1807 	  2.1774 	  
27.55 	 2.1742 	  2.1737 	  
27.65 	 2.1678 	  2.1697 	  
27.75 	 2.1613 	  2.1655 	  
27.85 	 2.1549 	  2.161 	  
27.95 	 2.1484 	  2.1563 	  
28.05 	 2.142 	  2.1513 	  
28.15 	 2.1355 	  2.1461 	  
28.25 	 2.1289 	  2.1408 	  
28.35 	 2.1223 	  2.1351 	  
28.45 	 2.1157 	  2.1293 	  
28.55 	 2.109 	  2.1233 	  
28.65 	 2.1022 	  2.1171 	  
28.75 	 2.0953 	  2.1108 	  
28.85 	 2.0884 	  2.1043 	  
28.95 	 2.0813 	  2.0976 	  
29.05 	 2.0742 	  2.0907 	  
29.15 	 2.0671 	  2.0838 	  
29.25 	 2.0598 	  2.0767 	  
29.35 	 2.0525 	  2.0695 	  
29.45 	 2.0451 	  2.0622 	  
29.55 	 2.0377 	  2.0547 	  
29.65 	 2.0302 	  2.0473 	  
29.75 	 2.0227 	  2.0397 	  
29.85 	 2.0151 	  2.0321 	  
29.95 	 2.0075 	  2.0244 	  
30.05 	 1.9998 	  2.0167 	  
30.15 	 1.9922 	  2.009 	  
30.25 	 1.9846 	  2.0012 	  
30.35 	 1.977 	  1.9935 	  
30.45 	 1.9695 	  1.9858 	  
30.55 	 1.9621 	  1.9781 	  
30.65 	 1.9548 	  1.9704 	  
30.75 	 1.9477 	  1.9627 	  
30.85 	 1.9407 	  1.9552 	  
30.95 	 1.9338 	  1.9476 	  
31.05 	 1.9271 	  1.9402 	  
31.15 	 1.9206 	  1.9329 	  
31.25 	 1.9143 	  1.9256 	  
31.35 	 1.9082 	  1.9185 	  
31.45 	 1.9023 	  1.9115 	  
31.55 	 1.8966 	  1.9046 	  
31.65 	 1.8911 	  1.8979 	  
31.75 	 1.8859 	  1.8913 	  
31.85 	 1.8809 	  1.8849 	  
31.95 	 1.8761 	  1.8786 	  
32.05 	 1.8716 	  1.8726 	  
32.15 	 1.8673 	  1.8667 	  
32.25 	 1.8633 	  1.861 	  
32.35 	 1.8595 	  1.8556 	  
32.45 	 1.856 	  1.8503 	  
32.55 	 1.8526 	  1.8453 	  
32.65 	 1.8496 	  1.8405 	  
32.75 	 1.8467 	  1.8359 	  
32.85 	 1.8441 	  1.8316 	  
32.95 	 1.8418 	  1.8276 	  
33.05 	 1.8397 	  1.8238 	  
33.15 	 1.8378 	  1.8203 	  
33.25 	 1.8362 	  1.817 	  
33.35 	 1.8348 	  1.814 	  
33.45 	 1.8336 	  1.8113 	  
33.55 	 1.8326 	  1.8089 	  
33.65 	 1.8319 	  1.8067 	  
33.75 	 1.8313 	  1.8049 	  
33.85 	 1.831 	  1.8033 	  
33.95 	 1.8309 	  1.8021 	  
34.05 	 1.831 	  1.8011 	  
34.15 	 1.8314 	  1.8004 	  
34.25 	 1.8319 	  1.8001 	  
34.35 	 1.8327 	  1.8 	  
34.45 	 1.8337 	  1.8002 	  
34.55 	 1.8348 	  1.8008 	  
34.65 	 1.8362 	  1.8016 	  
34.75 	 1.8378 	  1.8027 	  
34.85 	 1.8396 	  1.8042 	  
34.95 	 1.8415 	  1.8059 	  
35.05 	 1.8437 	  1.8079 	  
35.15 	 1.846 	  1.8102 	  
35.25 	 1.8485 	  1.8128 	  
35.35 	 1.8511 	  1.8156 	  
35.45 	 1.854 	  1.8188 	  
35.55 	 1.857 	  1.8222 	  
35.65 	 1.8602 	  1.8259 	  
35.75 	 1.8635 	  1.8298 	  
35.85 	 1.8671 	  1.834 	  
35.95 	 1.8707 	  1.8384 	  
36.05 	 1.8746 	  1.8431 	  
36.15 	 1.8786 	  1.848 	  
36.25 	 1.8827 	  1.8532 	  
36.35 	 1.887 	  1.8585 	  
36.45 	 1.8915 	  1.8641 	  
36.55 	 1.8961 	  1.8699 	  
36.65 	 1.9008 	  1.8759 	  
36.75 	 1.9057 	  1.882 	  
36.85 	 1.9106 	  1.8884 	  
36.95 	 1.9157 	  1.8949 	  
37.05 	 1.921 	  1.9016 	  
37.15 	 1.9263 	  1.9084 	  
37.25 	 1.9317 	  1.9153 	  
37.35 	 1.9372 	  1.9224 	  
37.45 	 1.9428 	  1.9296 	  
37.55 	 1.9486 	  1.9369 	  
37.65 	 1.9543 	  1.9443 	  
37.75 	 1.9602 	  1.9518 	  
37.85 	 1.9662 	  1.9593 	  
37.95 	 1.9722 	  1.9669 	  
38.05 	 1.9782 	  1.9746 	  
38.15 	 1.9844 	  1.9823 	  
38.25 	 1.9905 	  1.99 	  
38.35 	 1.9967 	  1.9978 	  
38.45 	 2.0028 	  2.0055 	  
38.55 	 2.009 	  2.0132 	  
38.65 	 2.0152 	  2.021 	  
38.75 	 2.0213 	  2.0286 	  
38.85 	 2.0275 	  2.0363 	  
38.95 	 2.0336 	  2.0439 	  
39.05 	 2.0396 	  2.0514 	  
39.15 	 2.0457 	  2.0588 	  
39.25 	 2.0516 	  2.0662 	  
39.35 	 2.0575 	  2.0735 	  
39.45 	 2.0633 	  2.0806 	  
39.55 	 2.069 	  2.0876 	  
39.65 	 2.0745 	  2.0945 	  
39.75 	 2.08 	  2.1013 	  
39.85 	 2.0853 	  2.1079 	  
39.95 	 2.0905 	  2.1143 	  
40.05 	 2.0955 	  2.1206 	  
40.15 	 2.1003 	  2.1267 	  
40.25 	 2.105 	  2.1326 	  
40.35 	 2.1095 	  2.1383 	  
40.45 	 2.1138 	  2.1438 	  
40.55 	 2.1179 	  2.149 	  
40.65 	 2.1217 	  2.1541 	  
40.75 	 2.1253 	  2.1589 	  
40.85 	 2.1287 	  2.1635 	  
40.95 	 2.1319 	  2.1678 	  
41.05 	 2.1348 	  2.1719 	  
41.15 	 2.1375 	  2.1757 	  
41.25 	 2.14 	  2.1793 	  
41.35 	 2.1422 	  2.1826 	  
41.45 	 2.1441 	  2.1856 	  
41.55 	 2.1458 	  2.1884 	  
41.65 	 2.1472 	  2.1908 	  
41.75 	 2.1485 	  2.193 	  
41.85 	 2.1494 	  2.1949 	  
41.95 	 2.1501 	  2.1965 	  
42.05 	 2.1506 	  2.1978 	  
42.15 	 2.1509 	  2.1988 	  
42.25 	 2.151 	  2.1995 	  
42.35 	 2.1508 	  2.1999 	  
42.45 	 2.1504 	  2.2 	  
42.55 	 2.1498 	  2.1998 	  
42.65 	 2.149 	  2.1993 	  
42.75 	 2.148 	  2.1985 	  
42.85 	 2.1469 	  2.1974 	  
42.95 	 2.1455 	  2.196 	  
43.05 	 2.144 	  2.1944 	  
43.15 	 2.1424 	  2.1924 	  
43.25 	 2.1406 	  2.1901 	  
43.35 	 2.1387 	  2.1876 	  
43.45 	 2.1366 	  2.1848 	  
43.55 	 2.1345 	  2.1817 	  
43.65 	 2.1322 	  2.1783 	  
43.75 	 2.1298 	  2.1746 	  
43.85 	 2.1273 	  2.1707 	  
43.95 	 2.1248 	  2.1666 	  
44.05 	 2.1222 	  2.1622 	  
44.15 	 2.1195 	  2.1575 	  
44.25 	 2.1167 	  2.1526 	  
44.35 	 2.1139 	  2.1475 	  
44.45 	 2.1111 	  2.1422 	  
44.55 	 2.1082 	  2.1366 	  
44.65 	 2.1053 	  2.1308 	  
44.75 	 2.1024 	  2.1249 	  
44.85 	 2.0995 	  2.1188 	  
44.95 	 2.0965 	  2.1124 	  
45.05 	 2.0935 	  2.1059 	  
45.15 	 2.0906 	  2.0993 	  
45.25 	 2.0876 	  2.0925 	  
45.35 	 2.0847 	  2.0856 	  
45.45 	 2.0817 	  2.0785 	  
45.55 	 2.0788 	  2.0713 	  
45.65 	 2.0759 	  2.064 	  
45.75 	 2.0731 	  2.0567 	  
45.85 	 2.0703 	  2.0492 	  
45.95 	 2.0675 	  2.0416 	  
46.05 	 2.0648 	  2.034 	  
46.15 	 2.0621 	  2.0264 	  
46.25 	 2.0594 	  2.0187 	  
46.35 	 2.0568 	  2.011 	  
46.45 	 2.0543 	  2.0032 	  
46.55 	 2.0518 	  1.9955 	  
46.65 	 2.0493 	  1.9878 	  
46.75 	 2.047 	  1.98 	  
46.85 	 2.0446 	  1.9723 	  
46.95 	 2.0424 	  1.9647 	  
47.05 	 2.0401 	  1.9571 	  
47.15 	 2.038 	  1.9496 	  
47.25 	 2.0359 	  1.9421 	  
47.35 	 2.0339 	  1.9347 	  
47.45 	 2.0319 	  1.9275 	  
47.55 	 2.03 	  1.9203 	  
47.65 	 2.0281 	  1.9133 	  
47.75 	 2.0263 	  1.9064 	  
47.85 	 2.0245 	  1.8996 	  
47.95 	 2.0229 	  1.893 	  
48.05 	 2.0212 	  1.8865 	  
48.15 	 2.0196 	  1.8802 	  
48.25 	 2.0181 	  1.8741 	  
48.35 	 2.0167 	  1.8682 	  
48.45 	 2.0153 	  1.8625 	  
48.55 	 2.0139 	  1.8569 	  
48.65 	 2.0126 	  1.8516 	  
48.75 	 2.0113 	  1.8466 	  
48.85 	 2.0101 	  1.8417 	  
48.95 	 2.009 	  1.8371 	  
49.05 	 2.0079 	  1.8327 	  
49.15 	 2.0068 	  1.8286 	  
49.25 	 2.0058 	  1.8247 	  
49.35 	 2.0048 	  1.8211 	  
49.45 	 2.0039 	  1.8178 	  
49.55 	 2.003 	  1.8148 	  
49.65 	 2.0022 	  1.812 	  
49.75 	 2.0014 	  1.8095 	  
49.85 	 2.0006 	  1.8073 	  
49.95 	 1.9999 	  1.8053 	  
50.05 	 1.9992 	  1.8037 	  
50.15 	 1.9986 	  1.8024 	  
50.25 	 1.998 	  1.8013 	  
50.35 	 1.9974 	  1.8006 	  
50.45 	 1.9969 	  1.8001 	  
50.55 	 1.9963 	  1.8 	  
50.65 	 1.9959 	  1.8002 	  
50.75 	 1.9954 	  1.8006 	  
50.85 	 1.995 	  1.8014 	  
50.95 	 1.9946 	  1.8024 	  
51.05 	 1.9942 	  1.8038 	  
51.15 	 1.9939 	  1.8054 	  
51.25 	 1.9935 	  1.8073 	  
51.35 	 1.9932 	  1.8096 	  
51.45 	 1.993 	  1.8121 	  
51.55 	 1.9927 	  1.8149 	  
51.65 	 1.9925 	  1.8179 	  
51.75 	 1.9923 	  1.8213 	  
51.85 	 1.9921 	  1.8249 	  
51.95 	 1.9919 	  1.8288 	  
52.05 	 1.9918 	  1.8329 	  
52.15 	 1.9916 	  1.8373 	  
52.25 	 1.9915 	  1.8419 	  
52.35 	 1.9914 	  1.8467 	  
52.45 	 1.9913 	  1.8518 	  
52.55 	 1.9912 	  1.8571 	  
52.65 	 1.9912 	  1.8627 	  
52.75 	 1.9911 	  1.8684 	  
52.85 	 1.9911 	  1.8743 	  
52.95 	 1.9911 	  1.8804 	  
53.05 	 1.991 	  1.8867 	  
53.15 	 1.991 	  1.8932 	  
53.25 	 1.991 	  1.8998 	  
53.35 	 1.9911 	  1.9066 	  
53.45 	 1.9911 	  1.9135 	  
53.55 	 1.9911 	  1.9206 	  
53.65 	 1.9912 	  1.9277 	  
53.75 	 1.9912 	  1.935 	  
53.85 	 1.9913 	  1.9424 	  
53.95 	 1.9913 	  1.9498 	  
54.05 	 1.9914 	  1.9574 	  
54.15 	 1.9914 	  1.965 	  
54.25 	 1.9915 	  1.9726 	  
54.35 	 1.9916 	  1.9803 	  
54.45 	 1.9917 	  1.988 	  
54.55 	 1.9918 	  1.9958 	  
54.65 	 1.9919 	  2.0035 	  
54.75 	 1.992 	  2.0113 	  
54.85 	 1.9921 	  2.019 	  
54.95 	 1.9922 	  2.0267 	  
55.05 	 1.9923 	  2.0343 	  
55.15 	 1.9924 	  2.0419 	  
55.25 	 1.9925 	  2.0495 	  
55.35 	 1.9926 	  2.0569 	  
55.45 	 1.9927 	  2.0643 	  
55.55 	 1.9928 	  2.0716 	  
55.65 	 1.9929 	  2.0788 	  
55.75 	 1.993 	  2.0858 	  
55.85 	 1.9931 	  2.0928 	  
55.95 	 1.9932 	  2.0995 	  
56.05 	 1.9934 	  2.1062 	  
56.15 	 1.9935 	  2.1127 	  
56.25 	 1.9936 	  2.119 	  
56.35 	 1.9937 	  2.1251 	  
56.45 	 1.9938 	  2.1311 	  
56.55 	 1.9939 	  2.1368 	  
56.65 	 1.9941 	  2.1424 	  
56.75 	 1.9942 	  2.1477 	  
56.85 	 1.9943 	  2.1528 	  
56.95 	 1.9944 	  2.1577 	  
57.05 	 1.9945 	  2.1623 	  
57.15 	 1.9946 	  2.1667 	  
57.25 	 1.9947 	  2.1709 	  
57.35 	 1.9948 	  2.1748 	  
57.45 	 1.995 	  2.1784 	  
57.55 	 1.9951 	  2.1818 	  
57.65 	 1.9952 	  2.1849 	  
57.75 	 1.9953 	  2.1877 	  
57.85 	 1.9954 	  2.1902 	  
57.95 	 1.9955 	  2.1925 	  
58.05 	 1.9956 	  2.1944 	  
58.15 	 1.9957 	  2.1961 	  
58.25 	 1.9958 	  2.1975 	  
58.35 	 1.9959 	  2.1986 	  
58.45 	 1.996 	  2.1993 	  
58.55 	 1.9961 	  2.1998 	  
58.65 	 1.9962 	  2.2 	  
58.75 	 1.9963 	  2.1999 	  
58.85 	 1.9963 	  2.1995 	  
58.95 	 1.9964 	  2.1987 	  
59.05 	 1.9965 	  2.1977 	  
59.15 	 1.9966 	  2.1964 	  
59.25 	 1.9967 	  2.1948 	  
59.35 	 1.9968 	  2.1929 	  
59.45 	 1.9969 	  2.1907 	  
59.55 	 1.9969 	  2.1883 	  
59.65 	 1.997 	  2.1855 	  
59.75 	 1.9971 	  2.1825 	  
59.85 	 1.9971 	  2.1792 	  
59.95 	 1.9972 	  2.1756 	  
60.05 	 1.9972 	  2.1718 	  
60.15 	 1.9973 	  2.1677 	  
60.25 	 1.9974 	  2.1633 	  
60.35 	 1.9974 	  2.1587 	  
60.45 	 1.9975 	  2.1539 	  
60.55 	 1.9975 	  2.1488 	  
60.65 	 1.9976 	  2.1436 	  
60.75 	 1.9977 	  2.1381 	  
60.85 	 1.9977 	  2.1323 	  
60.95 	 1.9978 	  2.1264 	  
61.05 	 1.9979 	  2.1204 	  
61.15 	 1.9979 	  2.1141 	  
61.25 	 1.9979 	  2.1076 	  
61.35 	 1.998 	  2.101 	  
61.45 	 1.998 	  2.0943 	  
61.55 	 1.998 	  2.0874 	  
61.65 	 1.9981 	  2.0803 	  
61.75 	 1.9981 	  2.0732 	  
61.85 	 1.9981 	  2.0659 	  
61.95 	 1.9982 	  2.0586 	  
62.05 	 1.9983 	  2.0511 	  
62.15 	 1.9984 	  2.0436 	  
62.25 	 1.9986 	  2.036 	  
62.35 	 1.9987 	  2.0284 	  
62.45 	 1.9988 	  2.0207 	  
62.55 	 1.9991 	  2.013 	  
62.65 	 1.9991 	  2.0052 	  
62.75 	 1.9991 	  1.9975 	  
62.85 	 1.9992 	  1.9897 	  
62.95 	 1.9992 	  1.982 	  
63.05 	 1.9993 	  1.9743 	  
63.15 	 1.9993 	  1.9667 	  
63.25 	 1.9993 	  1.959 	  
63.35 	 1.9993 	  1.9515 	  
63.45 	 1.9993 	  1.944 	  
63.55 	 1.9993 	  1.9366 	  
63.65 	 1.9993 	  1.9293 	  
63.75 	 1.9994 	  1.9221 	  
63.85 	 1.9994 	  1.9151 	  
63.95 	 1.9994 	  1.9081 	  
64.05 	 1.9994 	  1.9013 	  
64.15 	 1.9994 	  1.8947 	  
64.25 	 1.9995 	  1.8882 	  
64.35 	 1.9995 	  1.8818 	  
64.45 	 1.9995 	  1.8757 	  
64.55 	 1.9995 	  1.8697 	  
64.65 	 1.9995 	  1.8639 	  
64.75 	 1.9996 	  1.8583 	  
64.85 	 1.9996 	  1.853 	  
64.95 	 1.9996 	  1.8478 	  
65.05 	 1.9996 	  1.8429 	  
65.15 	 1.9996 	  1.8383 	  
65.25 	 1.9996 	  1.8338 	  
65.35 	 1.9996 	  1.8296 	  
65.45 	 1.9996 	  1.8257 	  
65.55 	 1.9997 	  1.822 	  
65.65 	 1.9997 	  1.8186 	  
65.75 	 1.9997 	  1.8155 	  
65.85 	 1.9997 	  1.8127 	  
65.95 	 1.9997 	  1.8101 	  
66.05 	 1.9997 	  1.8078 	  
66.15 	 1.9997 	  1.8058 	  
66.25 	 1.9997 	  1.8041 	  
66.35 	 1.9997 	  1.8027 	  
66.45 	 1.9997 	  1.8016 	  
66.55 	 1.9997 	  1.8008 	  
66.65 	 1.9998 	  1.8002 	  
66.75 	 1.9998 	  1.8 	  
66.85 	 1.9998 	  1.8001 	  
66.95 	 1.9998 	  1.8005 	  
67.05 	 1.9998 	  1.8011 	  
67.15 	 1.9998 	  1.8021 	  
67.25 	 1.9998 	  1.8034 	  
67.35 	 1.9998 	  1.805 	  
67.45 	 1.9998 	  1.8068 	  
67.55 	 1.9998 	  1.809 	  
67.65 	 1.9999 	  1.8114 	  
67.75 	 1.9999 	  1.8141 	  
67.85 	 1.9999 	  1.8171 	  
67.95 	 1.9999 	  1.8204 	  
68.05 	 1.9999 	  1.8239 	  
68.15 	 1.9999 	  1.8277 	  
68.25 	 1.9999 	  1.8318 	  
68.35 	 1.9999 	  1.8361 	  
68.45 	 1.9999 	  1.8407 	  
68.55 	 1.9999 	  1.8455 	  
68.65 	 1.9999 	  1.8505 	  
68.75 	 1.9999 	  1.8558 	  
68.85 	 1.9999 	  1.8612 	  
68.95 	 1.9999 	  1.8669 	  
69.05 	 1.9999 	  1.8728 	  
69.15 	 1.9999 	  1.8789 	  
69.25 	 1.9999 	  1.8851 	  
69.35 	 1.9999 	  1.8915 	  
69.45 	 1.9999 	  1.8981 	  
69.55 	 1.9999 	  1.9049 	  
69.65 	 1.9999 	  1.9117 	  
69.75 	 1.9999 	  1.9188 	  
69.85 	 1.9999 	  1.9259 	  
69.95 	 1.9999 	  1.9331 	  
70.05 	 1.9999 	  1.9405 	  
70.15 	 1.9999 	  1.9479 	  
70.25 	 1.9999 	  1.9554 	  
70.35 	 1.9999 	  1.963 	  
70.45 	 1.9999 	  1.9707 	  
70.55 	 1.9999 	  1.9783 	  
70.65 	 1.9999 	  1.986 	  
70.75 	 1.9999 	  1.9938 	  
70.85 	 1.9999 	  2.0015 	  
70.95 	 1.9999 	  2.0093 	  
71.05 	 1.9999 	  2.017 	  
71.15 	 1.9999 	  2.0247 	  
71.25 	 1.9999 	  2.0324 	  
71.35 	 1.9999 	  2.04 	  
71.45 	 1.9999 	  2.0475 	  
71.55 	 1.9999 	  2.055 	  
71.65 	 1.9999 	  2.0624 	  
71.75 	 1.9999 	  2.0697 	  
71.85 	 1.9999 	  2.0769 	  
71.95 	 1.9999 	  2.084 	  
72.05 	 1.9999 	  2.091 	  
72.15 	 1.9999 	  2.0978 	  
72.25 	 1.9999 	  2.1045 	  
72.35 	 1.9999 	  2.111 	  
72.45 	 1.9999 	  2.1174 	  
72.55 	 1.9999 	  2.1236 	  
72.65 	 1.9999 	  2.1296 	  
72.75 	 1.9999 	  2.1354 	  
72.85 	 1.9999 	  2.141 	  
72.95 	 1.9999 	  2.1463 	  
73.05 	 1.9999 	  2.1515 	  
73.15 	 2 	  2.1565 	  
73.25 	 2 	  2.1612 	  
73.35 	 2 	  2.1656 	  
73.45 	 2 	  2.1698 	  
73.55 	 2 	  2.1738 	  
73.65 	 2 	  2.1775 	  
73.75 	 2 	  2.1809 	  
73.85 	 2 	  2.1841 	  
73.95 	 2 	  2.187 	  
74.05 	 2 	  2.1896 	  
74.15 	 2 	  2.1919 	  
74.25 	 2 	  2.194 	  
74.35 	 2 	  2.1957 	  
74.45 	 2 	  2.1971 	  
74.55 	 2 	  2.1983 	  
74.65 	 2 	  2.1992 	  
74.75 	 2 	  2.1997 	  
74.85 	 2 	  2.2 	  
74.95 	 2 	  2.1999 	  
75.05 	 2 	  2.1996 	  
75.15 	 2 	  2.199 	  
75.25 	 2 	  2.198 	  
75.35 	 2 	  2.1968 	  
75.45 	 2 	  2.1953 	  
75.55 	 2 	  2.1934 	  
75.65 	 2 	  2.1913 	  
75.75 	 2 	  2.1889 	  
75.85 	 2 	  2.1862 	  
75.95 	 2 	  2.1833 	  
76.05 	 2 	  2.18 	  
76.15 	 2 	  2.1765 	  
76.25 	 2 	  2.1728 	  
76.35 	 2 	  2.1687 	  
76.45 	 2 	  2.1645 	  
76.55 	 2 	  2.1599 	  
76.65 	 2 	  2.1552 	  
76.75 	 2 	  2.1502 	  
76.85 	 2 	  2.1449 	  
76.95 	 2 	  2.1395 	  
77.05 	 2 	  2.1338 	  
77.15 	 2 	  2.128 	  
77.25 	 2 	  2.1219 	  
77.35 	 2 	  2.1157 	  
77.45 	 2 	  2.1093 	  
77.55 	 2 	  2.1027 	  
77.65 	 2 	  2.096 	  
77.75 	 2 	  2.0892 	  
77.85 	 2 	  2.0822 	  
77.95 	 2 	  2.075 	  
78.05 	 2 	  2.0678 	  
78.15 	 2 	  2.0605 	  
78.25 	 2 	  2.053 	  
78.35 	 2 	  2.0455 	  
78.45 	 2 	  2.038 	  
78.55 	 2 	  2.0303 	  
78.65 	 2 	  2.0227 	  
78.75 	 2 	  2.0149 	  
78.85 	 2 	  2.0072 	  
78.95 	 2 	  1.9995 	  
79.05 	 2 	  1.9917 	  
79.15 	 2 	  1.984 	  
79.25 	 2 	  1.9763 	  
79.35 	 2 	  1.9686 	  
79.45 	 2 	  1.961 	  
79.55 	 2 	  1.9534 	  
79.65 	 2 	  1.9459 	  
79.75 	 2 	  1.9385 	  
79.85 	 2 	  1.9312 	  
79.95 	 2 	  1.924 	  
80.05 	 2 	  1.9169 	  
80.15 	 2 	  1.9099 	  
80.25 	 2 	  1.9031 	  
80.35 	 2 	  1.8964 	  
80.45 	 2 	  1.8898 	  
80.55 	 2 	  1.8834 	  
80.65 	 2 	  1.8772 	  
80.75 	 2 	  1.8712 	  
80.85 	 2 	  1.8654 	  
80.95 	 2 	  1.8598 	  
81.05 	 2 	  1.8543 	  
81.15 	 2 	  1.8491 	  
81.25 	 2 	  1.8442 	  
81.35 	 2 	  1.8394 	  
81.45 	 2 	  1.8349 	  
81.55 	 2 	  1.8307 	  
81.65 	 2 	  1.8267 	  
81.75 	 2 	  1.823 	  
81.85 	 2 	  1.8195 	  
81.95 	 2 	  1.8163 	  
82.05 	 2 	  1.8134 	  
82.15 	 2 	  1.8107 	  
82.25 	 2 	  1.8084 	  
82.35 	 2 	  1.8063 	  
82.45 	 2 	  1.8045 	  
82.55 	 2 	  1.803 	  
82.65 	 2 	  1.8018 	  
82.75 	 2 	  1.8009 	  
82.85 	 2 	  1.8003 	  
82.95 	 2 	  1.8 	  
83.05 	 2 	  1.8 	  
83.15 	 2 	  1.8003 	  
83.25 	 2 	  1.8009 	  
83.35 	 2 	  1.8018 	  
83.45 	 2 	  1.803 	  
83.55 	 2 	  1.8045 	  
83.65 	 2 	  1.8063 	  
83.75 	 2 	  1.8084 	  
83.85 	 2 	  1.8107 	  
83.95 	 2 	  1.8134 	  
84.05 	 2 	  1.8163 	  
84.15 	 2 	  1.8195 	  
84.25 	 2 	  1.823 	  
84.35 	 2 	  1.8267 	  
84.45 	 2 	  1.8307 	  
84.55 	 2 	  1.835 	  
84.65 	 2 	  1.8395 	  
84.75 	 2 	  1.8442 	  
84.85 	 2 	  1.8492 	  
84.95 	 2 	  1.8544 	  
85.05 	 2 	  1.8598 	  
85.15 	 2 	  1.8654 	  
85.25 	 2 	  1.8713 	  
85.35 	 2 	  1.8773 	  
85.45 	 2 	  1.8835 	  
85.55 	 2 	  1.8899 	  
85.65 	 2 	  1.8964 	  
85.75 	 2 	  1.9031 	  
85.85 	 2 	  1.91 	  
85.95 	 2 	  1.9169 	  
86.05 	 2 	  1.924 	  
86.15 	 2 	  1.9313 	  
86.25 	 2 	  1.9386 	  
86.35 	 2 	  1.946 	  
86.45 	 2 	  1.9535 	  
86.55 	 2 	  1.9611 	  
86.65 	 2 	  1.9687 	  
86.75 	 2 	  1.9764 	  
86.85 	 2 	  1.9841 	  
86.95 	 2 	  1.9918 	  
87.05 	 2 	  1.9995 	  
87.15 	 2 	  2.0073 	  
87.25 	 2 	  2.015 	  
87.35 	 2 	  2.0227 	  
87.45 	 2 	  2.0304 	  
87.55 	 2 	  2.038 	  
87.65 	 2 	  2.0456 	  
87.75 	 2 	  2.0531 	  
87.85 	 2 	  2.0605 	  
87.95 	 2 	  2.0679 	  
88.05 	 2 	  2.0751 	  
88.15 	 2 	  2.0822 	  
88.25 	 2 	  2.0892 	  
88.35 	 2 	  2.0961 	  
88.45 	 2 	  2.1028 	  
88.55 	 2 	  2.1094 	  
88.65 	 2 	  2.1158 	  
88.75 	 2 	  2.122 	  
88.85 	 2 	  2.128 	  
88.95 	 2 	  2.1339 	  
89.05 	 2 	  2.1395 	  
89.15 	 2 	  2.145 	  
89.25 	 2 	  2.1502 	  
89.35 	 2 	  2.1552 	  
89.45 	 2 	  2.16 	  
89.55 	 2 	  2.1645 	  
89.65 	 2 	  2.1688 	  
89.75 	 2 	  2.1728 	  
89.85 	 2 	  2.1766 	  
89.95 	 2 	  2.1801 	  
90.05 	 2 	  2.1833 	  
90.15 	 2 	  2.1863 	  
90.25 	 2 	  2.189 	  
90.35 	 2 	  2.1913 	  
90.45 	 2 	  2.1935 	  
90.55 	 2 	  2.1953 	  
90.65 	 2 	  2.1968 	  
90.75 	 2 	  2.198 	  
90.85 	 2 	  2.199 	  
90.95 	 2 	  2.1996 	  
91.05 	 2 	  2.1999 	  
91.15 	 2 	  2.2 	  
91.25 	 2 	  2.1997 	  
91.35 	 2 	  2.1992 	  
91.45 	 2 	  2.1983 	  
91.55 	 2 	  2.1971 	  
91.65 	 2 	  2.1957 	  
91.75 	 2 	  2.1939 	  
91.85 	 2 	  2.1919 	  
91.95 	 2 	  2.1896 	  
92.05 	 2 	  2.187 	  
92.15 	 2 	  2.1841 	  
92.25 	 2 	  2.1809 	  
92.35 	 2 	  2.1775 	  
92.45 	 2 	  2.1738 	  
92.55 	 2 	  2.1698 	  
92.65 	 2 	  2.1656 	  
92.75 	 2 	  2.1611 	  
92.85 	 2 	  2.1564 	  
92.95 	 2 	  2.1515 	  
93.05 	 2 	  2.1463 	  
93.15 	 2 	  2.1409 	  
93.25 	 2 	  2.1353 	  
93.35 	 2 	  2.1295 	  
93.45 	 2 	  2.1235 	  
93.55 	 2 	  2.1173 	  
93.65 	 2 	  2.111 	  
93.75 	 2 	  2.1044 	  
93.85 	 2 	  2.0978 	  
93.95 	 2 	  2.0909 	  
94.05 	 2 	  2.084 	  
94.15 	 2 	  2.0769 	  
94.25 	 2 	  2.0697 	  
94.35 	 2 	  2.0624 	  
94.45 	 2 	  2.055 	  
94.55 	 2 	  2.0475 	  
94.65 	 2 	  2.0399 	  
94.75 	 2 	  2.0323 	  
94.85 	 2 	  2.0246 	  
94.95 	 2 	  2.0169 	  
95.05 	 2 	  2.0092 	  
95.15 	 2 	  2.0015 	  
95.25 	 2 	  1.9937 	  
95.35 	 2 	  1.986 	  
95.45 	 2 	  1.9783 	  
95.55 	 2 	  1.9706 	  
95.65 	 2 	  1.963 	  
95.75 	 2 	  1.9554 	  
95.85 	 2 	  1.9479 	  
95.95 	 2 	  1.9404 	  
96.05 	 2 	  1.9331 	  
96.15 	 2 	  1.9258 	  
96.25 	 2 	  1.9187 	  
96.35 	 2 	  1.9117 	  
96.45 	 2 	  1.9048 	  
96.55 	 2 	  1.8981 	  
96.65 	 2 	  1.8915 	  
96.75 	 2 	  1.8851 	  
96.85 	 2 	  1.8788 	  
96.95 	 2 	  1.8727 	  
97.05 	 2 	  1.8669 	  
97.15 	 2 	  1.8612 	  
97.25 	 2 	  1.8557 	  
97.35 	 2 	  1.8505 	  
97.45 	 2 	  1.8454 	  
97.55 	 2 	  1.8406 	  
97.65 	 2 	  1.8361 	  
97.75 	 2 	  1.8318 	  
97.85 	 2 	  1.8277 	  
97.95 	 2 	  1.8239 	  
98.05 	 2 	  1.8204 	  
98.15 	 2 	  1.8171 	  
98.25 	 2 	  1.8141 	  
98.35 	 2 	  1.8114 	  
98.45 	 2 	  1.8089 	  
98.55 	 2 	  1.8068 	  
98.65 	 2 	  1.8049 	  
98.75 	 2 	  1.8034 	  
98.85 	 2 	  1.8021 	  
98.95 	 2 	  1.8011 	  
99.05 	 2 	  1.8005 	  
99.15 	 2 	  1.8001 	  
99.25 	 2 	  1.8 	  
99.35 	 2 	  1.8002 	  
99.45 	 2 	  1.8008 	  
99.55 	 2 	  1.8016 	  
99.65 	 2 	  1.8027 	  
99.75 	 2 	  1.8041 	  
99.85 	 2 	  1.8058 	  
99.95 	 2 	  1.8078 	  
100.05 	 2 	  1.8101 	  
100.15 	 2 	  1.8127 	  
100.25 	 2 	  1.8155 	  
100.35 	 2 	  1.8187 	  
100.45 	 2 	  1.8221 	  
100.55 	 2 	  1.8257 	  
100.65 	 2 	  1.8297 	  
100.75 	 2 	  1.8339 	  
100.85 	 2 	  1.8383 	  
100.95 	 2 	  1.843 	  
101.05 	 2 	  1.8479 	  
101.15 	 2 	  1.853 	  
101.25 	 1.9999 	  1.8584 	  
101.35 	 1.9999 	  1.864 	  
101.45 	 1.9999 	  1.8697 	  
101.55 	 1.9999 	  1.8757 	  
101.65 	 1.9999 	  1.8819 	  
101.75 	 1.9999 	  1.8882 	  
101.85 	 1.9999 	  1.8947 	  
101.95 	 1.9999 	  1.9014 	  
102.05 	 1.9999 	  1.9082 	  
102.15 	 1.9999 	  1.9151 	  
102.25 	 1.9999 	  1.9222 	  
102.35 	 1.9999 	  1.9294 	  
102.45 	 1.9999 	  1.9367 	  
102.55 	 1.9999 	  1.9441 	  
102.65 	 1.9999 	  1.9516 	  
102.75 	 1.9999 	  1.9591 	  
102.85 	 1.9999 	  1.9667 	  
102.95 	 1.9999 	  1.9744 	  
103.05 	 1.9999 	  1.9821 	  
103.15 	 1.9999 	  1.9898 	  
103.25 	 1.9999 	  1.9975 	  
103.35 	 1.9999 	  2.0053 	  
103.45 	 1.9999 	  2.013 	  
103.55 	 1.9999 	  2.0207 	  
103.65 	 1.9999 	  2.0284 	  
103.75 	 1.9999 	  2.0361 	  
103.85 	 1.9999 	  2.0437 	  
103.95 	 1.9999 	  2.0512 	  
104.05 	 1.9999 	  2.0586 	  
104.15 	 1.9999 	  2.066 	  
104.25 	 1.9999 	  2.0732 	  
104.35 	 1.9999 	  2.0804 	  
104.45 	 1.9999 	  2.0874 	  
104.55 	 1.9999 	  2.0943 	  
104.65 	 1.9999 	  2.1011 	  
104.75 	 1.9999 	  2.1077 	  
104.85 	 1.9999 	  2.1141 	  
104.95 	 1.9999 	  2.1204 	  
105.05 	 1.9999 	  2.1265 	  
105.15 	 1.9999 	  2.1324 	  
105.25 	 1.9999 	  2.1381 	  
105.35 	 1.9999 	  2.1436 	  
105.45 	 1.9999 	  2.1489 	  
105.55 	 1.9999 	  2.1539 	  
105.65 	 1.9999 	  2.1588 	  
105.75 	 1.9999 	  2.1634 	  
105.85 	 1.9999 	  2.1677 	  
105.95 	 1.9999 	  2.1718 	  
106.05 	 1.9999 	  2.1756 	  
106.15 	 1.9999 	  2.1792 	  
106.25 	 1.9999 	  2.1825 	  
106.35 	 1.9999 	  2.1855 	  
106.45 	 1.9999 	  2.1883 	  
106.55 	 1.9999 	  2.1908 	  
106.65 	 1.9999 	  2.1929 	  
106.75 	 1.9999 	  2.1948 	  
106.85 	 1.9999 	  2.1964 	  
106.95 	 1.9999 	  2.1977 	  
107.05 	 1.9999 	  2.1988 	  
107.15 	 1.9999 	  2.1995 	  
107.25 	 1.9999 	  2.1999 	  
107.35 	 1.9999 	  2.2 	  
107.45 	 1.9999 	  2.1998 	  
107.55 	 1.9999 	  2.1993 	  
107.65 	 1.9999 	  2.1985 	  
107.75 	 1.9999 	  2.1975 	  
107.85 	 1.9999 	  2.1961 	  
107.95 	 1.9999 	  2.1944 	  
108.05 	 1.9999 	  2.1924 	  
108.15 	 1.9999 	  2.1902 	  
108.25 	 2 	  2.1877 	  
108.35 	 2 	  2.1848 	  
108.45 	 2 	  2.1817 	  
108.55 	 2 	  2.1784 	  
108.65 	 2 	  2.1747 	  
108.75 	 2 	  2.1708 	  
108.85 	 2 	  2.1667 	  
108.95 	 2 	  2.1623 	  
