simtime:  2.0043
number of wsf-lines:  1

line_No     y_coord
1	 1.5
2	  Wave Theory 


X 1	 P 1 	 	 	 	 W 1

0.05 	 1.9904 	  1.9975 	  
0.15 	 1.9829 	  1.9897 	  
0.25 	 1.9753 	  1.982 	  
0.35 	 1.9678 	  1.9743 	  
0.45 	 1.9603 	  1.9667 	  
0.55 	 1.9528 	  1.9591 	  
0.65 	 1.9454 	  1.9515 	  
0.75 	 1.9381 	  1.944 	  
0.85 	 1.9309 	  1.9366 	  
0.95 	 1.9237 	  1.9293 	  
1.05 	 1.9167 	  1.9222 	  
1.15 	 1.9098 	  1.9151 	  
1.25 	 1.903 	  1.9081 	  
1.35 	 1.8964 	  1.9013 	  
1.45 	 1.8899 	  1.8947 	  
1.55 	 1.8835 	  1.8882 	  
1.65 	 1.8773 	  1.8818 	  
1.75 	 1.8714 	  1.8757 	  
1.85 	 1.8655 	  1.8697 	  
1.95 	 1.8599 	  1.8639 	  
2.05 	 1.8545 	  1.8583 	  
2.15 	 1.8493 	  1.853 	  
2.25 	 1.8444 	  1.8478 	  
2.35 	 1.8396 	  1.8429 	  
2.45 	 1.8351 	  1.8383 	  
2.55 	 1.8309 	  1.8338 	  
2.65 	 1.8269 	  1.8296 	  
2.75 	 1.8231 	  1.8257 	  
2.85 	 1.8196 	  1.822 	  
2.95 	 1.8164 	  1.8186 	  
3.05 	 1.8135 	  1.8155 	  
3.15 	 1.8109 	  1.8127 	  
3.25 	 1.8085 	  1.8101 	  
3.35 	 1.8064 	  1.8078 	  
3.45 	 1.8046 	  1.8058 	  
3.55 	 1.8031 	  1.8041 	  
3.65 	 1.802 	  1.8027 	  
3.75 	 1.8011 	  1.8016 	  
3.85 	 1.8005 	  1.8008 	  
3.95 	 1.8002 	  1.8002 	  
4.05 	 1.8002 	  1.8 	  
4.15 	 1.8005 	  1.8001 	  
4.25 	 1.8011 	  1.8005 	  
4.35 	 1.8021 	  1.8011 	  
4.45 	 1.8033 	  1.8021 	  
4.55 	 1.8048 	  1.8034 	  
4.65 	 1.8066 	  1.805 	  
4.75 	 1.8087 	  1.8068 	  
4.85 	 1.8111 	  1.809 	  
4.95 	 1.8138 	  1.8114 	  
5.05 	 1.8168 	  1.8141 	  
5.15 	 1.82 	  1.8171 	  
5.25 	 1.8235 	  1.8204 	  
5.35 	 1.8273 	  1.8239 	  
5.45 	 1.8313 	  1.8277 	  
5.55 	 1.8356 	  1.8318 	  
5.65 	 1.8401 	  1.8361 	  
5.75 	 1.8449 	  1.8407 	  
5.85 	 1.8499 	  1.8455 	  
5.95 	 1.8551 	  1.8505 	  
6.05 	 1.8605 	  1.8557 	  
6.15 	 1.8661 	  1.8612 	  
6.25 	 1.8719 	  1.8669 	  
6.35 	 1.8779 	  1.8728 	  
6.45 	 1.884 	  1.8788 	  
6.55 	 1.8904 	  1.8851 	  
6.65 	 1.8968 	  1.8915 	  
6.75 	 1.9035 	  1.8981 	  
6.85 	 1.9102 	  1.9048 	  
6.95 	 1.9171 	  1.9117 	  
7.05 	 1.924 	  1.9187 	  
7.15 	 1.9311 	  1.9259 	  
7.25 	 1.9382 	  1.9331 	  
7.35 	 1.9454 	  1.9405 	  
7.45 	 1.9527 	  1.9479 	  
7.55 	 1.96 	  1.9554 	  
7.65 	 1.9674 	  1.963 	  
7.75 	 1.9748 	  1.9706 	  
7.85 	 1.9823 	  1.9783 	  
7.95 	 1.9898 	  1.986 	  
8.05 	 1.9972 	  1.9938 	  
8.15 	 2.0047 	  2.0015 	  
8.25 	 2.0122 	  2.0093 	  
8.35 	 2.0196 	  2.017 	  
8.45 	 2.027 	  2.0247 	  
8.55 	 2.0343 	  2.0324 	  
8.65 	 2.0416 	  2.04 	  
8.75 	 2.0489 	  2.0475 	  
8.85 	 2.0561 	  2.055 	  
8.95 	 2.0632 	  2.0624 	  
9.05 	 2.0703 	  2.0697 	  
9.15 	 2.0773 	  2.0769 	  
9.25 	 2.0842 	  2.084 	  
9.35 	 2.091 	  2.091 	  
9.45 	 2.0977 	  2.0978 	  
9.55 	 2.1043 	  2.1045 	  
9.65 	 2.1108 	  2.111 	  
9.75 	 2.1171 	  2.1174 	  
9.85 	 2.1233 	  2.1235 	  
9.95 	 2.1294 	  2.1295 	  
10.05 	 2.1353 	  2.1353 	  
10.15 	 2.141 	  2.1409 	  
10.25 	 2.1466 	  2.1463 	  
10.35 	 2.1519 	  2.1515 	  
10.45 	 2.1571 	  2.1564 	  
10.55 	 2.1621 	  2.1611 	  
10.65 	 2.1668 	  2.1656 	  
10.75 	 2.1714 	  2.1698 	  
10.85 	 2.1757 	  2.1738 	  
10.95 	 2.1797 	  2.1775 	  
11.05 	 2.1836 	  2.1809 	  
11.15 	 2.1871 	  2.1841 	  
11.25 	 2.1904 	  2.187 	  
11.35 	 2.1935 	  2.1896 	  
11.45 	 2.1962 	  2.1919 	  
11.55 	 2.1987 	  2.1939 	  
11.65 	 2.2009 	  2.1957 	  
11.75 	 2.2028 	  2.1971 	  
11.85 	 2.2045 	  2.1983 	  
11.95 	 2.2059 	  2.1992 	  
12.05 	 2.207 	  2.1997 	  
12.15 	 2.2079 	  2.2 	  
12.25 	 2.2085 	  2.1999 	  
12.35 	 2.2089 	  2.1996 	  
12.45 	 2.2089 	  2.199 	  
12.55 	 2.2088 	  2.198 	  
12.65 	 2.2083 	  2.1968 	  
12.75 	 2.2076 	  2.1953 	  
12.85 	 2.2066 	  2.1934 	  
12.95 	 2.2054 	  2.1913 	  
13.05 	 2.2038 	  2.1889 	  
13.15 	 2.2019 	  2.1863 	  
13.25 	 2.1997 	  2.1833 	  
13.35 	 2.197 	  2.1801 	  
13.45 	 2.1939 	  2.1765 	  
13.55 	 2.1901 	  2.1728 	  
13.65 	 2.1856 	  2.1687 	  
13.75 	 2.1805 	  2.1645 	  
13.85 	 2.1746 	  2.1599 	  
13.95 	 2.168 	  2.1552 	  
14.05 	 2.1607 	  2.1502 	  
14.15 	 2.1527 	  2.1449 	  
14.25 	 2.144 	  2.1395 	  
14.35 	 2.1348 	  2.1338 	  
14.45 	 2.125 	  2.128 	  
14.55 	 2.1147 	  2.1219 	  
14.65 	 2.1041 	  2.1157 	  
14.75 	 2.0933 	  2.1093 	  
14.85 	 2.0824 	  2.1027 	  
14.95 	 2.0716 	  2.096 	  
15.05 	 2.061 	  2.0892 	  
15.15 	 2.0506 	  2.0822 	  
15.25 	 2.0404 	  2.075 	  
15.35 	 2.0307 	  2.0678 	  
15.45 	 2.0213 	  2.0605 	  
15.55 	 2.0124 	  2.0531 	  
15.65 	 2.0041 	  2.0455 	  
15.75 	 1.9962 	  2.038 	  
15.85 	 1.9888 	  2.0303 	  
15.95 	 1.982 	  2.0227 	  
16.05 	 1.9758 	  2.015 	  
16.15 	 1.9702 	  2.0072 	  
16.25 	 1.965 	  1.9995 	  
16.35 	 1.9604 	  1.9917 	  
16.45 	 1.9563 	  1.984 	  
16.55 	 1.9527 	  1.9763 	  
16.65 	 1.9495 	  1.9686 	  
16.75 	 1.9467 	  1.961 	  
16.85 	 1.9444 	  1.9534 	  
16.95 	 1.9424 	  1.9459 	  
17.05 	 1.9408 	  1.9385 	  
17.15 	 1.9395 	  1.9312 	  
17.25 	 1.9385 	  1.924 	  
17.35 	 1.9378 	  1.9169 	  
17.45 	 1.9373 	  1.9099 	  
17.55 	 1.9371 	  1.9031 	  
17.65 	 1.9371 	  1.8964 	  
17.75 	 1.9372 	  1.8898 	  
17.85 	 1.9376 	  1.8834 	  
17.95 	 1.9381 	  1.8772 	  
18.05 	 1.9387 	  1.8712 	  
18.15 	 1.9394 	  1.8654 	  
18.25 	 1.9403 	  1.8598 	  
18.35 	 1.9413 	  1.8543 	  
18.45 	 1.9423 	  1.8491 	  
18.55 	 1.9434 	  1.8442 	  
18.65 	 1.9445 	  1.8394 	  
18.75 	 1.9458 	  1.8349 	  
18.85 	 1.947 	  1.8307 	  
18.95 	 1.9483 	  1.8267 	  
19.05 	 1.9496 	  1.823 	  
19.15 	 1.9509 	  1.8195 	  
19.25 	 1.9522 	  1.8163 	  
19.35 	 1.9536 	  1.8134 	  
19.45 	 1.9549 	  1.8107 	  
19.55 	 1.9563 	  1.8084 	  
19.65 	 1.9576 	  1.8063 	  
19.75 	 1.9589 	  1.8045 	  
19.85 	 1.9603 	  1.803 	  
19.95 	 1.9616 	  1.8018 	  
20.05 	 1.9628 	  1.8009 	  
20.15 	 1.9641 	  1.8003 	  
20.25 	 1.9654 	  1.8 	  
20.35 	 1.9666 	  1.8 	  
20.45 	 1.9678 	  1.8003 	  
20.55 	 1.969 	  1.8009 	  
20.65 	 1.9701 	  1.8018 	  
20.75 	 1.9712 	  1.803 	  
20.85 	 1.9723 	  1.8045 	  
20.95 	 1.9734 	  1.8063 	  
21.05 	 1.9744 	  1.8084 	  
21.15 	 1.9754 	  1.8107 	  
21.25 	 1.9764 	  1.8134 	  
21.35 	 1.9774 	  1.8163 	  
21.45 	 1.9783 	  1.8195 	  
21.55 	 1.9792 	  1.823 	  
21.65 	 1.98 	  1.8267 	  
21.75 	 1.9809 	  1.8307 	  
21.85 	 1.9817 	  1.835 	  
21.95 	 1.9825 	  1.8395 	  
22.05 	 1.9832 	  1.8442 	  
22.15 	 1.9839 	  1.8492 	  
22.25 	 1.9846 	  1.8544 	  
22.35 	 1.9853 	  1.8598 	  
22.45 	 1.986 	  1.8654 	  
22.55 	 1.9866 	  1.8712 	  
22.65 	 1.9872 	  1.8773 	  
22.75 	 1.9878 	  1.8835 	  
22.85 	 1.9883 	  1.8899 	  
22.95 	 1.9889 	  1.8964 	  
23.05 	 1.9894 	  1.9031 	  
23.15 	 1.9899 	  1.9099 	  
23.25 	 1.9903 	  1.9169 	  
23.35 	 1.9908 	  1.924 	  
23.45 	 1.9912 	  1.9313 	  
23.55 	 1.9916 	  1.9386 	  
23.65 	 1.992 	  1.946 	  
23.75 	 1.9924 	  1.9535 	  
23.85 	 1.9928 	  1.9611 	  
23.95 	 1.9931 	  1.9687 	  
24.05 	 1.9935 	  1.9763 	  
24.15 	 1.9938 	  1.9841 	  
24.25 	 1.9941 	  1.9918 	  
24.35 	 1.9944 	  1.9995 	  
24.45 	 1.9946 	  2.0073 	  
24.55 	 1.9949 	  2.015 	  
24.65 	 1.9952 	  2.0227 	  
24.75 	 1.9954 	  2.0304 	  
24.85 	 1.9956 	  2.038 	  
24.95 	 1.9959 	  2.0456 	  
25.05 	 1.9961 	  2.0531 	  
25.15 	 1.9963 	  2.0605 	  
25.25 	 1.9965 	  2.0679 	  
25.35 	 1.9966 	  2.0751 	  
25.45 	 1.9968 	  2.0822 	  
25.55 	 1.997 	  2.0892 	  
25.65 	 1.9971 	  2.0961 	  
25.75 	 1.9973 	  2.1028 	  
25.85 	 1.9974 	  2.1093 	  
25.95 	 1.9975 	  2.1158 	  
26.05 	 1.9977 	  2.122 	  
26.15 	 1.9978 	  2.128 	  
26.25 	 1.9979 	  2.1339 	  
26.35 	 1.998 	  2.1395 	  
26.45 	 1.9981 	  2.145 	  
26.55 	 1.9982 	  2.1502 	  
26.65 	 1.9983 	  2.1552 	  
26.75 	 1.9984 	  2.16 	  
26.85 	 1.9985 	  2.1645 	  
26.95 	 1.9986 	  2.1688 	  
27.05 	 1.9987 	  2.1728 	  
27.15 	 1.9987 	  2.1766 	  
27.25 	 1.9988 	  2.1801 	  
27.35 	 1.9989 	  2.1833 	  
27.45 	 1.9989 	  2.1863 	  
27.55 	 1.999 	  2.1889 	  
27.65 	 1.999 	  2.1913 	  
27.75 	 1.9991 	  2.1935 	  
27.85 	 1.9991 	  2.1953 	  
27.95 	 1.9992 	  2.1968 	  
28.05 	 1.9992 	  2.198 	  
28.15 	 1.9993 	  2.199 	  
28.25 	 1.9993 	  2.1996 	  
28.35 	 1.9994 	  2.1999 	  
28.45 	 1.9994 	  2.2 	  
28.55 	 1.9994 	  2.1997 	  
28.65 	 1.9995 	  2.1992 	  
28.75 	 1.9995 	  2.1983 	  
28.85 	 1.9995 	  2.1971 	  
28.95 	 1.9995 	  2.1957 	  
29.05 	 1.9996 	  2.1939 	  
29.15 	 1.9996 	  2.1919 	  
29.25 	 1.9996 	  2.1896 	  
29.35 	 1.9996 	  2.187 	  
29.45 	 1.9997 	  2.1841 	  
29.55 	 1.9997 	  2.1809 	  
29.65 	 1.9997 	  2.1775 	  
29.75 	 1.9997 	  2.1738 	  
29.85 	 1.9997 	  2.1698 	  
29.95 	 1.9997 	  2.1656 	  
30.05 	 1.9998 	  2.1611 	  
30.15 	 1.9998 	  2.1564 	  
30.25 	 1.9998 	  2.1515 	  
30.35 	 1.9998 	  2.1463 	  
30.45 	 1.9998 	  2.1409 	  
30.55 	 1.9998 	  2.1353 	  
30.65 	 1.9998 	  2.1295 	  
30.75 	 1.9998 	  2.1235 	  
30.85 	 1.9999 	  2.1173 	  
30.95 	 1.9999 	  2.111 	  
31.05 	 1.9999 	  2.1045 	  
31.15 	 1.9999 	  2.0978 	  
31.25 	 1.9999 	  2.0909 	  
31.35 	 1.9999 	  2.084 	  
31.45 	 1.9999 	  2.0769 	  
31.55 	 1.9999 	  2.0697 	  
31.65 	 1.9999 	  2.0624 	  
31.75 	 1.9999 	  2.055 	  
31.85 	 1.9999 	  2.0475 	  
31.95 	 1.9999 	  2.0399 	  
32.05 	 1.9999 	  2.0323 	  
32.15 	 1.9999 	  2.0246 	  
32.25 	 1.9999 	  2.0169 	  
32.35 	 1.9999 	  2.0092 	  
32.45 	 1.9999 	  2.0015 	  
32.55 	 1.9999 	  1.9937 	  
32.65 	 1.9999 	  1.986 	  
32.75 	 2 	  1.9783 	  
32.85 	 2 	  1.9706 	  
32.95 	 2 	  1.963 	  
33.05 	 2 	  1.9554 	  
33.15 	 2 	  1.9479 	  
33.25 	 2 	  1.9404 	  
33.35 	 2 	  1.9331 	  
33.45 	 2 	  1.9258 	  
33.55 	 2 	  1.9187 	  
33.65 	 2 	  1.9117 	  
33.75 	 2 	  1.9048 	  
33.85 	 2 	  1.8981 	  
33.95 	 2 	  1.8915 	  
34.05 	 2 	  1.8851 	  
34.15 	 2 	  1.8788 	  
34.25 	 2 	  1.8727 	  
34.35 	 2 	  1.8669 	  
34.45 	 2 	  1.8612 	  
34.55 	 2 	  1.8557 	  
34.65 	 2 	  1.8505 	  
34.75 	 2 	  1.8454 	  
34.85 	 2 	  1.8406 	  
34.95 	 2 	  1.8361 	  
35.05 	 2 	  1.8318 	  
35.15 	 2 	  1.8277 	  
35.25 	 2 	  1.8239 	  
35.35 	 2 	  1.8204 	  
35.45 	 2 	  1.8171 	  
35.55 	 2 	  1.8141 	  
35.65 	 2 	  1.8114 	  
35.75 	 2 	  1.8089 	  
35.85 	 2 	  1.8068 	  
35.95 	 2 	  1.8049 	  
36.05 	 2 	  1.8034 	  
36.15 	 2 	  1.8021 	  
36.25 	 2 	  1.8011 	  
36.35 	 2 	  1.8005 	  
36.45 	 2 	  1.8001 	  
36.55 	 2 	  1.8 	  
36.65 	 2 	  1.8002 	  
36.75 	 2 	  1.8008 	  
36.85 	 2 	  1.8016 	  
36.95 	 2 	  1.8027 	  
37.05 	 2 	  1.8041 	  
37.15 	 2 	  1.8058 	  
37.25 	 2 	  1.8078 	  
37.35 	 2 	  1.8101 	  
37.45 	 2 	  1.8127 	  
37.55 	 2 	  1.8155 	  
37.65 	 2 	  1.8187 	  
37.75 	 2 	  1.8221 	  
37.85 	 2 	  1.8257 	  
37.95 	 2 	  1.8297 	  
38.05 	 2 	  1.8339 	  
38.15 	 2 	  1.8383 	  
38.25 	 2 	  1.843 	  
38.35 	 2 	  1.8479 	  
38.45 	 2 	  1.853 	  
38.55 	 2 	  1.8584 	  
38.65 	 2 	  1.864 	  
38.75 	 2 	  1.8697 	  
38.85 	 2 	  1.8757 	  
38.95 	 2 	  1.8819 	  
39.05 	 2 	  1.8882 	  
39.15 	 2 	  1.8947 	  
39.25 	 2 	  1.9014 	  
39.35 	 2 	  1.9082 	  
39.45 	 2 	  1.9151 	  
39.55 	 2 	  1.9222 	  
39.65 	 2 	  1.9294 	  
39.75 	 2 	  1.9367 	  
39.85 	 2 	  1.9441 	  
39.95 	 2 	  1.9516 	  
40.05 	 2 	  1.9591 	  
40.15 	 2 	  1.9667 	  
40.25 	 2 	  1.9744 	  
40.35 	 2 	  1.9821 	  
40.45 	 2 	  1.9898 	  
40.55 	 2 	  1.9975 	  
40.65 	 2 	  2.0053 	  
40.75 	 2 	  2.013 	  
40.85 	 2 	  2.0207 	  
40.95 	 2 	  2.0284 	  
41.05 	 2 	  2.0361 	  
41.15 	 2 	  2.0436 	  
41.25 	 2 	  2.0512 	  
41.35 	 2 	  2.0586 	  
41.45 	 2 	  2.066 	  
41.55 	 2 	  2.0732 	  
41.65 	 2 	  2.0804 	  
41.75 	 2 	  2.0874 	  
41.85 	 2 	  2.0943 	  
41.95 	 2 	  2.1011 	  
42.05 	 2 	  2.1077 	  
42.15 	 2 	  2.1141 	  
42.25 	 2 	  2.1204 	  
42.35 	 2 	  2.1265 	  
42.45 	 2 	  2.1324 	  
42.55 	 2 	  2.1381 	  
42.65 	 2 	  2.1436 	  
42.75 	 2 	  2.1489 	  
42.85 	 2 	  2.1539 	  
42.95 	 2 	  2.1588 	  
43.05 	 2 	  2.1634 	  
43.15 	 2 	  2.1677 	  
43.25 	 2 	  2.1718 	  
43.35 	 2 	  2.1756 	  
43.45 	 2 	  2.1792 	  
43.55 	 2 	  2.1825 	  
43.65 	 2 	  2.1855 	  
43.75 	 2 	  2.1883 	  
43.85 	 2 	  2.1908 	  
43.95 	 2 	  2.1929 	  
44.05 	 2 	  2.1948 	  
44.15 	 2 	  2.1964 	  
44.25 	 2 	  2.1977 	  
44.35 	 2 	  2.1988 	  
44.45 	 2 	  2.1995 	  
44.55 	 2 	  2.1999 	  
44.65 	 2 	  2.2 	  
44.75 	 2 	  2.1998 	  
44.85 	 2 	  2.1993 	  
44.95 	 2 	  2.1985 	  
45.05 	 2 	  2.1975 	  
45.15 	 2 	  2.1961 	  
45.25 	 2 	  2.1944 	  
45.35 	 2 	  2.1925 	  
45.45 	 2 	  2.1902 	  
45.55 	 2 	  2.1877 	  
45.65 	 2 	  2.1848 	  
45.75 	 2 	  2.1818 	  
45.85 	 2 	  2.1784 	  
45.95 	 2 	  2.1747 	  
46.05 	 2 	  2.1709 	  
46.15 	 2 	  2.1667 	  
46.25 	 2 	  2.1623 	  
46.35 	 2 	  2.1576 	  
46.45 	 2 	  2.1528 	  
46.55 	 2 	  2.1477 	  
46.65 	 2 	  2.1423 	  
46.75 	 2 	  2.1368 	  
46.85 	 2 	  2.131 	  
46.95 	 2 	  2.1251 	  
47.05 	 2 	  2.1189 	  
47.15 	 2 	  2.1126 	  
47.25 	 2 	  2.1061 	  
47.35 	 2 	  2.0995 	  
47.45 	 2 	  2.0927 	  
47.55 	 2 	  2.0858 	  
47.65 	 2 	  2.0787 	  
47.75 	 2 	  2.0715 	  
47.85 	 2 	  2.0643 	  
47.95 	 2 	  2.0569 	  
48.05 	 2 	  2.0494 	  
48.15 	 2 	  2.0419 	  
48.25 	 2 	  2.0343 	  
48.35 	 2 	  2.0266 	  
48.45 	 2 	  2.0189 	  
48.55 	 2 	  2.0112 	  
48.65 	 2 	  2.0035 	  
48.75 	 2 	  1.9957 	  
48.85 	 2 	  1.988 	  
48.95 	 2 	  1.9803 	  
49.05 	 2 	  1.9726 	  
49.15 	 2 	  1.9649 	  
49.25 	 2 	  1.9573 	  
49.35 	 2 	  1.9498 	  
49.45 	 2 	  1.9423 	  
49.55 	 2 	  1.935 	  
49.65 	 2 	  1.9277 	  
49.75 	 2 	  1.9205 	  
49.85 	 2 	  1.9135 	  
49.95 	 2 	  1.9066 	  
50.05 	 2 	  1.8998 	  
50.15 	 2 	  1.8932 	  
50.25 	 2 	  1.8867 	  
50.35 	 2 	  1.8804 	  
50.45 	 2 	  1.8743 	  
50.55 	 2 	  1.8684 	  
50.65 	 2 	  1.8626 	  
50.75 	 2 	  1.8571 	  
50.85 	 2 	  1.8518 	  
50.95 	 2 	  1.8467 	  
51.05 	 2 	  1.8418 	  
51.15 	 2 	  1.8372 	  
51.25 	 2 	  1.8328 	  
51.35 	 2 	  1.8287 	  
51.45 	 2 	  1.8249 	  
51.55 	 2 	  1.8212 	  
51.65 	 2 	  1.8179 	  
51.75 	 2 	  1.8148 	  
51.85 	 2 	  1.8121 	  
51.95 	 2 	  1.8095 	  
52.05 	 2 	  1.8073 	  
52.15 	 2 	  1.8054 	  
52.25 	 2 	  1.8038 	  
52.35 	 2 	  1.8024 	  
52.45 	 2 	  1.8014 	  
52.55 	 2 	  1.8006 	  
52.65 	 2 	  1.8002 	  
52.75 	 2 	  1.8 	  
52.85 	 2 	  1.8001 	  
52.95 	 2 	  1.8006 	  
53.05 	 2 	  1.8013 	  
53.15 	 2 	  1.8024 	  
53.25 	 2 	  1.8037 	  
53.35 	 2 	  1.8054 	  
53.45 	 2 	  1.8073 	  
53.55 	 2 	  1.8095 	  
53.65 	 2 	  1.812 	  
53.75 	 2 	  1.8148 	  
53.85 	 2 	  1.8178 	  
53.95 	 2 	  1.8212 	  
54.05 	 2 	  1.8248 	  
54.15 	 2 	  1.8286 	  
54.25 	 2 	  1.8328 	  
54.35 	 2 	  1.8371 	  
54.45 	 2 	  1.8417 	  
54.55 	 2 	  1.8466 	  
54.65 	 2 	  1.8517 	  
54.75 	 2 	  1.857 	  
54.85 	 2 	  1.8625 	  
54.95 	 2 	  1.8682 	  
55.05 	 2 	  1.8741 	  
55.15 	 2 	  1.8803 	  
55.25 	 2 	  1.8866 	  
55.35 	 2 	  1.893 	  
55.45 	 2 	  1.8996 	  
55.55 	 2 	  1.9064 	  
55.65 	 2 	  1.9133 	  
55.75 	 2 	  1.9204 	  
55.85 	 2 	  1.9275 	  
55.95 	 2 	  1.9348 	  
56.05 	 2 	  1.9422 	  
56.15 	 2 	  1.9496 	  
56.25 	 2 	  1.9572 	  
56.35 	 2 	  1.9647 	  
56.45 	 2 	  1.9724 	  
56.55 	 2 	  1.9801 	  
56.65 	 2 	  1.9878 	  
56.75 	 2 	  1.9955 	  
56.85 	 2 	  2.0033 	  
56.95 	 2 	  2.011 	  
57.05 	 2 	  2.0187 	  
57.15 	 2 	  2.0264 	  
57.25 	 2 	  2.0341 	  
57.35 	 2 	  2.0417 	  
57.45 	 2 	  2.0492 	  
57.55 	 2 	  2.0567 	  
57.65 	 2 	  2.0641 	  
57.75 	 2 	  2.0714 	  
57.85 	 2 	  2.0786 	  
57.95 	 2 	  2.0856 	  
58.05 	 2 	  2.0926 	  
58.15 	 2 	  2.0993 	  
58.25 	 2 	  2.106 	  
58.35 	 2 	  2.1125 	  
58.45 	 2 	  2.1188 	  
58.55 	 2 	  2.1249 	  
58.65 	 2 	  2.1309 	  
58.75 	 2 	  2.1366 	  
58.85 	 2 	  2.1422 	  
58.95 	 2 	  2.1475 	  
59.05 	 2 	  2.1527 	  
59.15 	 2 	  2.1575 	  
59.25 	 2 	  2.1622 	  
59.35 	 2 	  2.1666 	  
59.45 	 2 	  2.1708 	  
59.55 	 2 	  2.1747 	  
59.65 	 2 	  2.1783 	  
59.75 	 2 	  2.1817 	  
59.85 	 2 	  2.1848 	  
59.95 	 2 	  2.1876 	  
60.05 	 2 	  2.1901 	  
60.15 	 2 	  2.1924 	  
60.25 	 2 	  2.1944 	  
60.35 	 2 	  2.1961 	  
60.45 	 2 	  2.1974 	  
60.55 	 2 	  2.1985 	  
60.65 	 2 	  2.1993 	  
60.75 	 2 	  2.1998 	  
60.85 	 2 	  2.2 	  
60.95 	 2 	  2.1999 	  
61.05 	 2 	  2.1995 	  
61.15 	 2 	  2.1988 	  
61.25 	 2 	  2.1978 	  
61.35 	 2 	  2.1965 	  
61.45 	 2 	  2.1949 	  
61.55 	 2 	  2.193 	  
61.65 	 2 	  2.1908 	  
61.75 	 2 	  2.1883 	  
61.85 	 2 	  2.1856 	  
61.95 	 2 	  2.1826 	  
62.05 	 2 	  2.1793 	  
62.15 	 2 	  2.1757 	  
62.25 	 2 	  2.1719 	  
62.35 	 2 	  2.1678 	  
62.45 	 2 	  2.1635 	  
62.55 	 2 	  2.1589 	  
62.65 	 2 	  2.154 	  
62.75 	 2 	  2.149 	  
62.85 	 2 	  2.1437 	  
62.95 	 2 	  2.1382 	  
63.05 	 2 	  2.1325 	  
63.15 	 2 	  2.1266 	  
63.25 	 2 	  2.1205 	  
63.35 	 2 	  2.1143 	  
63.45 	 2 	  2.1078 	  
63.55 	 2 	  2.1012 	  
63.65 	 2 	  2.0945 	  
63.75 	 2 	  2.0876 	  
63.85 	 2 	  2.0805 	  
63.95 	 2 	  2.0734 	  
64.05 	 2 	  2.0661 	  
64.15 	 2 	  2.0588 	  
64.25 	 2 	  2.0513 	  
64.35 	 2 	  2.0438 	  
64.45 	 2 	  2.0362 	  
64.55 	 2 	  2.0286 	  
64.65 	 2 	  2.0209 	  
64.75 	 2 	  2.0132 	  
64.85 	 2 	  2.0055 	  
64.95 	 2 	  1.9977 	  
65.05 	 2 	  1.99 	  
65.15 	 2 	  1.9822 	  
65.25 	 2 	  1.9745 	  
65.35 	 2 	  1.9669 	  
65.45 	 2 	  1.9593 	  
65.55 	 2 	  1.9517 	  
65.65 	 2 	  1.9442 	  
65.75 	 2 	  1.9369 	  
65.85 	 2 	  1.9296 	  
65.95 	 2 	  1.9224 	  
66.05 	 2 	  1.9153 	  
66.15 	 2 	  1.9083 	  
66.25 	 2 	  1.9015 	  
66.35 	 2 	  1.8949 	  
66.45 	 2 	  1.8883 	  
66.55 	 2 	  1.882 	  
66.65 	 2 	  1.8758 	  
66.75 	 2 	  1.8699 	  
66.85 	 2 	  1.8641 	  
66.95 	 2 	  1.8585 	  
67.05 	 2 	  1.8531 	  
67.15 	 2 	  1.848 	  
67.25 	 2 	  1.8431 	  
67.35 	 2 	  1.8384 	  
67.45 	 2 	  1.834 	  
67.55 	 2 	  1.8298 	  
67.65 	 2 	  1.8258 	  
67.75 	 2 	  1.8221 	  
67.85 	 2 	  1.8187 	  
67.95 	 2 	  1.8156 	  
68.05 	 2 	  1.8127 	  
68.15 	 2 	  1.8102 	  
68.25 	 2 	  1.8079 	  
68.35 	 2 	  1.8059 	  
68.45 	 2 	  1.8041 	  
68.55 	 2 	  1.8027 	  
68.65 	 2 	  1.8016 	  
68.75 	 2 	  1.8008 	  
68.85 	 2 	  1.8002 	  
68.95 	 2 	  1.8 	  
69.05 	 2 	  1.8001 	  
69.15 	 2 	  1.8004 	  
69.25 	 2 	  1.8011 	  
69.35 	 2 	  1.8021 	  
69.45 	 2 	  1.8033 	  
69.55 	 2 	  1.8049 	  
69.65 	 2 	  1.8068 	  
69.75 	 2 	  1.8089 	  
69.85 	 2 	  1.8113 	  
69.95 	 2 	  1.814 	  
70.05 	 2 	  1.817 	  
70.15 	 2 	  1.8203 	  
70.25 	 2 	  1.8238 	  
70.35 	 2 	  1.8276 	  
70.45 	 2 	  1.8317 	  
70.55 	 2 	  1.836 	  
70.65 	 2 	  1.8405 	  
70.75 	 2 	  1.8453 	  
70.85 	 2 	  1.8503 	  
70.95 	 2 	  1.8556 	  
71.05 	 2 	  1.8611 	  
71.15 	 2 	  1.8667 	  
71.25 	 2 	  1.8726 	  
71.35 	 2 	  1.8787 	  
71.45 	 2 	  1.8849 	  
71.55 	 2 	  1.8913 	  
71.65 	 2 	  1.8979 	  
71.75 	 2 	  1.9047 	  
71.85 	 2 	  1.9115 	  
71.95 	 2 	  1.9185 	  
72.05 	 2 	  1.9257 	  
72.15 	 2 	  1.9329 	  
72.25 	 2 	  1.9403 	  
72.35 	 2 	  1.9477 	  
72.45 	 2 	  1.9552 	  
72.55 	 2 	  1.9628 	  
72.65 	 2 	  1.9704 	  
72.75 	 2 	  1.9781 	  
72.85 	 2 	  1.9858 	  
72.95 	 2 	  1.9936 	  
73.05 	 2 	  2.0013 	  
73.15 	 2 	  2.009 	  
73.25 	 2 	  2.0168 	  
73.35 	 2 	  2.0245 	  
73.45 	 2 	  2.0321 	  
73.55 	 2 	  2.0398 	  
73.65 	 2 	  2.0473 	  
73.75 	 2 	  2.0548 	  
73.85 	 2 	  2.0622 	  
73.95 	 2 	  2.0695 	  
74.05 	 2 	  2.0767 	  
74.15 	 2 	  2.0838 	  
74.25 	 2 	  2.0908 	  
74.35 	 2 	  2.0976 	  
74.45 	 2 	  2.1043 	  
74.55 	 2 	  2.1108 	  
74.65 	 2 	  2.1172 	  
74.75 	 2 	  2.1234 	  
74.85 	 2 	  2.1294 	  
74.95 	 2 	  2.1352 	  
75.05 	 2 	  2.1408 	  
75.15 	 2 	  2.1462 	  
75.25 	 2 	  2.1514 	  
75.35 	 2 	  2.1563 	  
75.45 	 2 	  2.161 	  
75.55 	 2 	  2.1655 	  
75.65 	 2 	  2.1697 	  
75.75 	 2 	  2.1737 	  
75.85 	 2 	  2.1774 	  
75.95 	 2 	  2.1808 	  
76.05 	 2 	  2.184 	  
76.15 	 2 	  2.1869 	  
76.25 	 2 	  2.1895 	  
76.35 	 2 	  2.1919 	  
76.45 	 2 	  2.1939 	  
76.55 	 2 	  2.1956 	  
76.65 	 2 	  2.1971 	  
76.75 	 2 	  2.1983 	  
76.85 	 2 	  2.1991 	  
76.95 	 2 	  2.1997 	  
77.05 	 2 	  2.2 	  
77.15 	 2 	  2.1999 	  
77.25 	 2 	  2.1996 	  
77.35 	 2 	  2.199 	  
77.45 	 2 	  2.1981 	  
77.55 	 2 	  2.1968 	  
77.65 	 2 	  2.1953 	  
77.75 	 2 	  2.1935 	  
77.85 	 2 	  2.1914 	  
77.95 	 2 	  2.189 	  
78.05 	 2 	  2.1863 	  
78.15 	 2 	  2.1834 	  
78.25 	 2 	  2.1801 	  
78.35 	 2 	  2.1767 	  
78.45 	 2 	  2.1729 	  
78.55 	 2 	  2.1689 	  
78.65 	 2 	  2.1646 	  
78.75 	 2 	  2.1601 	  
78.85 	 2 	  2.1553 	  
78.95 	 2 	  2.1503 	  
79.05 	 2 	  2.1451 	  
79.15 	 2 	  2.1397 	  
79.25 	 2 	  2.134 	  
79.35 	 2 	  2.1282 	  
79.45 	 2 	  2.1221 	  
79.55 	 2 	  2.1159 	  
79.65 	 2 	  2.1095 	  
79.75 	 2 	  2.1029 	  
79.85 	 2 	  2.0962 	  
79.95 	 2 	  2.0894 	  
80.05 	 2 	  2.0824 	  
80.15 	 2 	  2.0752 	  
80.25 	 2 	  2.068 	  
80.35 	 2 	  2.0607 	  
80.45 	 2 	  2.0533 	  
80.55 	 2 	  2.0458 	  
80.65 	 2 	  2.0382 	  
80.75 	 2 	  2.0306 	  
80.85 	 2 	  2.0229 	  
80.95 	 2 	  2.0152 	  
81.05 	 2 	  2.0074 	  
81.15 	 2 	  1.9997 	  
81.25 	 2 	  1.992 	  
81.35 	 2 	  1.9842 	  
81.45 	 2 	  1.9765 	  
81.55 	 2 	  1.9688 	  
81.65 	 2 	  1.9612 	  
81.75 	 2 	  1.9537 	  
81.85 	 2 	  1.9462 	  
81.95 	 2 	  1.9387 	  
82.05 	 2 	  1.9314 	  
82.15 	 2 	  1.9242 	  
82.25 	 2 	  1.9171 	  
82.35 	 2 	  1.9101 	  
82.45 	 2 	  1.9033 	  
82.55 	 2 	  1.8966 	  
82.65 	 2 	  1.89 	  
82.75 	 2 	  1.8836 	  
82.85 	 2 	  1.8774 	  
82.95 	 2 	  1.8714 	  
83.05 	 2 	  1.8655 	  
83.15 	 2 	  1.8599 	  
83.25 	 2 	  1.8545 	  
83.35 	 2 	  1.8493 	  
83.45 	 2 	  1.8443 	  
83.55 	 2 	  1.8396 	  
83.65 	 2 	  1.8351 	  
83.75 	 2 	  1.8308 	  
83.85 	 2 	  1.8268 	  
83.95 	 2 	  1.8231 	  
84.05 	 2 	  1.8196 	  
84.15 	 2 	  1.8164 	  
84.25 	 2 	  1.8135 	  
84.35 	 2 	  1.8108 	  
84.45 	 2 	  1.8084 	  
84.55 	 2 	  1.8064 	  
84.65 	 2 	  1.8046 	  
84.75 	 2 	  1.8031 	  
84.85 	 2 	  1.8019 	  
84.95 	 2 	  1.801 	  
85.05 	 2 	  1.8003 	  
85.15 	 2 	  1.8 	  
85.25 	 2 	  1.8 	  
85.35 	 2 	  1.8003 	  
85.45 	 2 	  1.8009 	  
85.55 	 2 	  1.8018 	  
85.65 	 2 	  1.803 	  
85.75 	 2 	  1.8045 	  
85.85 	 2 	  1.8063 	  
85.95 	 2 	  1.8083 	  
86.05 	 2 	  1.8107 	  
86.15 	 2 	  1.8133 	  
86.25 	 2 	  1.8162 	  
86.35 	 2 	  1.8194 	  
86.45 	 2 	  1.8229 	  
86.55 	 2 	  1.8266 	  
86.65 	 2 	  1.8306 	  
86.75 	 2 	  1.8348 	  
86.85 	 2 	  1.8393 	  
86.95 	 2 	  1.8441 	  
87.05 	 2 	  1.849 	  
87.15 	 2 	  1.8542 	  
87.25 	 2 	  1.8596 	  
87.35 	 2 	  1.8653 	  
87.45 	 2 	  1.8711 	  
87.55 	 2 	  1.8771 	  
87.65 	 2 	  1.8833 	  
87.75 	 2 	  1.8897 	  
87.85 	 2 	  1.8962 	  
87.95 	 2 	  1.9029 	  
88.05 	 2 	  1.9098 	  
88.15 	 2 	  1.9167 	  
88.25 	 2 	  1.9238 	  
88.35 	 2 	  1.931 	  
88.45 	 2 	  1.9384 	  
88.55 	 2 	  1.9458 	  
88.65 	 2 	  1.9533 	  
88.75 	 2 	  1.9608 	  
88.85 	 2 	  1.9685 	  
88.95 	 2 	  1.9761 	  
89.05 	 2 	  1.9838 	  
89.15 	 2 	  1.9916 	  
89.25 	 2 	  1.9993 	  
89.35 	 2 	  2.007 	  
89.45 	 2 	  2.0148 	  
89.55 	 2 	  2.0225 	  
89.65 	 2 	  2.0302 	  
89.75 	 2 	  2.0378 	  
89.85 	 2 	  2.0454 	  
89.95 	 2 	  2.0529 	  
90.05 	 2 	  2.0603 	  
90.15 	 2 	  2.0676 	  
90.25 	 2 	  2.0749 	  
90.35 	 2 	  2.082 	  
90.45 	 2 	  2.089 	  
90.55 	 2 	  2.0959 	  
90.65 	 2 	  2.1026 	  
90.75 	 2 	  2.1092 	  
90.85 	 2 	  2.1156 	  
90.95 	 2 	  2.1218 	  
91.05 	 2 	  2.1279 	  
91.15 	 2 	  2.1337 	  
91.25 	 2 	  2.1394 	  
91.35 	 2 	  2.1448 	  
91.45 	 2 	  2.1501 	  
91.55 	 2 	  2.1551 	  
91.65 	 2 	  2.1598 	  
91.75 	 2 	  2.1644 	  
91.85 	 2 	  2.1687 	  
91.95 	 2 	  2.1727 	  
92.05 	 2 	  2.1765 	  
92.15 	 2 	  2.18 	  
92.25 	 2 	  2.1832 	  
92.35 	 2 	  2.1862 	  
92.45 	 2 	  2.1889 	  
92.55 	 2 	  2.1913 	  
92.65 	 2 	  2.1934 	  
92.75 	 2 	  2.1952 	  
92.85 	 2 	  2.1968 	  
92.95 	 2 	  2.198 	  
93.05 	 2 	  2.1989 	  
93.15 	 2 	  2.1996 	  
93.25 	 2 	  2.1999 	  
93.35 	 2 	  2.2 	  
93.45 	 2 	  2.1997 	  
93.55 	 2 	  2.1992 	  
93.65 	 2 	  2.1983 	  
93.75 	 2 	  2.1972 	  
93.85 	 2 	  2.1957 	  
93.95 	 2 	  2.194 	  
94.05 	 2 	  2.192 	  
94.15 	 2 	  2.1896 	  
94.25 	 2 	  2.187 	  
94.35 	 2 	  2.1842 	  
94.45 	 2 	  2.181 	  
94.55 	 2 	  2.1776 	  
94.65 	 2 	  2.1739 	  
94.75 	 2 	  2.1699 	  
94.85 	 2 	  2.1657 	  
94.95 	 2 	  2.1613 	  
95.05 	 2 	  2.1566 	  
95.15 	 2 	  2.1516 	  
95.25 	 2 	  2.1465 	  
95.35 	 2 	  2.1411 	  
95.45 	 2 	  2.1355 	  
95.55 	 2 	  2.1297 	  
95.65 	 2 	  2.1237 	  
95.75 	 2 	  2.1175 	  
95.85 	 2 	  2.1112 	  
95.95 	 2 	  2.1046 	  
96.05 	 2 	  2.098 	  
96.15 	 2 	  2.0911 	  
96.25 	 2 	  2.0842 	  
96.35 	 2 	  2.0771 	  
96.45 	 2 	  2.0699 	  
96.55 	 2 	  2.0626 	  
96.65 	 2 	  2.0552 	  
96.75 	 2 	  2.0477 	  
96.85 	 2 	  2.0401 	  
96.95 	 2 	  2.0325 	  
97.05 	 2 	  2.0249 	  
97.15 	 2 	  2.0172 	  
97.25 	 2 	  2.0094 	  
97.35 	 2 	  2.0017 	  
97.45 	 2 	  1.9939 	  
97.55 	 2 	  1.9862 	  
97.65 	 2 	  1.9785 	  
97.75 	 2 	  1.9708 	  
97.85 	 2 	  1.9632 	  
97.95 	 2 	  1.9556 	  
98.05 	 2 	  1.9481 	  
98.15 	 2 	  1.9406 	  
98.25 	 2 	  1.9333 	  
98.35 	 2 	  1.926 	  
98.45 	 2 	  1.9189 	  
98.55 	 2 	  1.9119 	  
98.65 	 2 	  1.905 	  
98.75 	 2 	  1.8983 	  
98.85 	 2 	  1.8917 	  
98.95 	 2 	  1.8852 	  
99.05 	 2 	  1.879 	  
99.15 	 2 	  1.8729 	  
99.25 	 2 	  1.867 	  
99.35 	 2 	  1.8613 	  
99.45 	 1.9999 	  1.8559 	  
99.55 	 1.9999 	  1.8506 	  
99.65 	 1.9999 	  1.8456 	  
99.75 	 1.9999 	  1.8408 	  
99.85 	 1.9999 	  1.8362 	  
99.95 	 1.9999 	  1.8319 	  
100.05 	 1.9999 	  1.8278 	  
100.15 	 1.9999 	  1.824 	  
100.25 	 1.9999 	  1.8205 	  
100.35 	 1.9999 	  1.8172 	  
100.45 	 1.9999 	  1.8142 	  
100.55 	 1.9999 	  1.8115 	  
100.65 	 1.9999 	  1.809 	  
100.75 	 1.9999 	  1.8069 	  
100.85 	 1.9999 	  1.805 	  
100.95 	 1.9999 	  1.8034 	  
101.05 	 1.9999 	  1.8021 	  
101.15 	 1.9999 	  1.8012 	  
101.25 	 1.9999 	  1.8005 	  
101.35 	 1.9999 	  1.8001 	  
101.45 	 1.9999 	  1.8 	  
101.55 	 1.9999 	  1.8002 	  
101.65 	 1.9999 	  1.8007 	  
101.75 	 1.9999 	  1.8016 	  
101.85 	 1.9999 	  1.8027 	  
101.95 	 1.9999 	  1.8041 	  
102.05 	 1.9999 	  1.8058 	  
102.15 	 1.9999 	  1.8078 	  
102.25 	 1.9999 	  1.81 	  
102.35 	 1.9999 	  1.8126 	  
102.45 	 1.9999 	  1.8155 	  
102.55 	 1.9999 	  1.8186 	  
102.65 	 1.9999 	  1.822 	  
102.75 	 1.9999 	  1.8256 	  
102.85 	 1.9999 	  1.8296 	  
102.95 	 1.9999 	  1.8337 	  
103.05 	 1.9999 	  1.8382 	  
103.15 	 1.9999 	  1.8428 	  
103.25 	 1.9999 	  1.8477 	  
103.35 	 1.9999 	  1.8529 	  
103.45 	 1.9999 	  1.8582 	  
103.55 	 1.9999 	  1.8638 	  
103.65 	 1.9999 	  1.8696 	  
103.75 	 1.9999 	  1.8755 	  
103.85 	 1.9999 	  1.8817 	  
103.95 	 1.9999 	  1.888 	  
104.05 	 1.9999 	  1.8945 	  
104.15 	 1.9999 	  1.9012 	  
104.25 	 1.9999 	  1.908 	  
104.35 	 1.9999 	  1.9149 	  
104.45 	 1.9999 	  1.922 	  
104.55 	 1.9999 	  1.9292 	  
104.65 	 1.9998 	  1.9365 	  
104.75 	 1.9998 	  1.9439 	  
104.85 	 1.9998 	  1.9513 	  
104.95 	 1.9998 	  1.9589 	  
105.05 	 1.9998 	  1.9665 	  
105.15 	 1.9998 	  1.9742 	  
105.25 	 1.9998 	  1.9818 	  
105.35 	 1.9998 	  1.9896 	  
105.45 	 1.9998 	  1.9973 	  
105.55 	 1.9998 	  2.0051 	  
105.65 	 1.9998 	  2.0128 	  
105.75 	 1.9998 	  2.0205 	  
105.85 	 1.9998 	  2.0282 	  
105.95 	 1.9998 	  2.0358 	  
106.05 	 1.9998 	  2.0434 	  
106.15 	 1.9998 	  2.051 	  
106.25 	 1.9998 	  2.0584 	  
106.35 	 1.9998 	  2.0658 	  
106.45 	 1.9998 	  2.073 	  
106.55 	 1.9998 	  2.0802 	  
106.65 	 1.9998 	  2.0872 	  
106.75 	 1.9998 	  2.0941 	  
106.85 	 1.9998 	  2.1009 	  
106.95 	 1.9998 	  2.1075 	  
107.05 	 1.9998 	  2.1139 	  
107.15 	 1.9998 	  2.1202 	  
107.25 	 1.9998 	  2.1263 	  
107.35 	 1.9998 	  2.1322 	  
107.45 	 1.9998 	  2.1379 	  
107.55 	 1.9999 	  2.1434 	  
107.65 	 1.9999 	  2.1487 	  
107.75 	 1.9999 	  2.1538 	  
107.85 	 1.9999 	  2.1586 	  
107.95 	 1.9999 	  2.1632 	  
108.05 	 1.9999 	  2.1676 	  
108.15 	 1.9999 	  2.1717 	  
108.25 	 1.9999 	  2.1755 	  
108.35 	 1.9999 	  2.1791 	  
108.45 	 2 	  2.1824 	  
108.55 	 2 	  2.1855 	  
108.65 	 2 	  2.1882 	  
108.75 	 2 	  2.1907 	  
108.85 	 2 	  2.1929 	  
108.95 	 2 	  2.1948 	  
