simtime:  5.4846
number of wsf-lines:  1

line_No     y_coord
1	 1.5
2	  Wave Theory 


X 1	 P 1 	 	 	 	 W 1

0.05 	 1.8486 	  1.8526 	  
0.15 	 1.8437 	  1.8474 	  
0.25 	 1.8391 	  1.8425 	  
0.35 	 1.8347 	  1.8379 	  
0.45 	 1.8305 	  1.8335 	  
0.55 	 1.8266 	  1.8293 	  
0.65 	 1.823 	  1.8254 	  
0.75 	 1.8196 	  1.8218 	  
0.85 	 1.8164 	  1.8184 	  
0.95 	 1.8136 	  1.8153 	  
1.05 	 1.811 	  1.8124 	  
1.15 	 1.8086 	  1.8099 	  
1.25 	 1.8066 	  1.8076 	  
1.35 	 1.8048 	  1.8057 	  
1.45 	 1.8034 	  1.804 	  
1.55 	 1.8022 	  1.8026 	  
1.65 	 1.8013 	  1.8015 	  
1.75 	 1.8007 	  1.8007 	  
1.85 	 1.8004 	  1.8002 	  
1.95 	 1.8004 	  1.8 	  
2.05 	 1.8007 	  1.8001 	  
2.15 	 1.8013 	  1.8005 	  
2.25 	 1.8022 	  1.8012 	  
2.35 	 1.8034 	  1.8022 	  
2.45 	 1.8049 	  1.8035 	  
2.55 	 1.8066 	  1.8051 	  
2.65 	 1.8087 	  1.807 	  
2.75 	 1.811 	  1.8092 	  
2.85 	 1.8137 	  1.8116 	  
2.95 	 1.8166 	  1.8143 	  
3.05 	 1.8198 	  1.8174 	  
3.15 	 1.8232 	  1.8207 	  
3.25 	 1.8269 	  1.8242 	  
3.35 	 1.8309 	  1.828 	  
3.45 	 1.8351 	  1.8321 	  
3.55 	 1.8396 	  1.8365 	  
3.65 	 1.8443 	  1.841 	  
3.75 	 1.8493 	  1.8459 	  
3.85 	 1.8544 	  1.8509 	  
3.95 	 1.8598 	  1.8562 	  
4.05 	 1.8654 	  1.8617 	  
4.15 	 1.8712 	  1.8674 	  
4.25 	 1.8772 	  1.8733 	  
4.35 	 1.8833 	  1.8794 	  
4.45 	 1.8897 	  1.8856 	  
4.55 	 1.8961 	  1.8921 	  
4.65 	 1.9028 	  1.8987 	  
4.75 	 1.9096 	  1.9054 	  
4.85 	 1.9165 	  1.9123 	  
4.95 	 1.9235 	  1.9193 	  
5.05 	 1.9307 	  1.9265 	  
5.15 	 1.9379 	  1.9337 	  
5.25 	 1.9452 	  1.9411 	  
5.35 	 1.9526 	  1.9485 	  
5.45 	 1.9601 	  1.956 	  
5.55 	 1.9676 	  1.9636 	  
5.65 	 1.9751 	  1.9713 	  
5.75 	 1.9827 	  1.979 	  
5.85 	 1.9903 	  1.9867 	  
5.95 	 1.998 	  1.9944 	  
6.05 	 2.0056 	  2.0021 	  
6.15 	 2.0132 	  2.0099 	  
6.25 	 2.0207 	  2.0176 	  
6.35 	 2.0283 	  2.0253 	  
6.45 	 2.0357 	  2.033 	  
6.55 	 2.0432 	  2.0406 	  
6.65 	 2.0505 	  2.0481 	  
6.75 	 2.0578 	  2.0556 	  
6.85 	 2.0649 	  2.063 	  
6.95 	 2.072 	  2.0703 	  
7.05 	 2.079 	  2.0775 	  
7.15 	 2.0859 	  2.0846 	  
7.25 	 2.0926 	  2.0915 	  
7.35 	 2.0993 	  2.0984 	  
7.45 	 2.1058 	  2.105 	  
7.55 	 2.1121 	  2.1115 	  
7.65 	 2.1183 	  2.1179 	  
7.75 	 2.1243 	  2.124 	  
7.85 	 2.1302 	  2.13 	  
7.95 	 2.1358 	  2.1358 	  
8.05 	 2.1413 	  2.1414 	  
8.15 	 2.1466 	  2.1468 	  
8.25 	 2.1517 	  2.1519 	  
8.35 	 2.1566 	  2.1568 	  
8.45 	 2.1613 	  2.1615 	  
8.55 	 2.1658 	  2.166 	  
8.65 	 2.17 	  2.1702 	  
8.75 	 2.1741 	  2.1741 	  
8.85 	 2.1779 	  2.1778 	  
8.95 	 2.1815 	  2.1812 	  
9.05 	 2.1849 	  2.1843 	  
9.15 	 2.188 	  2.1872 	  
9.25 	 2.1908 	  2.1898 	  
9.35 	 2.1934 	  2.1921 	  
9.45 	 2.1958 	  2.1941 	  
9.55 	 2.1978 	  2.1958 	  
9.65 	 2.1996 	  2.1973 	  
9.75 	 2.2011 	  2.1984 	  
9.85 	 2.2023 	  2.1992 	  
9.95 	 2.2032 	  2.1998 	  
10.05 	 2.2038 	  2.2 	  
10.15 	 2.2041 	  2.1999 	  
10.25 	 2.2041 	  2.1996 	  
10.35 	 2.2038 	  2.1989 	  
10.45 	 2.2032 	  2.1979 	  
10.55 	 2.2023 	  2.1967 	  
10.65 	 2.2011 	  2.1951 	  
10.75 	 2.1995 	  2.1933 	  
10.85 	 2.1976 	  2.1911 	  
10.95 	 2.1954 	  2.1887 	  
11.05 	 2.193 	  2.186 	  
11.15 	 2.1902 	  2.183 	  
11.25 	 2.1871 	  2.1798 	  
11.35 	 2.1837 	  2.1762 	  
11.45 	 2.1801 	  2.1725 	  
11.55 	 2.1761 	  2.1684 	  
11.65 	 2.1719 	  2.1641 	  
11.75 	 2.1674 	  2.1596 	  
11.85 	 2.1626 	  2.1548 	  
11.95 	 2.1576 	  2.1497 	  
12.05 	 2.1523 	  2.1445 	  
12.15 	 2.1468 	  2.139 	  
12.25 	 2.141 	  2.1334 	  
12.35 	 2.135 	  2.1275 	  
12.45 	 2.1287 	  2.1214 	  
12.55 	 2.1221 	  2.1152 	  
12.65 	 2.1152 	  2.1088 	  
12.75 	 2.1081 	  2.1022 	  
12.85 	 2.1006 	  2.0955 	  
12.95 	 2.0929 	  2.0886 	  
13.05 	 2.0849 	  2.0816 	  
13.15 	 2.0765 	  2.0745 	  
13.25 	 2.0679 	  2.0672 	  
13.35 	 2.0591 	  2.0599 	  
13.45 	 2.05 	  2.0524 	  
13.55 	 2.0406 	  2.0449 	  
13.65 	 2.0311 	  2.0373 	  
13.75 	 2.0214 	  2.0297 	  
13.85 	 2.0115 	  2.022 	  
13.95 	 2.0015 	  2.0143 	  
14.05 	 1.9914 	  2.0066 	  
14.15 	 1.9814 	  1.9988 	  
14.25 	 1.9714 	  1.9911 	  
14.35 	 1.9616 	  1.9834 	  
14.45 	 1.9519 	  1.9757 	  
14.55 	 1.9424 	  1.968 	  
14.65 	 1.9332 	  1.9604 	  
14.75 	 1.9243 	  1.9528 	  
14.85 	 1.9157 	  1.9453 	  
14.95 	 1.9074 	  1.9379 	  
15.05 	 1.8996 	  1.9306 	  
15.15 	 1.8921 	  1.9234 	  
15.25 	 1.8851 	  1.9163 	  
15.35 	 1.8784 	  1.9093 	  
15.45 	 1.8722 	  1.9025 	  
15.55 	 1.8664 	  1.8958 	  
15.65 	 1.8609 	  1.8893 	  
15.75 	 1.8559 	  1.8829 	  
15.85 	 1.8512 	  1.8767 	  
15.95 	 1.8469 	  1.8707 	  
16.05 	 1.8431 	  1.8649 	  
16.15 	 1.8396 	  1.8593 	  
16.25 	 1.8365 	  1.8539 	  
16.35 	 1.8337 	  1.8487 	  
16.45 	 1.8313 	  1.8438 	  
16.55 	 1.8292 	  1.8391 	  
16.65 	 1.8275 	  1.8346 	  
16.75 	 1.8262 	  1.8304 	  
16.85 	 1.8252 	  1.8264 	  
16.95 	 1.8246 	  1.8227 	  
17.05 	 1.8244 	  1.8192 	  
17.15 	 1.8246 	  1.816 	  
17.25 	 1.8251 	  1.8131 	  
17.35 	 1.8259 	  1.8105 	  
17.45 	 1.8271 	  1.8082 	  
17.55 	 1.8285 	  1.8061 	  
17.65 	 1.8303 	  1.8044 	  
17.75 	 1.8324 	  1.8029 	  
17.85 	 1.8347 	  1.8017 	  
17.95 	 1.8372 	  1.8009 	  
18.05 	 1.8399 	  1.8003 	  
18.15 	 1.8428 	  1.8 	  
18.25 	 1.8458 	  1.8001 	  
18.35 	 1.8488 	  1.8004 	  
18.45 	 1.8518 	  1.801 	  
18.55 	 1.8548 	  1.8019 	  
18.65 	 1.8578 	  1.8031 	  
18.75 	 1.8607 	  1.8047 	  
18.85 	 1.8634 	  1.8065 	  
18.95 	 1.8659 	  1.8086 	  
19.05 	 1.8683 	  1.8109 	  
19.15 	 1.8705 	  1.8136 	  
19.25 	 1.8724 	  1.8166 	  
19.35 	 1.8741 	  1.8198 	  
19.45 	 1.8757 	  1.8233 	  
19.55 	 1.877 	  1.827 	  
19.65 	 1.8782 	  1.8311 	  
19.75 	 1.8792 	  1.8353 	  
19.85 	 1.8801 	  1.8398 	  
19.95 	 1.8809 	  1.8446 	  
20.05 	 1.8817 	  1.8496 	  
20.15 	 1.8825 	  1.8548 	  
20.25 	 1.8834 	  1.8602 	  
20.35 	 1.8843 	  1.8659 	  
20.45 	 1.8854 	  1.8717 	  
20.55 	 1.8866 	  1.8778 	  
20.65 	 1.8881 	  1.884 	  
20.75 	 1.8898 	  1.8904 	  
20.85 	 1.8917 	  1.8969 	  
20.95 	 1.894 	  1.9037 	  
21.05 	 1.8966 	  1.9105 	  
21.15 	 1.8995 	  1.9175 	  
21.25 	 1.9028 	  1.9246 	  
21.35 	 1.9066 	  1.9318 	  
21.45 	 1.9107 	  1.9392 	  
21.55 	 1.9152 	  1.9466 	  
21.65 	 1.9201 	  1.9541 	  
21.75 	 1.9255 	  1.9617 	  
21.85 	 1.9313 	  1.9693 	  
21.95 	 1.9375 	  1.977 	  
22.05 	 1.9441 	  1.9847 	  
22.15 	 1.9511 	  1.9924 	  
22.25 	 1.9584 	  2.0002 	  
22.35 	 1.9662 	  2.0079 	  
22.45 	 1.9744 	  2.0156 	  
22.55 	 1.9829 	  2.0233 	  
22.65 	 1.9917 	  2.031 	  
22.75 	 2.0008 	  2.0386 	  
22.85 	 2.0102 	  2.0462 	  
22.95 	 2.0197 	  2.0537 	  
23.05 	 2.0295 	  2.0611 	  
23.15 	 2.0395 	  2.0684 	  
23.25 	 2.0496 	  2.0757 	  
23.35 	 2.0598 	  2.0828 	  
23.45 	 2.07 	  2.0898 	  
23.55 	 2.0802 	  2.0966 	  
23.65 	 2.0903 	  2.1033 	  
23.75 	 2.1002 	  2.1099 	  
23.85 	 2.11 	  2.1163 	  
23.95 	 2.1196 	  2.1225 	  
24.05 	 2.1289 	  2.1285 	  
24.15 	 2.1379 	  2.1343 	  
24.25 	 2.1464 	  2.14 	  
24.35 	 2.1545 	  2.1454 	  
24.45 	 2.1622 	  2.1506 	  
24.55 	 2.1693 	  2.1556 	  
24.65 	 2.176 	  2.1603 	  
24.75 	 2.1821 	  2.1649 	  
24.85 	 2.1876 	  2.1691 	  
24.95 	 2.1925 	  2.1731 	  
25.05 	 2.1969 	  2.1769 	  
25.15 	 2.2006 	  2.1803 	  
25.25 	 2.2037 	  2.1836 	  
25.35 	 2.2061 	  2.1865 	  
25.45 	 2.208 	  2.1892 	  
25.55 	 2.2092 	  2.1915 	  
25.65 	 2.2098 	  2.1936 	  
25.75 	 2.2099 	  2.1954 	  
25.85 	 2.2094 	  2.1969 	  
25.95 	 2.2083 	  2.1981 	  
26.05 	 2.2068 	  2.199 	  
26.15 	 2.2048 	  2.1996 	  
26.25 	 2.2024 	  2.2 	  
26.35 	 2.1995 	  2.2 	  
26.45 	 2.1963 	  2.1997 	  
26.55 	 2.1927 	  2.1991 	  
26.65 	 2.1888 	  2.1982 	  
26.75 	 2.1845 	  2.197 	  
26.85 	 2.1801 	  2.1956 	  
26.95 	 2.1754 	  2.1938 	  
27.05 	 2.1705 	  2.1917 	  
27.15 	 2.1655 	  2.1894 	  
27.25 	 2.1603 	  2.1867 	  
27.35 	 2.155 	  2.1838 	  
27.45 	 2.1496 	  2.1806 	  
27.55 	 2.1442 	  2.1772 	  
27.65 	 2.1387 	  2.1735 	  
27.75 	 2.1333 	  2.1695 	  
27.85 	 2.1277 	  2.1652 	  
27.95 	 2.1223 	  2.1607 	  
28.05 	 2.1168 	  2.156 	  
28.15 	 2.1114 	  2.1511 	  
28.25 	 2.106 	  2.1459 	  
28.35 	 2.1007 	  2.1405 	  
28.45 	 2.0954 	  2.1348 	  
28.55 	 2.0903 	  2.129 	  
28.65 	 2.0852 	  2.123 	  
28.75 	 2.0803 	  2.1168 	  
28.85 	 2.0754 	  2.1104 	  
28.95 	 2.0707 	  2.1039 	  
29.05 	 2.0661 	  2.0972 	  
29.15 	 2.0617 	  2.0904 	  
29.25 	 2.0573 	  2.0834 	  
29.35 	 2.0531 	  2.0763 	  
29.45 	 2.0491 	  2.0691 	  
29.55 	 2.0452 	  2.0618 	  
29.65 	 2.0414 	  2.0544 	  
29.75 	 2.0378 	  2.0469 	  
29.85 	 2.0342 	  2.0393 	  
29.95 	 2.0309 	  2.0317 	  
30.05 	 2.0276 	  2.024 	  
30.15 	 2.0246 	  2.0163 	  
30.25 	 2.0216 	  2.0086 	  
30.35 	 2.0188 	  2.0008 	  
30.45 	 2.016 	  1.9931 	  
30.55 	 2.0135 	  1.9854 	  
30.65 	 2.011 	  1.9776 	  
30.75 	 2.0087 	  1.97 	  
30.85 	 2.0065 	  1.9623 	  
30.95 	 2.0044 	  1.9548 	  
31.05 	 2.0024 	  1.9473 	  
31.15 	 2.0005 	  1.9398 	  
31.25 	 1.9987 	  1.9325 	  
31.35 	 1.9971 	  1.9252 	  
31.45 	 1.9955 	  1.9181 	  
31.55 	 1.994 	  1.9111 	  
31.65 	 1.9927 	  1.9043 	  
31.75 	 1.9914 	  1.8975 	  
31.85 	 1.9902 	  1.891 	  
31.95 	 1.989 	  1.8845 	  
32.05 	 1.988 	  1.8783 	  
32.15 	 1.9871 	  1.8723 	  
32.25 	 1.9862 	  1.8664 	  
32.35 	 1.9854 	  1.8607 	  
32.45 	 1.9846 	  1.8553 	  
32.55 	 1.9839 	  1.85 	  
32.65 	 1.9833 	  1.845 	  
32.75 	 1.9828 	  1.8403 	  
32.85 	 1.9823 	  1.8357 	  
32.95 	 1.9818 	  1.8314 	  
33.05 	 1.9814 	  1.8274 	  
33.15 	 1.9811 	  1.8236 	  
33.25 	 1.9808 	  1.8201 	  
33.35 	 1.9805 	  1.8168 	  
33.45 	 1.9803 	  1.8139 	  
33.55 	 1.9802 	  1.8112 	  
33.65 	 1.98 	  1.8088 	  
33.75 	 1.9799 	  1.8066 	  
33.85 	 1.9799 	  1.8048 	  
33.95 	 1.9798 	  1.8033 	  
34.05 	 1.9798 	  1.802 	  
34.15 	 1.9799 	  1.8011 	  
34.25 	 1.9799 	  1.8004 	  
34.35 	 1.98 	  1.8001 	  
34.45 	 1.9801 	  1.8 	  
34.55 	 1.9802 	  1.8003 	  
34.65 	 1.9804 	  1.8008 	  
34.75 	 1.9805 	  1.8017 	  
34.85 	 1.9807 	  1.8028 	  
34.95 	 1.9809 	  1.8042 	  
35.05 	 1.9811 	  1.806 	  
35.15 	 1.9813 	  1.808 	  
35.25 	 1.9816 	  1.8103 	  
35.35 	 1.9818 	  1.8129 	  
35.45 	 1.9821 	  1.8158 	  
35.55 	 1.9823 	  1.8189 	  
35.65 	 1.9826 	  1.8224 	  
35.75 	 1.9829 	  1.826 	  
35.85 	 1.9832 	  1.83 	  
35.95 	 1.9835 	  1.8342 	  
36.05 	 1.9838 	  1.8387 	  
36.15 	 1.984 	  1.8434 	  
36.25 	 1.9844 	  1.8483 	  
36.35 	 1.9847 	  1.8534 	  
36.45 	 1.985 	  1.8588 	  
36.55 	 1.9853 	  1.8644 	  
36.65 	 1.9856 	  1.8702 	  
36.75 	 1.9859 	  1.8762 	  
36.85 	 1.9862 	  1.8824 	  
36.95 	 1.9865 	  1.8887 	  
37.05 	 1.9868 	  1.8952 	  
37.15 	 1.9871 	  1.9019 	  
37.25 	 1.9874 	  1.9087 	  
37.35 	 1.9877 	  1.9157 	  
37.45 	 1.988 	  1.9228 	  
37.55 	 1.9883 	  1.93 	  
37.65 	 1.9886 	  1.9373 	  
37.75 	 1.9889 	  1.9447 	  
37.85 	 1.9892 	  1.9522 	  
37.95 	 1.9895 	  1.9597 	  
38.05 	 1.9897 	  1.9673 	  
38.15 	 1.99 	  1.975 	  
38.25 	 1.9903 	  1.9827 	  
38.35 	 1.9906 	  1.9904 	  
38.45 	 1.9908 	  1.9982 	  
38.55 	 1.9911 	  2.0059 	  
38.65 	 1.9913 	  2.0136 	  
38.75 	 1.9916 	  2.0214 	  
38.85 	 1.9918 	  2.029 	  
38.95 	 1.9921 	  2.0367 	  
39.05 	 1.9923 	  2.0443 	  
39.15 	 1.9925 	  2.0518 	  
39.25 	 1.9927 	  2.0592 	  
39.35 	 1.993 	  2.0666 	  
39.45 	 1.9932 	  2.0738 	  
39.55 	 1.9934 	  2.081 	  
39.65 	 1.9936 	  2.088 	  
39.75 	 1.9938 	  2.0949 	  
39.85 	 1.994 	  2.1016 	  
39.95 	 1.9942 	  2.1082 	  
40.05 	 1.9944 	  2.1146 	  
40.15 	 1.9945 	  2.1209 	  
40.25 	 1.9947 	  2.127 	  
40.35 	 1.9949 	  2.1329 	  
40.45 	 1.9951 	  2.1386 	  
40.55 	 1.9952 	  2.144 	  
40.65 	 1.9954 	  2.1493 	  
40.75 	 1.9955 	  2.1543 	  
40.85 	 1.9957 	  2.1591 	  
40.95 	 1.9958 	  2.1637 	  
41.05 	 1.996 	  2.168 	  
41.15 	 1.9961 	  2.1721 	  
41.25 	 1.9962 	  2.1759 	  
41.35 	 1.9964 	  2.1795 	  
41.45 	 1.9965 	  2.1828 	  
41.55 	 1.9966 	  2.1858 	  
41.65 	 1.9967 	  2.1885 	  
41.75 	 1.9969 	  2.1909 	  
41.85 	 1.997 	  2.1931 	  
41.95 	 1.9971 	  2.195 	  
42.05 	 1.9972 	  2.1966 	  
42.15 	 1.9973 	  2.1978 	  
42.25 	 1.9974 	  2.1988 	  
42.35 	 1.9975 	  2.1995 	  
42.45 	 1.9976 	  2.1999 	  
42.55 	 1.9977 	  2.2 	  
42.65 	 1.9977 	  2.1998 	  
42.75 	 1.9978 	  2.1993 	  
42.85 	 1.9979 	  2.1985 	  
42.95 	 1.998 	  2.1974 	  
43.05 	 1.9981 	  2.196 	  
43.15 	 1.9981 	  2.1943 	  
43.25 	 1.9982 	  2.1923 	  
43.35 	 1.9983 	  2.19 	  
43.45 	 1.9983 	  2.1874 	  
43.55 	 1.9984 	  2.1846 	  
43.65 	 1.9985 	  2.1815 	  
43.75 	 1.9985 	  2.1781 	  
43.85 	 1.9986 	  2.1744 	  
43.95 	 1.9986 	  2.1705 	  
44.05 	 1.9987 	  2.1663 	  
44.15 	 1.9987 	  2.1619 	  
44.25 	 1.9988 	  2.1573 	  
44.35 	 1.9988 	  2.1524 	  
44.45 	 1.9989 	  2.1472 	  
44.55 	 1.9989 	  2.1419 	  
44.65 	 1.999 	  2.1363 	  
44.75 	 1.999 	  2.1305 	  
44.85 	 1.9991 	  2.1246 	  
44.95 	 1.9991 	  2.1184 	  
45.05 	 1.9991 	  2.1121 	  
45.15 	 1.9992 	  2.1056 	  
45.25 	 1.9992 	  2.0989 	  
45.35 	 1.9992 	  2.0921 	  
45.45 	 1.9993 	  2.0852 	  
45.55 	 1.9993 	  2.0781 	  
45.65 	 1.9993 	  2.071 	  
45.75 	 1.9993 	  2.0637 	  
45.85 	 1.9994 	  2.0563 	  
45.95 	 1.9994 	  2.0488 	  
46.05 	 1.9994 	  2.0413 	  
46.15 	 1.9994 	  2.0336 	  
46.25 	 1.9995 	  2.026 	  
46.35 	 1.9995 	  2.0183 	  
46.45 	 1.9995 	  2.0106 	  
46.55 	 1.9995 	  2.0028 	  
46.65 	 1.9996 	  1.9951 	  
46.75 	 1.9996 	  1.9873 	  
46.85 	 1.9996 	  1.9796 	  
46.95 	 1.9996 	  1.9719 	  
47.05 	 1.9996 	  1.9643 	  
47.15 	 1.9996 	  1.9567 	  
47.25 	 1.9997 	  1.9492 	  
47.35 	 1.9997 	  1.9417 	  
47.45 	 1.9997 	  1.9344 	  
47.55 	 1.9997 	  1.9271 	  
47.65 	 1.9997 	  1.9199 	  
47.75 	 1.9997 	  1.9129 	  
47.85 	 1.9997 	  1.906 	  
47.95 	 1.9997 	  1.8992 	  
48.05 	 1.9998 	  1.8926 	  
48.15 	 1.9998 	  1.8862 	  
48.25 	 1.9998 	  1.8799 	  
48.35 	 1.9998 	  1.8738 	  
48.45 	 1.9998 	  1.8679 	  
48.55 	 1.9998 	  1.8622 	  
48.65 	 1.9998 	  1.8567 	  
48.75 	 1.9998 	  1.8514 	  
48.85 	 1.9998 	  1.8463 	  
48.95 	 1.9998 	  1.8415 	  
49.05 	 1.9998 	  1.8369 	  
49.15 	 1.9999 	  1.8325 	  
49.25 	 1.9999 	  1.8284 	  
49.35 	 1.9999 	  1.8245 	  
49.45 	 1.9999 	  1.821 	  
49.55 	 1.9999 	  1.8176 	  
49.65 	 1.9999 	  1.8146 	  
49.75 	 1.9999 	  1.8118 	  
49.85 	 1.9999 	  1.8094 	  
49.95 	 1.9999 	  1.8072 	  
50.05 	 1.9999 	  1.8052 	  
50.15 	 1.9999 	  1.8036 	  
50.25 	 1.9999 	  1.8023 	  
50.35 	 1.9999 	  1.8013 	  
50.45 	 1.9999 	  1.8006 	  
50.55 	 1.9999 	  1.8001 	  
50.65 	 1.9999 	  1.8 	  
50.75 	 1.9999 	  1.8002 	  
50.85 	 1.9999 	  1.8006 	  
50.95 	 1.9999 	  1.8014 	  
51.05 	 1.9999 	  1.8025 	  
51.15 	 1.9999 	  1.8038 	  
51.25 	 2 	  1.8055 	  
51.35 	 2 	  1.8074 	  
51.45 	 2 	  1.8097 	  
51.55 	 2 	  1.8122 	  
51.65 	 2 	  1.815 	  
51.75 	 2 	  1.8181 	  
51.85 	 2 	  1.8215 	  
51.95 	 2 	  1.8251 	  
52.05 	 2 	  1.829 	  
52.15 	 2 	  1.8331 	  
52.25 	 2 	  1.8375 	  
52.35 	 2 	  1.8421 	  
52.45 	 2 	  1.847 	  
52.55 	 2 	  1.8521 	  
52.65 	 2 	  1.8574 	  
52.75 	 2 	  1.863 	  
52.85 	 2 	  1.8687 	  
52.95 	 2 	  1.8746 	  
53.05 	 2 	  1.8808 	  
53.15 	 2 	  1.8871 	  
53.25 	 2 	  1.8936 	  
53.35 	 2 	  1.9002 	  
53.45 	 2 	  1.907 	  
53.55 	 2 	  1.9139 	  
53.65 	 2 	  1.9209 	  
53.75 	 2 	  1.9281 	  
53.85 	 2 	  1.9354 	  
53.95 	 2 	  1.9428 	  
54.05 	 2 	  1.9502 	  
54.15 	 2 	  1.9578 	  
54.25 	 2 	  1.9654 	  
54.35 	 2 	  1.973 	  
54.45 	 2 	  1.9807 	  
54.55 	 2 	  1.9884 	  
54.65 	 2 	  1.9962 	  
54.75 	 2 	  2.0039 	  
54.85 	 2 	  2.0117 	  
54.95 	 2 	  2.0194 	  
55.05 	 2 	  2.0271 	  
55.15 	 2 	  2.0347 	  
55.25 	 2 	  2.0423 	  
55.35 	 2 	  2.0499 	  
55.45 	 2 	  2.0573 	  
55.55 	 2 	  2.0647 	  
55.65 	 2 	  2.072 	  
55.75 	 2 	  2.0791 	  
55.85 	 2 	  2.0862 	  
55.95 	 2 	  2.0931 	  
56.05 	 2 	  2.0999 	  
56.15 	 2 	  2.1065 	  
56.25 	 2 	  2.113 	  
56.35 	 2 	  2.1193 	  
56.45 	 2 	  2.1254 	  
56.55 	 2 	  2.1314 	  
56.65 	 2 	  2.1371 	  
56.75 	 2 	  2.1426 	  
56.85 	 2 	  2.148 	  
56.95 	 2 	  2.1531 	  
57.05 	 2 	  2.1579 	  
57.15 	 2 	  2.1626 	  
57.25 	 2 	  2.167 	  
57.35 	 2 	  2.1711 	  
57.45 	 2 	  2.175 	  
57.55 	 2 	  2.1786 	  
57.65 	 2 	  2.1819 	  
57.75 	 2 	  2.185 	  
57.85 	 2 	  2.1878 	  
57.95 	 2 	  2.1903 	  
58.05 	 2 	  2.1926 	  
58.15 	 2 	  2.1945 	  
58.25 	 2 	  2.1962 	  
58.35 	 2 	  2.1975 	  
58.45 	 2 	  2.1986 	  
58.55 	 2 	  2.1994 	  
58.65 	 2 	  2.1998 	  
58.75 	 2 	  2.2 	  
58.85 	 2 	  2.1999 	  
58.95 	 2 	  2.1994 	  
59.05 	 2 	  2.1987 	  
59.15 	 2 	  2.1977 	  
59.25 	 2 	  2.1963 	  
59.35 	 2 	  2.1947 	  
59.45 	 2 	  2.1928 	  
59.55 	 2 	  2.1906 	  
59.65 	 2 	  2.1881 	  
59.75 	 2 	  2.1854 	  
59.85 	 2 	  2.1823 	  
59.95 	 2 	  2.179 	  
60.05 	 2 	  2.1754 	  
60.15 	 2 	  2.1716 	  
60.25 	 2 	  2.1674 	  
60.35 	 2 	  2.1631 	  
60.45 	 2 	  2.1585 	  
60.55 	 2 	  2.1536 	  
60.65 	 2 	  2.1486 	  
60.75 	 2 	  2.1433 	  
60.85 	 2 	  2.1378 	  
60.95 	 2 	  2.132 	  
61.05 	 2 	  2.1261 	  
61.15 	 2 	  2.12 	  
61.25 	 2 	  2.1137 	  
61.35 	 2 	  2.1073 	  
61.45 	 2 	  2.1007 	  
61.55 	 2 	  2.0939 	  
61.65 	 2 	  2.087 	  
61.75 	 2 	  2.08 	  
61.85 	 2 	  2.0728 	  
61.95 	 2 	  2.0655 	  
62.05 	 2.0001 	  2.0582 	  
62.15 	 2 	  2.0507 	  
62.25 	 2 	  2.0432 	  
62.35 	 2.0001 	  2.0356 	  
62.45 	 2 	  2.028 	  
62.55 	 2 	  2.0203 	  
62.65 	 2 	  2.0126 	  
62.75 	 2 	  2.0048 	  
62.85 	 2 	  1.9971 	  
62.95 	 2.0001 	  1.9893 	  
63.05 	 2 	  1.9816 	  
63.15 	 2.0001 	  1.9739 	  
63.25 	 2.0001 	  1.9663 	  
63.35 	 2.0001 	  1.9587 	  
63.45 	 2.0001 	  1.9511 	  
63.55 	 2 	  1.9436 	  
63.65 	 2 	  1.9362 	  
63.75 	 2 	  1.929 	  
63.85 	 2 	  1.9218 	  
63.95 	 2 	  1.9147 	  
64.05 	 2 	  1.9078 	  
64.15 	 2 	  1.901 	  
64.25 	 2 	  1.8943 	  
64.35 	 2 	  1.8878 	  
64.45 	 2 	  1.8815 	  
64.55 	 2 	  1.8753 	  
64.65 	 2 	  1.8694 	  
64.75 	 2 	  1.8636 	  
64.85 	 2 	  1.8581 	  
64.95 	 2 	  1.8527 	  
65.05 	 2 	  1.8476 	  
65.15 	 2 	  1.8427 	  
65.25 	 2 	  1.838 	  
65.35 	 2 	  1.8336 	  
65.45 	 2 	  1.8294 	  
65.55 	 2 	  1.8255 	  
65.65 	 2 	  1.8219 	  
65.75 	 2 	  1.8185 	  
65.85 	 2 	  1.8154 	  
65.95 	 2 	  1.8125 	  
66.05 	 2 	  1.81 	  
66.15 	 2 	  1.8077 	  
66.25 	 2 	  1.8057 	  
66.35 	 2 	  1.804 	  
66.45 	 2 	  1.8026 	  
66.55 	 2 	  1.8015 	  
66.65 	 2 	  1.8007 	  
66.75 	 2 	  1.8002 	  
66.85 	 2 	  1.8 	  
66.95 	 2 	  1.8001 	  
67.05 	 2 	  1.8005 	  
67.15 	 2 	  1.8012 	  
67.25 	 2 	  1.8022 	  
67.35 	 2 	  1.8035 	  
67.45 	 2 	  1.805 	  
67.55 	 2 	  1.8069 	  
67.65 	 2 	  1.8091 	  
67.75 	 2 	  1.8115 	  
67.85 	 2 	  1.8143 	  
67.95 	 2 	  1.8173 	  
68.05 	 2 	  1.8206 	  
68.15 	 2 	  1.8241 	  
68.25 	 2 	  1.8279 	  
68.35 	 2 	  1.832 	  
68.45 	 2 	  1.8363 	  
68.55 	 2 	  1.8409 	  
68.65 	 2 	  1.8457 	  
68.75 	 2 	  1.8508 	  
68.85 	 2 	  1.856 	  
68.95 	 2 	  1.8615 	  
69.05 	 2 	  1.8672 	  
69.15 	 2 	  1.8731 	  
69.25 	 2 	  1.8792 	  
69.35 	 2 	  1.8854 	  
69.45 	 2 	  1.8919 	  
69.55 	 2 	  1.8985 	  
69.65 	 2 	  1.9052 	  
69.75 	 2 	  1.9121 	  
69.85 	 2 	  1.9191 	  
69.95 	 2 	  1.9263 	  
70.05 	 2 	  1.9335 	  
70.15 	 2 	  1.9409 	  
70.25 	 2 	  1.9483 	  
70.35 	 2 	  1.9558 	  
70.45 	 2 	  1.9634 	  
70.55 	 2 	  1.9711 	  
70.65 	 2 	  1.9787 	  
70.75 	 2 	  1.9865 	  
70.85 	 2 	  1.9942 	  
70.95 	 2 	  2.0019 	  
71.05 	 2 	  2.0097 	  
71.15 	 2 	  2.0174 	  
71.25 	 2 	  2.0251 	  
71.35 	 2 	  2.0328 	  
71.45 	 2 	  2.0404 	  
71.55 	 2 	  2.0479 	  
71.65 	 2 	  2.0554 	  
71.75 	 2 	  2.0628 	  
71.85 	 2 	  2.0701 	  
71.95 	 2 	  2.0773 	  
72.05 	 2 	  2.0844 	  
72.15 	 2 	  2.0913 	  
72.25 	 2 	  2.0982 	  
72.35 	 2 	  2.1048 	  
72.45 	 2 	  2.1114 	  
72.55 	 2 	  2.1177 	  
72.65 	 2 	  2.1239 	  
72.75 	 2 	  2.1299 	  
72.85 	 2 	  2.1357 	  
72.95 	 2 	  2.1412 	  
73.05 	 2 	  2.1466 	  
73.15 	 2 	  2.1518 	  
73.25 	 2 	  2.1567 	  
73.35 	 2 	  2.1614 	  
73.45 	 2 	  2.1658 	  
73.55 	 2 	  2.1701 	  
73.65 	 2 	  2.174 	  
73.75 	 2 	  2.1777 	  
73.85 	 2 	  2.1811 	  
73.95 	 2 	  2.1843 	  
74.05 	 2 	  2.1871 	  
74.15 	 2 	  2.1897 	  
74.25 	 2 	  2.192 	  
74.35 	 2 	  2.194 	  
74.45 	 2 	  2.1958 	  
74.55 	 2 	  2.1972 	  
74.65 	 2 	  2.1984 	  
74.75 	 2 	  2.1992 	  
74.85 	 2 	  2.1997 	  
74.95 	 2 	  2.2 	  
75.05 	 2 	  2.1999 	  
75.15 	 2 	  2.1996 	  
75.25 	 2 	  2.1989 	  
75.35 	 2 	  2.198 	  
75.45 	 2 	  2.1967 	  
75.55 	 2 	  2.1952 	  
75.65 	 2 	  2.1933 	  
75.75 	 2 	  2.1912 	  
75.85 	 2 	  2.1888 	  
75.95 	 2 	  2.1861 	  
76.05 	 2 	  2.1831 	  
76.15 	 2 	  2.1799 	  
76.25 	 2 	  2.1764 	  
76.35 	 2 	  2.1726 	  
76.45 	 2 	  2.1685 	  
76.55 	 2 	  2.1642 	  
76.65 	 2 	  2.1597 	  
76.75 	 2 	  2.1549 	  
76.85 	 2 	  2.1499 	  
76.95 	 2 	  2.1447 	  
77.05 	 2 	  2.1392 	  
77.15 	 2 	  2.1335 	  
77.25 	 2 	  2.1277 	  
77.35 	 2 	  2.1216 	  
77.45 	 2 	  2.1154 	  
77.55 	 2 	  2.109 	  
77.65 	 2 	  2.1024 	  
77.75 	 2 	  2.0957 	  
77.85 	 2 	  2.0888 	  
77.95 	 2 	  2.0818 	  
78.05 	 2 	  2.0747 	  
78.15 	 2 	  2.0674 	  
78.25 	 2 	  2.0601 	  
78.35 	 2 	  2.0526 	  
78.45 	 2 	  2.0451 	  
78.55 	 2 	  2.0376 	  
78.65 	 2 	  2.0299 	  
78.75 	 2 	  2.0223 	  
78.85 	 2 	  2.0145 	  
78.95 	 2 	  2.0068 	  
79.05 	 2 	  1.9991 	  
79.15 	 2 	  1.9913 	  
79.25 	 2 	  1.9836 	  
79.35 	 2 	  1.9759 	  
79.45 	 2 	  1.9682 	  
79.55 	 2 	  1.9606 	  
79.65 	 2 	  1.953 	  
79.75 	 2 	  1.9455 	  
79.85 	 2 	  1.9381 	  
79.95 	 2 	  1.9308 	  
80.05 	 2 	  1.9236 	  
80.15 	 2 	  1.9165 	  
80.25 	 2 	  1.9095 	  
80.35 	 2 	  1.9027 	  
80.45 	 2 	  1.896 	  
80.55 	 2 	  1.8895 	  
80.65 	 2 	  1.8831 	  
80.75 	 2 	  1.8769 	  
80.85 	 2 	  1.8709 	  
80.95 	 2 	  1.8651 	  
81.05 	 2 	  1.8595 	  
81.15 	 2 	  1.8541 	  
81.25 	 2 	  1.8489 	  
81.35 	 2 	  1.8439 	  
81.45 	 2 	  1.8392 	  
81.55 	 2 	  1.8347 	  
81.65 	 2 	  1.8305 	  
81.75 	 2 	  1.8265 	  
81.85 	 2 	  1.8228 	  
81.95 	 2 	  1.8193 	  
82.05 	 2 	  1.8161 	  
82.15 	 2 	  1.8132 	  
82.25 	 2 	  1.8106 	  
82.35 	 2 	  1.8083 	  
82.45 	 2 	  1.8062 	  
82.55 	 2 	  1.8044 	  
82.65 	 2 	  1.803 	  
82.75 	 2 	  1.8018 	  
82.85 	 2 	  1.8009 	  
82.95 	 2 	  1.8003 	  
83.05 	 2 	  1.8 	  
83.15 	 2 	  1.8 	  
83.25 	 2 	  1.8004 	  
83.35 	 2 	  1.801 	  
83.45 	 2 	  1.8019 	  
83.55 	 2 	  1.8031 	  
83.65 	 2 	  1.8046 	  
83.75 	 2 	  1.8064 	  
83.85 	 2 	  1.8085 	  
83.95 	 2 	  1.8109 	  
84.05 	 2 	  1.8135 	  
84.15 	 2 	  1.8165 	  
84.25 	 2 	  1.8197 	  
84.35 	 2 	  1.8232 	  
84.45 	 2 	  1.8269 	  
84.55 	 2 	  1.8309 	  
84.65 	 2 	  1.8352 	  
84.75 	 2 	  1.8397 	  
84.85 	 2 	  1.8445 	  
84.95 	 2 	  1.8495 	  
85.05 	 2 	  1.8547 	  
85.15 	 2 	  1.8601 	  
85.25 	 2 	  1.8657 	  
85.35 	 2 	  1.8716 	  
85.45 	 2 	  1.8776 	  
85.55 	 2 	  1.8838 	  
85.65 	 2 	  1.8902 	  
85.75 	 2 	  1.8968 	  
85.85 	 2 	  1.9035 	  
85.95 	 2 	  1.9103 	  
86.05 	 2 	  1.9173 	  
86.15 	 2 	  1.9244 	  
86.25 	 2 	  1.9316 	  
86.35 	 2 	  1.939 	  
86.45 	 2 	  1.9464 	  
86.55 	 2 	  1.9539 	  
86.65 	 2 	  1.9615 	  
86.75 	 2 	  1.9691 	  
86.85 	 2 	  1.9768 	  
86.95 	 2 	  1.9845 	  
87.05 	 2 	  1.9922 	  
87.15 	 2 	  1.9999 	  
87.25 	 2 	  2.0077 	  
87.35 	 2 	  2.0154 	  
87.45 	 2 	  2.0231 	  
87.55 	 2 	  2.0308 	  
87.65 	 2 	  2.0384 	  
87.75 	 2 	  2.046 	  
87.85 	 2 	  2.0535 	  
87.95 	 2 	  2.0609 	  
88.05 	 2 	  2.0682 	  
88.15 	 2 	  2.0755 	  
88.25 	 2 	  2.0826 	  
88.35 	 2 	  2.0896 	  
88.45 	 2 	  2.0964 	  
88.55 	 2 	  2.1031 	  
88.65 	 2 	  2.1097 	  
88.75 	 2 	  2.1161 	  
88.85 	 2 	  2.1223 	  
88.95 	 2 	  2.1283 	  
89.05 	 2 	  2.1342 	  
89.15 	 2 	  2.1398 	  
89.25 	 2 	  2.1453 	  
89.35 	 2 	  2.1505 	  
89.45 	 2 	  2.1555 	  
89.55 	 2 	  2.1602 	  
89.65 	 2 	  2.1647 	  
89.75 	 2 	  2.169 	  
89.85 	 2 	  2.173 	  
89.95 	 2 	  2.1768 	  
90.05 	 2 	  2.1803 	  
90.15 	 2 	  2.1835 	  
90.25 	 2 	  2.1864 	  
90.35 	 2 	  2.1891 	  
90.45 	 2 	  2.1915 	  
90.55 	 2 	  2.1936 	  
90.65 	 2 	  2.1954 	  
90.75 	 2 	  2.1969 	  
90.85 	 2 	  2.1981 	  
90.95 	 2 	  2.199 	  
91.05 	 2 	  2.1996 	  
91.15 	 2 	  2.2 	  
91.25 	 2 	  2.2 	  
91.35 	 2 	  2.1997 	  
91.45 	 2 	  2.1991 	  
91.55 	 2 	  2.1982 	  
91.65 	 2 	  2.1971 	  
91.75 	 2 	  2.1956 	  
91.85 	 2 	  2.1938 	  
91.95 	 2 	  2.1918 	  
92.05 	 2 	  2.1894 	  
92.15 	 2 	  2.1868 	  
92.25 	 2 	  2.1839 	  
92.35 	 2 	  2.1807 	  
92.45 	 2 	  2.1773 	  
92.55 	 2 	  2.1736 	  
92.65 	 2 	  2.1696 	  
92.75 	 2 	  2.1654 	  
92.85 	 2 	  2.1609 	  
92.95 	 2 	  2.1562 	  
93.05 	 2 	  2.1512 	  
93.15 	 2 	  2.146 	  
93.25 	 2 	  2.1406 	  
93.35 	 2 	  2.135 	  
93.45 	 2 	  2.1292 	  
93.55 	 2 	  2.1232 	  
93.65 	 2 	  2.117 	  
93.75 	 2 	  2.1106 	  
93.85 	 2 	  2.1041 	  
93.95 	 2 	  2.0974 	  
94.05 	 2 	  2.0906 	  
94.15 	 2 	  2.0836 	  
94.25 	 2 	  2.0765 	  
94.35 	 2 	  2.0693 	  
94.45 	 2 	  2.062 	  
94.55 	 2 	  2.0546 	  
94.65 	 2 	  2.0471 	  
94.75 	 2 	  2.0395 	  
94.85 	 2 	  2.0319 	  
94.95 	 2 	  2.0242 	  
95.05 	 2 	  2.0165 	  
95.15 	 2 	  2.0088 	  
95.25 	 2 	  2.0011 	  
95.35 	 2 	  1.9933 	  
95.45 	 2 	  1.9856 	  
95.55 	 2 	  1.9779 	  
95.65 	 2 	  1.9702 	  
95.75 	 2 	  1.9626 	  
95.85 	 2 	  1.955 	  
95.95 	 2 	  1.9475 	  
96.05 	 2 	  1.94 	  
96.15 	 2 	  1.9327 	  
96.25 	 2 	  1.9255 	  
96.35 	 2 	  1.9183 	  
96.45 	 2 	  1.9113 	  
96.55 	 2 	  1.9044 	  
96.65 	 2 	  1.8977 	  
96.75 	 2 	  1.8911 	  
96.85 	 2 	  1.8847 	  
96.95 	 2 	  1.8785 	  
97.05 	 2 	  1.8724 	  
97.15 	 2 	  1.8666 	  
97.25 	 2 	  1.8609 	  
97.35 	 2 	  1.8554 	  
97.45 	 2 	  1.8502 	  
97.55 	 2 	  1.8452 	  
97.65 	 2 	  1.8404 	  
97.75 	 2 	  1.8358 	  
97.85 	 2 	  1.8315 	  
97.95 	 2 	  1.8275 	  
98.05 	 2 	  1.8237 	  
98.15 	 2 	  1.8202 	  
98.25 	 2 	  1.8169 	  
98.35 	 2 	  1.8139 	  
98.45 	 2 	  1.8112 	  
98.55 	 2 	  1.8088 	  
98.65 	 2 	  1.8067 	  
98.75 	 2 	  1.8049 	  
98.85 	 2 	  1.8033 	  
98.95 	 2 	  1.802 	  
99.05 	 2 	  1.8011 	  
99.15 	 2 	  1.8004 	  
99.25 	 2 	  1.8001 	  
99.35 	 2 	  1.8 	  
99.45 	 2 	  1.8003 	  
99.55 	 2 	  1.8008 	  
99.65 	 2 	  1.8016 	  
99.75 	 2 	  1.8028 	  
99.85 	 2 	  1.8042 	  
99.95 	 2 	  1.8059 	  
100.05 	 2 	  1.8079 	  
100.15 	 2 	  1.8102 	  
100.25 	 2 	  1.8128 	  
100.35 	 2 	  1.8157 	  
100.45 	 2 	  1.8188 	  
100.55 	 2 	  1.8223 	  
100.65 	 2 	  1.8259 	  
100.75 	 2 	  1.8299 	  
100.85 	 2 	  1.8341 	  
100.95 	 2 	  1.8385 	  
101.05 	 2 	  1.8432 	  
101.15 	 2 	  1.8481 	  
101.25 	 1.9999 	  1.8533 	  
101.35 	 1.9999 	  1.8587 	  
101.45 	 1.9999 	  1.8643 	  
101.55 	 1.9999 	  1.87 	  
101.65 	 1.9999 	  1.876 	  
101.75 	 1.9999 	  1.8822 	  
101.85 	 1.9999 	  1.8885 	  
101.95 	 1.9999 	  1.8951 	  
102.05 	 1.9999 	  1.9017 	  
102.15 	 1.9999 	  1.9085 	  
102.25 	 1.9999 	  1.9155 	  
102.35 	 1.9999 	  1.9226 	  
102.45 	 1.9999 	  1.9298 	  
102.55 	 1.9999 	  1.9371 	  
102.65 	 1.9999 	  1.9445 	  
102.75 	 1.9999 	  1.952 	  
102.85 	 1.9999 	  1.9595 	  
102.95 	 1.9999 	  1.9671 	  
103.05 	 1.9999 	  1.9748 	  
103.15 	 1.9999 	  1.9825 	  
103.25 	 1.9999 	  1.9902 	  
103.35 	 1.9999 	  1.9979 	  
103.45 	 1.9999 	  2.0057 	  
103.55 	 1.9999 	  2.0134 	  
103.65 	 1.9999 	  2.0211 	  
103.75 	 1.9999 	  2.0288 	  
103.85 	 1.9999 	  2.0365 	  
103.95 	 1.9999 	  2.0441 	  
104.05 	 1.9999 	  2.0516 	  
104.15 	 1.9999 	  2.059 	  
104.25 	 1.9999 	  2.0664 	  
104.35 	 1.9999 	  2.0736 	  
104.45 	 1.9999 	  2.0808 	  
104.55 	 1.9999 	  2.0878 	  
104.65 	 1.9999 	  2.0947 	  
104.75 	 1.9999 	  2.1014 	  
104.85 	 1.9999 	  2.108 	  
104.95 	 1.9999 	  2.1145 	  
105.05 	 1.9999 	  2.1207 	  
105.15 	 1.9999 	  2.1268 	  
105.25 	 1.9999 	  2.1327 	  
105.35 	 1.9999 	  2.1384 	  
105.45 	 1.9999 	  2.1439 	  
105.55 	 1.9999 	  2.1492 	  
105.65 	 1.9999 	  2.1542 	  
105.75 	 1.9999 	  2.159 	  
105.85 	 1.9999 	  2.1636 	  
105.95 	 1.9999 	  2.1679 	  
106.05 	 1.9999 	  2.172 	  
106.15 	 1.9999 	  2.1758 	  
106.25 	 1.9999 	  2.1794 	  
106.35 	 1.9999 	  2.1827 	  
106.45 	 1.9999 	  2.1857 	  
106.55 	 1.9999 	  2.1884 	  
106.65 	 1.9999 	  2.1909 	  
106.75 	 1.9999 	  2.193 	  
106.85 	 1.9999 	  2.1949 	  
106.95 	 1.9999 	  2.1965 	  
107.05 	 1.9999 	  2.1978 	  
107.15 	 1.9999 	  2.1988 	  
107.25 	 1.9999 	  2.1995 	  
107.35 	 1.9999 	  2.1999 	  
107.45 	 1.9999 	  2.2 	  
107.55 	 1.9999 	  2.1998 	  
107.65 	 1.9999 	  2.1993 	  
107.75 	 1.9999 	  2.1985 	  
107.85 	 1.9999 	  2.1974 	  
107.95 	 1.9999 	  2.196 	  
108.05 	 1.9999 	  2.1943 	  
108.15 	 1.9999 	  2.1923 	  
108.25 	 2 	  2.1901 	  
108.35 	 2 	  2.1875 	  
108.45 	 2 	  2.1847 	  
108.55 	 2 	  2.1816 	  
108.65 	 2 	  2.1782 	  
108.75 	 2 	  2.1745 	  
108.85 	 2 	  2.1706 	  
108.95 	 2 	  2.1665 	  
