simtime:  0.68137
number of wsf-lines:  1

line_No     y_coord
1	 1.5
2	  Wave Theory 


X 1	 P 1 	 	 	 	 W 1

0.05 	 1.8296 	  1.8264 	  
0.15 	 1.8338 	  1.8304 	  
0.25 	 1.8382 	  1.8346 	  
0.35 	 1.8428 	  1.8391 	  
0.45 	 1.8477 	  1.8438 	  
0.55 	 1.8527 	  1.8488 	  
0.65 	 1.8581 	  1.854 	  
0.75 	 1.8636 	  1.8594 	  
0.85 	 1.8693 	  1.865 	  
0.95 	 1.8752 	  1.8708 	  
1.05 	 1.8813 	  1.8768 	  
1.15 	 1.8875 	  1.883 	  
1.25 	 1.894 	  1.8894 	  
1.35 	 1.9006 	  1.8959 	  
1.45 	 1.9073 	  1.9026 	  
1.55 	 1.9142 	  1.9094 	  
1.65 	 1.9212 	  1.9164 	  
1.75 	 1.9283 	  1.9235 	  
1.85 	 1.9355 	  1.9307 	  
1.95 	 1.9429 	  1.938 	  
2.05 	 1.9502 	  1.9454 	  
2.15 	 1.9577 	  1.9529 	  
2.25 	 1.9652 	  1.9605 	  
2.35 	 1.9728 	  1.9681 	  
2.45 	 1.9804 	  1.9757 	  
2.55 	 1.9881 	  1.9835 	  
2.65 	 1.9957 	  1.9912 	  
2.75 	 2.0034 	  1.9989 	  
2.85 	 2.0111 	  2.0067 	  
2.95 	 2.0187 	  2.0144 	  
3.05 	 2.0264 	  2.0221 	  
3.15 	 2.0339 	  2.0298 	  
3.25 	 2.0414 	  2.0374 	  
3.35 	 2.0489 	  2.045 	  
3.45 	 2.0563 	  2.0525 	  
3.55 	 2.0636 	  2.0599 	  
3.65 	 2.0708 	  2.0673 	  
3.75 	 2.0779 	  2.0745 	  
3.85 	 2.0848 	  2.0817 	  
3.95 	 2.0917 	  2.0887 	  
4.05 	 2.0984 	  2.0955 	  
4.15 	 2.105 	  2.1023 	  
4.25 	 2.1115 	  2.1088 	  
4.35 	 2.1177 	  2.1153 	  
4.45 	 2.1238 	  2.1215 	  
4.55 	 2.1297 	  2.1276 	  
4.65 	 2.1354 	  2.1334 	  
4.75 	 2.141 	  2.1391 	  
4.85 	 2.1463 	  2.1446 	  
4.95 	 2.1514 	  2.1498 	  
5.05 	 2.1563 	  2.1548 	  
5.15 	 2.1609 	  2.1596 	  
5.25 	 2.1654 	  2.1641 	  
5.35 	 2.1696 	  2.1684 	  
5.45 	 2.1735 	  2.1725 	  
5.55 	 2.1772 	  2.1763 	  
5.65 	 2.1807 	  2.1798 	  
5.75 	 2.1839 	  2.1831 	  
5.85 	 2.1868 	  2.186 	  
5.95 	 2.1895 	  2.1887 	  
6.05 	 2.1919 	  2.1912 	  
6.15 	 2.194 	  2.1933 	  
6.25 	 2.1959 	  2.1951 	  
6.35 	 2.1975 	  2.1967 	  
6.45 	 2.1988 	  2.1979 	  
6.55 	 2.1998 	  2.1989 	  
6.65 	 2.2005 	  2.1996 	  
6.75 	 2.201 	  2.1999 	  
6.85 	 2.2011 	  2.2 	  
6.95 	 2.201 	  2.1997 	  
7.05 	 2.2006 	  2.1992 	  
7.15 	 2.1999 	  2.1984 	  
7.25 	 2.1988 	  2.1972 	  
7.35 	 2.1975 	  2.1958 	  
7.45 	 2.1959 	  2.1941 	  
7.55 	 2.194 	  2.1921 	  
7.65 	 2.1918 	  2.1898 	  
7.75 	 2.1893 	  2.1872 	  
7.85 	 2.1864 	  2.1843 	  
7.95 	 2.1833 	  2.1812 	  
8.05 	 2.1799 	  2.1778 	  
8.15 	 2.1762 	  2.1741 	  
8.25 	 2.1722 	  2.1701 	  
8.35 	 2.1679 	  2.1659 	  
8.45 	 2.1632 	  2.1615 	  
8.55 	 2.1583 	  2.1568 	  
8.65 	 2.153 	  2.1519 	  
8.75 	 2.1475 	  2.1467 	  
8.85 	 2.1417 	  2.1413 	  
8.95 	 2.1356 	  2.1358 	  
9.05 	 2.1292 	  2.13 	  
9.15 	 2.1227 	  2.124 	  
9.25 	 2.1159 	  2.1178 	  
9.35 	 2.1089 	  2.1115 	  
9.45 	 2.1017 	  2.105 	  
9.55 	 2.0943 	  2.0983 	  
9.65 	 2.0867 	  2.0915 	  
9.75 	 2.079 	  2.0845 	  
9.85 	 2.0711 	  2.0774 	  
9.95 	 2.063 	  2.0702 	  
10.05 	 2.0549 	  2.0629 	  
10.15 	 2.0467 	  2.0555 	  
10.25 	 2.0385 	  2.0481 	  
10.35 	 2.0303 	  2.0405 	  
10.45 	 2.022 	  2.0329 	  
10.55 	 2.0138 	  2.0252 	  
10.65 	 2.0057 	  2.0175 	  
10.75 	 1.9978 	  2.0098 	  
10.85 	 1.99 	  2.0021 	  
10.95 	 1.9824 	  1.9943 	  
11.05 	 1.975 	  1.9866 	  
11.15 	 1.9679 	  1.9789 	  
11.25 	 1.9611 	  1.9712 	  
11.35 	 1.9546 	  1.9636 	  
11.45 	 1.9485 	  1.956 	  
11.55 	 1.9428 	  1.9484 	  
11.65 	 1.9375 	  1.941 	  
11.75 	 1.9326 	  1.9337 	  
11.85 	 1.9282 	  1.9264 	  
11.95 	 1.9242 	  1.9193 	  
12.05 	 1.9207 	  1.9122 	  
12.15 	 1.9177 	  1.9053 	  
12.25 	 1.9151 	  1.8986 	  
12.35 	 1.913 	  1.892 	  
12.45 	 1.9113 	  1.8856 	  
12.55 	 1.9101 	  1.8793 	  
12.65 	 1.9093 	  1.8732 	  
12.75 	 1.9089 	  1.8673 	  
12.85 	 1.909 	  1.8616 	  
12.95 	 1.9094 	  1.8561 	  
13.05 	 1.9102 	  1.8509 	  
13.15 	 1.9113 	  1.8458 	  
13.25 	 1.9127 	  1.841 	  
13.35 	 1.9144 	  1.8364 	  
13.45 	 1.9163 	  1.8321 	  
13.55 	 1.9185 	  1.828 	  
13.65 	 1.9209 	  1.8242 	  
13.75 	 1.9234 	  1.8206 	  
13.85 	 1.9261 	  1.8173 	  
13.95 	 1.9289 	  1.8143 	  
14.05 	 1.9318 	  1.8116 	  
14.15 	 1.9348 	  1.8091 	  
14.25 	 1.9378 	  1.807 	  
14.35 	 1.9408 	  1.8051 	  
14.45 	 1.9438 	  1.8035 	  
14.55 	 1.9468 	  1.8022 	  
14.65 	 1.9497 	  1.8012 	  
14.75 	 1.9526 	  1.8005 	  
14.85 	 1.9554 	  1.8001 	  
14.95 	 1.9582 	  1.8 	  
15.05 	 1.9608 	  1.8002 	  
15.15 	 1.9634 	  1.8007 	  
15.25 	 1.9658 	  1.8015 	  
15.35 	 1.9682 	  1.8026 	  
15.45 	 1.9704 	  1.804 	  
15.55 	 1.9724 	  1.8057 	  
15.65 	 1.9744 	  1.8077 	  
15.75 	 1.9763 	  1.8099 	  
15.85 	 1.978 	  1.8125 	  
15.95 	 1.9796 	  1.8153 	  
16.05 	 1.9811 	  1.8184 	  
16.15 	 1.9825 	  1.8218 	  
16.25 	 1.9837 	  1.8254 	  
16.35 	 1.9849 	  1.8294 	  
16.45 	 1.986 	  1.8335 	  
16.55 	 1.987 	  1.8379 	  
16.65 	 1.988 	  1.8426 	  
16.75 	 1.9888 	  1.8475 	  
16.85 	 1.9896 	  1.8526 	  
16.95 	 1.9903 	  1.858 	  
17.05 	 1.991 	  1.8635 	  
17.15 	 1.9916 	  1.8693 	  
17.25 	 1.9922 	  1.8752 	  
17.35 	 1.9927 	  1.8814 	  
17.45 	 1.9932 	  1.8877 	  
17.55 	 1.9937 	  1.8942 	  
17.65 	 1.9941 	  1.9008 	  
17.75 	 1.9945 	  1.9076 	  
17.85 	 1.9949 	  1.9146 	  
17.95 	 1.9953 	  1.9216 	  
18.05 	 1.9956 	  1.9288 	  
18.15 	 1.9959 	  1.9361 	  
18.25 	 1.9962 	  1.9435 	  
18.35 	 1.9964 	  1.951 	  
18.45 	 1.9967 	  1.9585 	  
18.55 	 1.9969 	  1.9661 	  
18.65 	 1.9971 	  1.9738 	  
18.75 	 1.9973 	  1.9815 	  
18.85 	 1.9975 	  1.9892 	  
18.95 	 1.9977 	  1.9969 	  
19.05 	 1.9978 	  2.0047 	  
19.15 	 1.998 	  2.0124 	  
19.25 	 1.9981 	  2.0201 	  
19.35 	 1.9982 	  2.0278 	  
19.45 	 1.9984 	  2.0355 	  
19.55 	 1.9985 	  2.0431 	  
19.65 	 1.9986 	  2.0506 	  
19.75 	 1.9987 	  2.058 	  
19.85 	 1.9988 	  2.0654 	  
19.95 	 1.9989 	  2.0727 	  
20.05 	 1.9989 	  2.0798 	  
20.15 	 1.999 	  2.0869 	  
20.25 	 1.9991 	  2.0938 	  
20.35 	 1.9991 	  2.1006 	  
20.45 	 1.9992 	  2.1072 	  
20.55 	 1.9993 	  2.1136 	  
20.65 	 1.9993 	  2.1199 	  
20.75 	 1.9994 	  2.126 	  
20.85 	 1.9994 	  2.1319 	  
20.95 	 1.9995 	  2.1377 	  
21.05 	 1.9995 	  2.1432 	  
21.15 	 1.9995 	  2.1485 	  
21.25 	 1.9996 	  2.1535 	  
21.35 	 1.9996 	  2.1584 	  
21.45 	 1.9996 	  2.163 	  
21.55 	 1.9997 	  2.1674 	  
21.65 	 1.9997 	  2.1715 	  
21.75 	 1.9997 	  2.1753 	  
21.85 	 1.9997 	  2.1789 	  
21.95 	 1.9997 	  2.1823 	  
22.05 	 1.9998 	  2.1853 	  
22.15 	 1.9998 	  2.1881 	  
22.25 	 1.9998 	  2.1906 	  
22.35 	 1.9998 	  2.1928 	  
22.45 	 1.9998 	  2.1947 	  
22.55 	 1.9998 	  2.1963 	  
22.65 	 1.9999 	  2.1977 	  
22.75 	 1.9999 	  2.1987 	  
22.85 	 1.9999 	  2.1994 	  
22.95 	 1.9999 	  2.1999 	  
23.05 	 1.9999 	  2.2 	  
23.15 	 1.9999 	  2.1998 	  
23.25 	 1.9999 	  2.1994 	  
23.35 	 1.9999 	  2.1986 	  
23.45 	 1.9999 	  2.1976 	  
23.55 	 1.9999 	  2.1962 	  
23.65 	 1.9999 	  2.1946 	  
23.75 	 1.9999 	  2.1926 	  
23.85 	 1.9999 	  2.1904 	  
23.95 	 1.9999 	  2.1879 	  
24.05 	 2 	  2.1851 	  
24.15 	 2 	  2.182 	  
24.25 	 2 	  2.1787 	  
24.35 	 2 	  2.175 	  
24.45 	 2 	  2.1712 	  
24.55 	 2 	  2.167 	  
24.65 	 2 	  2.1626 	  
24.75 	 2 	  2.158 	  
24.85 	 2 	  2.1532 	  
24.95 	 2 	  2.1481 	  
25.05 	 2 	  2.1427 	  
25.15 	 2 	  2.1372 	  
25.25 	 2 	  2.1315 	  
25.35 	 2 	  2.1255 	  
25.45 	 2 	  2.1194 	  
25.55 	 2 	  2.1131 	  
25.65 	 2 	  2.1067 	  
25.75 	 2 	  2.1 	  
25.85 	 2 	  2.0932 	  
25.95 	 2 	  2.0863 	  
26.05 	 2 	  2.0793 	  
26.15 	 2 	  2.0721 	  
26.25 	 2 	  2.0648 	  
26.35 	 2 	  2.0575 	  
26.45 	 2 	  2.05 	  
26.55 	 2 	  2.0425 	  
26.65 	 2 	  2.0349 	  
26.75 	 2 	  2.0272 	  
26.85 	 2 	  2.0195 	  
26.95 	 2 	  2.0118 	  
27.05 	 2 	  2.0041 	  
27.15 	 2 	  1.9963 	  
27.25 	 2 	  1.9886 	  
27.35 	 2 	  1.9809 	  
27.45 	 2 	  1.9732 	  
27.55 	 2 	  1.9655 	  
27.65 	 2 	  1.9579 	  
27.75 	 2 	  1.9504 	  
27.85 	 2 	  1.9429 	  
27.95 	 2 	  1.9355 	  
28.05 	 2 	  1.9283 	  
28.15 	 2 	  1.9211 	  
28.25 	 2 	  1.914 	  
28.35 	 2 	  1.9071 	  
28.45 	 2 	  1.9003 	  
28.55 	 2 	  1.8937 	  
28.65 	 2 	  1.8872 	  
28.75 	 2 	  1.8809 	  
28.85 	 2 	  1.8748 	  
28.95 	 2 	  1.8688 	  
29.05 	 2 	  1.8631 	  
29.15 	 2 	  1.8575 	  
29.25 	 2 	  1.8522 	  
29.35 	 2 	  1.8471 	  
29.45 	 2 	  1.8422 	  
29.55 	 2 	  1.8376 	  
29.65 	 2 	  1.8332 	  
29.75 	 2 	  1.829 	  
29.85 	 2 	  1.8251 	  
29.95 	 2 	  1.8215 	  
30.05 	 2 	  1.8182 	  
30.15 	 2 	  1.8151 	  
30.25 	 2 	  1.8123 	  
30.35 	 2 	  1.8097 	  
30.45 	 2 	  1.8075 	  
30.55 	 2 	  1.8055 	  
30.65 	 2 	  1.8039 	  
30.75 	 2 	  1.8025 	  
30.85 	 2 	  1.8014 	  
30.95 	 2 	  1.8007 	  
31.05 	 2 	  1.8002 	  
31.15 	 2 	  1.8 	  
31.25 	 2 	  1.8001 	  
31.35 	 2 	  1.8005 	  
31.45 	 2 	  1.8013 	  
31.55 	 2 	  1.8023 	  
31.65 	 2 	  1.8036 	  
31.75 	 2 	  1.8052 	  
31.85 	 2 	  1.8071 	  
31.95 	 2 	  1.8093 	  
32.05 	 2 	  1.8118 	  
32.15 	 2 	  1.8145 	  
32.25 	 2 	  1.8176 	  
32.35 	 2 	  1.8209 	  
32.45 	 2 	  1.8245 	  
32.55 	 2 	  1.8283 	  
32.65 	 2 	  1.8324 	  
32.75 	 2 	  1.8368 	  
32.85 	 2 	  1.8414 	  
32.95 	 2 	  1.8462 	  
33.05 	 2 	  1.8513 	  
33.15 	 2 	  1.8566 	  
33.25 	 2 	  1.8621 	  
33.35 	 2 	  1.8678 	  
33.45 	 2 	  1.8737 	  
33.55 	 2 	  1.8798 	  
33.65 	 2 	  1.8861 	  
33.75 	 2 	  1.8925 	  
33.85 	 2 	  1.8991 	  
33.95 	 2 	  1.9059 	  
34.05 	 2 	  1.9128 	  
34.15 	 2 	  1.9198 	  
34.25 	 2 	  1.927 	  
34.35 	 2 	  1.9342 	  
34.45 	 2 	  1.9416 	  
34.55 	 2 	  1.949 	  
34.65 	 2 	  1.9566 	  
34.75 	 2 	  1.9642 	  
34.85 	 2 	  1.9718 	  
34.95 	 2 	  1.9795 	  
35.05 	 2 	  1.9872 	  
35.15 	 2 	  1.9949 	  
35.25 	 2 	  2.0027 	  
35.35 	 2 	  2.0104 	  
35.45 	 2 	  2.0181 	  
35.55 	 2 	  2.0258 	  
35.65 	 2 	  2.0335 	  
35.75 	 2 	  2.0411 	  
35.85 	 2 	  2.0487 	  
35.95 	 2 	  2.0561 	  
36.05 	 2 	  2.0635 	  
36.15 	 2 	  2.0708 	  
36.25 	 2 	  2.078 	  
36.35 	 2 	  2.0851 	  
36.45 	 2 	  2.092 	  
36.55 	 2 	  2.0988 	  
36.65 	 2 	  2.1055 	  
36.75 	 2 	  2.112 	  
36.85 	 2 	  2.1183 	  
36.95 	 2 	  2.1245 	  
37.05 	 2 	  2.1304 	  
37.15 	 2 	  2.1362 	  
37.25 	 2 	  2.1418 	  
37.35 	 2 	  2.1471 	  
37.45 	 2 	  2.1523 	  
37.55 	 2 	  2.1572 	  
37.65 	 2 	  2.1618 	  
37.75 	 2 	  2.1663 	  
37.85 	 2 	  2.1704 	  
37.95 	 2 	  2.1744 	  
38.05 	 2 	  2.178 	  
38.15 	 2 	  2.1814 	  
38.25 	 2 	  2.1845 	  
38.35 	 2 	  2.1874 	  
38.45 	 2 	  2.19 	  
38.55 	 2 	  2.1922 	  
38.65 	 2 	  2.1942 	  
38.75 	 2 	  2.1959 	  
38.85 	 2 	  2.1973 	  
38.95 	 2 	  2.1984 	  
39.05 	 2 	  2.1993 	  
39.15 	 2 	  2.1998 	  
39.25 	 2 	  2.2 	  
39.35 	 2 	  2.1999 	  
39.45 	 2 	  2.1995 	  
39.55 	 2 	  2.1988 	  
39.65 	 2 	  2.1979 	  
39.75 	 2 	  2.1966 	  
39.85 	 2 	  2.195 	  
39.95 	 2 	  2.1931 	  
40.05 	 2 	  2.191 	  
40.15 	 2 	  2.1885 	  
40.25 	 2 	  2.1858 	  
40.35 	 2 	  2.1828 	  
40.45 	 2 	  2.1795 	  
40.55 	 2 	  2.176 	  
40.65 	 2 	  2.1722 	  
40.75 	 2 	  2.1681 	  
40.85 	 2 	  2.1638 	  
40.95 	 2 	  2.1592 	  
41.05 	 2 	  2.1544 	  
41.15 	 2 	  2.1494 	  
41.25 	 2 	  2.1441 	  
41.35 	 2 	  2.1387 	  
41.45 	 2 	  2.133 	  
41.55 	 2 	  2.1271 	  
41.65 	 2 	  2.121 	  
41.75 	 2 	  2.1148 	  
41.85 	 2 	  2.1083 	  
41.95 	 2 	  2.1017 	  
42.05 	 2 	  2.095 	  
42.15 	 2 	  2.0881 	  
42.25 	 2 	  2.0811 	  
42.35 	 2 	  2.074 	  
42.45 	 2 	  2.0667 	  
42.55 	 2 	  2.0594 	  
42.65 	 2 	  2.0519 	  
42.75 	 2 	  2.0444 	  
42.85 	 2 	  2.0368 	  
42.95 	 2 	  2.0292 	  
43.05 	 2 	  2.0215 	  
43.15 	 2 	  2.0138 	  
43.25 	 2 	  2.0061 	  
43.35 	 2 	  1.9983 	  
43.45 	 2 	  1.9906 	  
43.55 	 2 	  1.9828 	  
43.65 	 2 	  1.9751 	  
43.75 	 2 	  1.9675 	  
43.85 	 2 	  1.9599 	  
43.95 	 2 	  1.9523 	  
44.05 	 2 	  1.9448 	  
44.15 	 2 	  1.9374 	  
44.25 	 2 	  1.9301 	  
44.35 	 2 	  1.9229 	  
44.45 	 2 	  1.9158 	  
44.55 	 2 	  1.9089 	  
44.65 	 2 	  1.902 	  
44.75 	 2 	  1.8954 	  
44.85 	 2 	  1.8888 	  
44.95 	 2 	  1.8825 	  
45.05 	 2 	  1.8763 	  
45.15 	 2 	  1.8703 	  
45.25 	 2 	  1.8645 	  
45.35 	 2 	  1.8589 	  
45.45 	 2 	  1.8535 	  
45.55 	 2 	  1.8484 	  
45.65 	 2 	  1.8434 	  
45.75 	 2 	  1.8387 	  
45.85 	 2 	  1.8343 	  
45.95 	 2 	  1.8301 	  
46.05 	 2 	  1.8261 	  
46.15 	 2 	  1.8224 	  
46.25 	 2 	  1.819 	  
46.35 	 2 	  1.8158 	  
46.45 	 2 	  1.813 	  
46.55 	 2 	  1.8104 	  
46.65 	 2 	  1.808 	  
46.75 	 2 	  1.806 	  
46.85 	 2 	  1.8043 	  
46.95 	 2 	  1.8028 	  
47.05 	 2 	  1.8017 	  
47.15 	 2 	  1.8008 	  
47.25 	 2 	  1.8003 	  
47.35 	 2 	  1.8 	  
47.45 	 2 	  1.8001 	  
47.55 	 2 	  1.8004 	  
47.65 	 2 	  1.8011 	  
47.75 	 2 	  1.802 	  
47.85 	 2 	  1.8032 	  
47.95 	 2 	  1.8048 	  
48.05 	 2 	  1.8066 	  
48.15 	 2 	  1.8087 	  
48.25 	 2 	  1.8111 	  
48.35 	 2 	  1.8138 	  
48.45 	 2 	  1.8168 	  
48.55 	 2 	  1.82 	  
48.65 	 2 	  1.8235 	  
48.75 	 2 	  1.8273 	  
48.85 	 2 	  1.8313 	  
48.95 	 2 	  1.8356 	  
49.05 	 2 	  1.8402 	  
49.15 	 2 	  1.8449 	  
49.25 	 2 	  1.8499 	  
49.35 	 2 	  1.8552 	  
49.45 	 2 	  1.8606 	  
49.55 	 2 	  1.8663 	  
49.65 	 2 	  1.8721 	  
49.75 	 2 	  1.8782 	  
49.85 	 2 	  1.8844 	  
49.95 	 2 	  1.8908 	  
50.05 	 2 	  1.8974 	  
50.15 	 2 	  1.9041 	  
50.25 	 2 	  1.911 	  
50.35 	 2 	  1.918 	  
50.45 	 2 	  1.9251 	  
50.55 	 2 	  1.9324 	  
50.65 	 2 	  1.9397 	  
50.75 	 2 	  1.9471 	  
50.85 	 2 	  1.9546 	  
50.95 	 2 	  1.9622 	  
51.05 	 2 	  1.9698 	  
51.15 	 2 	  1.9775 	  
51.25 	 2 	  1.9852 	  
51.35 	 2 	  1.993 	  
51.45 	 2 	  2.0007 	  
51.55 	 2 	  2.0084 	  
51.65 	 2 	  2.0162 	  
51.75 	 2 	  2.0239 	  
51.85 	 2 	  2.0315 	  
51.95 	 2 	  2.0392 	  
52.05 	 2 	  2.0467 	  
52.15 	 2 	  2.0542 	  
52.25 	 2 	  2.0616 	  
52.35 	 2 	  2.069 	  
52.45 	 2 	  2.0762 	  
52.55 	 2 	  2.0833 	  
52.65 	 2 	  2.0902 	  
52.75 	 2 	  2.0971 	  
52.85 	 2 	  2.1038 	  
52.95 	 2 	  2.1103 	  
53.05 	 2 	  2.1167 	  
53.15 	 2 	  2.1229 	  
53.25 	 2 	  2.1289 	  
53.35 	 2 	  2.1347 	  
53.45 	 2 	  2.1404 	  
53.55 	 2 	  2.1458 	  
53.65 	 2 	  2.151 	  
53.75 	 2 	  2.1559 	  
53.85 	 2 	  2.1607 	  
53.95 	 2 	  2.1652 	  
54.05 	 2 	  2.1694 	  
54.15 	 2 	  2.1734 	  
54.25 	 2 	  2.1771 	  
54.35 	 2 	  2.1806 	  
54.45 	 2 	  2.1838 	  
54.55 	 2 	  2.1867 	  
54.65 	 2 	  2.1893 	  
54.75 	 2 	  2.1917 	  
54.85 	 2 	  2.1937 	  
54.95 	 2 	  2.1955 	  
55.05 	 2 	  2.197 	  
55.15 	 2 	  2.1982 	  
55.25 	 2 	  2.1991 	  
55.35 	 2 	  2.1997 	  
55.45 	 2 	  2.2 	  
55.55 	 2 	  2.2 	  
55.65 	 2 	  2.1997 	  
55.75 	 2 	  2.199 	  
55.85 	 2 	  2.1981 	  
55.95 	 2 	  2.1969 	  
56.05 	 2 	  2.1954 	  
56.15 	 2 	  2.1936 	  
56.25 	 2 	  2.1916 	  
56.35 	 2 	  2.1892 	  
56.45 	 2 	  2.1865 	  
56.55 	 2 	  2.1836 	  
56.65 	 2 	  2.1804 	  
56.75 	 2 	  2.1769 	  
56.85 	 2 	  2.1732 	  
56.95 	 2 	  2.1692 	  
57.05 	 2 	  2.1649 	  
57.15 	 2 	  2.1604 	  
57.25 	 2 	  2.1557 	  
57.35 	 2 	  2.1507 	  
57.45 	 2 	  2.1455 	  
57.55 	 2 	  2.1401 	  
57.65 	 2 	  2.1345 	  
57.75 	 2 	  2.1286 	  
57.85 	 2 	  2.1226 	  
57.95 	 2 	  2.1164 	  
58.05 	 2 	  2.11 	  
58.15 	 2 	  2.1035 	  
58.25 	 2 	  2.0967 	  
58.35 	 2 	  2.0899 	  
58.45 	 2 	  2.0829 	  
58.55 	 2 	  2.0758 	  
58.65 	 2 	  2.0686 	  
58.75 	 2 	  2.0613 	  
58.85 	 2 	  2.0538 	  
58.95 	 2 	  2.0463 	  
59.05 	 2 	  2.0388 	  
59.15 	 2 	  2.0312 	  
59.25 	 2 	  2.0235 	  
59.35 	 2 	  2.0158 	  
59.45 	 2 	  2.008 	  
59.55 	 2 	  2.0003 	  
59.65 	 2 	  1.9926 	  
59.75 	 2 	  1.9848 	  
59.85 	 2 	  1.9771 	  
59.95 	 2 	  1.9694 	  
60.05 	 2 	  1.9618 	  
60.15 	 2 	  1.9542 	  
60.25 	 2 	  1.9467 	  
60.35 	 2 	  1.9393 	  
60.45 	 2 	  1.932 	  
60.55 	 2 	  1.9248 	  
60.65 	 2 	  1.9176 	  
60.75 	 2 	  1.9106 	  
60.85 	 2 	  1.9038 	  
60.95 	 2 	  1.8971 	  
61.05 	 2 	  1.8905 	  
61.15 	 2 	  1.8841 	  
61.25 	 2 	  1.8779 	  
61.35 	 2 	  1.8718 	  
61.45 	 2 	  1.866 	  
61.55 	 2 	  1.8603 	  
61.65 	 2 	  1.8549 	  
61.75 	 2 	  1.8497 	  
61.85 	 2 	  1.8447 	  
61.95 	 2 	  1.8399 	  
62.05 	 2 	  1.8354 	  
62.15 	 2 	  1.8311 	  
62.25 	 2 	  1.8271 	  
62.35 	 2 	  1.8233 	  
62.45 	 2 	  1.8199 	  
62.55 	 2 	  1.8166 	  
62.65 	 2 	  1.8137 	  
62.75 	 2 	  1.811 	  
62.85 	 2 	  1.8086 	  
62.95 	 2 	  1.8065 	  
63.05 	 2 	  1.8047 	  
63.15 	 2 	  1.8032 	  
63.25 	 2 	  1.8019 	  
63.35 	 2 	  1.801 	  
63.45 	 2 	  1.8004 	  
63.55 	 2 	  1.8001 	  
63.65 	 2 	  1.8 	  
63.75 	 2 	  1.8003 	  
63.85 	 2 	  1.8009 	  
63.95 	 2 	  1.8017 	  
64.05 	 2 	  1.8029 	  
64.15 	 2 	  1.8044 	  
64.25 	 2 	  1.8061 	  
64.35 	 2 	  1.8081 	  
64.45 	 2 	  1.8105 	  
64.55 	 2 	  1.8131 	  
64.65 	 2 	  1.816 	  
64.75 	 2 	  1.8192 	  
64.85 	 2 	  1.8226 	  
64.95 	 2 	  1.8263 	  
65.05 	 2 	  1.8303 	  
65.15 	 2 	  1.8345 	  
65.25 	 2 	  1.839 	  
65.35 	 2 	  1.8437 	  
65.45 	 2 	  1.8486 	  
65.55 	 2 	  1.8538 	  
65.65 	 2 	  1.8592 	  
65.75 	 2 	  1.8648 	  
65.85 	 2 	  1.8706 	  
65.95 	 2 	  1.8766 	  
66.05 	 2 	  1.8828 	  
66.15 	 2 	  1.8892 	  
66.25 	 2 	  1.8957 	  
66.35 	 2 	  1.9024 	  
66.45 	 2 	  1.9092 	  
66.55 	 2 	  1.9162 	  
66.65 	 2 	  1.9233 	  
66.75 	 2 	  1.9305 	  
66.85 	 2 	  1.9378 	  
66.95 	 2 	  1.9452 	  
67.05 	 2 	  1.9527 	  
67.15 	 2 	  1.9602 	  
67.25 	 2 	  1.9679 	  
67.35 	 2 	  1.9755 	  
67.45 	 2 	  1.9832 	  
67.55 	 2 	  1.991 	  
67.65 	 2 	  1.9987 	  
67.75 	 2 	  2.0064 	  
67.85 	 2 	  2.0142 	  
67.95 	 2 	  2.0219 	  
68.05 	 2 	  2.0296 	  
68.15 	 2 	  2.0372 	  
68.25 	 2 	  2.0448 	  
68.35 	 2 	  2.0523 	  
68.45 	 2 	  2.0597 	  
68.55 	 2 	  2.0671 	  
68.65 	 2 	  2.0743 	  
68.75 	 2 	  2.0815 	  
68.85 	 2 	  2.0885 	  
68.95 	 2 	  2.0953 	  
69.05 	 2 	  2.1021 	  
69.15 	 2 	  2.1087 	  
69.25 	 2 	  2.1151 	  
69.35 	 2 	  2.1213 	  
69.45 	 2 	  2.1274 	  
69.55 	 2 	  2.1333 	  
69.65 	 2 	  2.1389 	  
69.75 	 2 	  2.1444 	  
69.85 	 2 	  2.1497 	  
69.95 	 2 	  2.1547 	  
70.05 	 2 	  2.1595 	  
70.15 	 2 	  2.164 	  
70.25 	 2 	  2.1683 	  
70.35 	 2 	  2.1724 	  
70.45 	 2 	  2.1762 	  
70.55 	 2 	  2.1797 	  
70.65 	 2 	  2.183 	  
70.75 	 2 	  2.186 	  
70.85 	 2 	  2.1887 	  
70.95 	 2 	  2.1911 	  
71.05 	 2 	  2.1932 	  
71.15 	 2 	  2.1951 	  
71.25 	 2 	  2.1967 	  
71.35 	 2 	  2.1979 	  
71.45 	 2 	  2.1989 	  
71.55 	 2 	  2.1996 	  
71.65 	 2 	  2.1999 	  
71.75 	 2 	  2.2 	  
71.85 	 2 	  2.1998 	  
71.95 	 2 	  2.1992 	  
72.05 	 2 	  2.1984 	  
72.15 	 2 	  2.1973 	  
72.25 	 2 	  2.1959 	  
72.35 	 2 	  2.1941 	  
72.45 	 2 	  2.1921 	  
72.55 	 2 	  2.1898 	  
72.65 	 2 	  2.1873 	  
72.75 	 2 	  2.1844 	  
72.85 	 2 	  2.1813 	  
72.95 	 2 	  2.1779 	  
73.05 	 2 	  2.1742 	  
73.15 	 2 	  2.1702 	  
73.25 	 2 	  2.166 	  
73.35 	 2 	  2.1616 	  
73.45 	 2 	  2.1569 	  
73.55 	 2 	  2.152 	  
73.65 	 2 	  2.1469 	  
73.75 	 2 	  2.1415 	  
73.85 	 2 	  2.1359 	  
73.95 	 2 	  2.1301 	  
74.05 	 2 	  2.1242 	  
74.15 	 2 	  2.118 	  
74.25 	 2 	  2.1117 	  
74.35 	 2 	  2.1051 	  
74.45 	 2 	  2.0985 	  
74.55 	 2 	  2.0917 	  
74.65 	 2 	  2.0847 	  
74.75 	 2 	  2.0776 	  
74.85 	 2 	  2.0704 	  
74.95 	 2 	  2.0632 	  
75.05 	 2 	  2.0558 	  
75.15 	 2 	  2.0483 	  
75.25 	 2 	  2.0407 	  
75.35 	 2 	  2.0331 	  
75.45 	 2 	  2.0255 	  
75.55 	 2 	  2.0178 	  
75.65 	 2 	  2.01 	  
75.75 	 2 	  2.0023 	  
75.85 	 2 	  1.9945 	  
75.95 	 2 	  1.9868 	  
76.05 	 2 	  1.9791 	  
76.15 	 2 	  1.9714 	  
76.25 	 2 	  1.9638 	  
76.35 	 2 	  1.9562 	  
76.45 	 2 	  1.9487 	  
76.55 	 2 	  1.9412 	  
76.65 	 2 	  1.9339 	  
76.75 	 2 	  1.9266 	  
76.85 	 2 	  1.9195 	  
76.95 	 2 	  1.9124 	  
77.05 	 2 	  1.9055 	  
77.15 	 2 	  1.8988 	  
77.25 	 2 	  1.8922 	  
77.35 	 2 	  1.8857 	  
77.45 	 2 	  1.8795 	  
77.55 	 2 	  1.8734 	  
77.65 	 2 	  1.8675 	  
77.75 	 2 	  1.8618 	  
77.85 	 2 	  1.8563 	  
77.95 	 2 	  1.851 	  
78.05 	 2 	  1.846 	  
78.15 	 2 	  1.8411 	  
78.25 	 2 	  1.8365 	  
78.35 	 2 	  1.8322 	  
78.45 	 2 	  1.8281 	  
78.55 	 2 	  1.8243 	  
78.65 	 2 	  1.8207 	  
78.75 	 2 	  1.8174 	  
78.85 	 2 	  1.8144 	  
78.95 	 2 	  1.8117 	  
79.05 	 2 	  1.8092 	  
79.15 	 2 	  1.807 	  
79.25 	 2 	  1.8051 	  
79.35 	 2 	  1.8035 	  
79.45 	 2 	  1.8022 	  
79.55 	 2 	  1.8012 	  
79.65 	 2 	  1.8005 	  
79.75 	 2 	  1.8001 	  
79.85 	 2 	  1.8 	  
79.95 	 2 	  1.8002 	  
80.05 	 2 	  1.8007 	  
80.15 	 2 	  1.8015 	  
80.25 	 2 	  1.8026 	  
80.35 	 2 	  1.8039 	  
80.45 	 2 	  1.8056 	  
80.55 	 2 	  1.8076 	  
80.65 	 2 	  1.8099 	  
80.75 	 2 	  1.8124 	  
80.85 	 2 	  1.8152 	  
80.95 	 2 	  1.8183 	  
81.05 	 2 	  1.8217 	  
81.15 	 2 	  1.8253 	  
81.25 	 2 	  1.8292 	  
81.35 	 2 	  1.8334 	  
81.45 	 2 	  1.8378 	  
81.55 	 2 	  1.8425 	  
81.65 	 2 	  1.8473 	  
81.75 	 2 	  1.8525 	  
81.85 	 2 	  1.8578 	  
81.95 	 2 	  1.8634 	  
82.05 	 2 	  1.8691 	  
82.15 	 2 	  1.8751 	  
82.25 	 2 	  1.8812 	  
82.35 	 2 	  1.8875 	  
82.45 	 2 	  1.894 	  
82.55 	 2 	  1.9007 	  
82.65 	 2 	  1.9074 	  
82.75 	 2 	  1.9144 	  
82.85 	 2 	  1.9214 	  
82.95 	 2 	  1.9286 	  
83.05 	 2 	  1.9359 	  
83.15 	 2 	  1.9433 	  
83.25 	 2 	  1.9508 	  
83.35 	 2 	  1.9583 	  
83.45 	 2 	  1.9659 	  
83.55 	 2 	  1.9736 	  
83.65 	 2 	  1.9813 	  
83.75 	 2 	  1.989 	  
83.85 	 2 	  1.9967 	  
83.95 	 2 	  2.0045 	  
84.05 	 2 	  2.0122 	  
84.15 	 2 	  2.0199 	  
84.25 	 2 	  2.0276 	  
84.35 	 2 	  2.0353 	  
84.45 	 2 	  2.0428 	  
84.55 	 2 	  2.0504 	  
84.65 	 2 	  2.0578 	  
84.75 	 2 	  2.0652 	  
84.85 	 2 	  2.0725 	  
84.95 	 2 	  2.0796 	  
85.05 	 2 	  2.0867 	  
85.15 	 2 	  2.0936 	  
85.25 	 2 	  2.1004 	  
85.35 	 2 	  2.107 	  
85.45 	 2 	  2.1134 	  
85.55 	 2 	  2.1197 	  
85.65 	 2 	  2.1258 	  
85.75 	 2 	  2.1318 	  
85.85 	 2 	  2.1375 	  
85.95 	 2 	  2.143 	  
86.05 	 2 	  2.1483 	  
86.15 	 2 	  2.1534 	  
86.25 	 2 	  2.1583 	  
86.35 	 2 	  2.1629 	  
86.45 	 2 	  2.1672 	  
86.55 	 2 	  2.1714 	  
86.65 	 2 	  2.1752 	  
86.75 	 2 	  2.1788 	  
86.85 	 2 	  2.1822 	  
86.95 	 2 	  2.1852 	  
87.05 	 2 	  2.188 	  
87.15 	 2 	  2.1905 	  
87.25 	 2 	  2.1927 	  
87.35 	 2 	  2.1946 	  
87.45 	 2 	  2.1963 	  
87.55 	 2 	  2.1976 	  
87.65 	 2 	  2.1987 	  
87.75 	 2 	  2.1994 	  
87.85 	 2 	  2.1999 	  
87.95 	 2 	  2.2 	  
88.05 	 2 	  2.1998 	  
88.15 	 2 	  2.1994 	  
88.25 	 2 	  2.1986 	  
88.35 	 2 	  2.1976 	  
88.45 	 2 	  2.1962 	  
88.55 	 2 	  2.1946 	  
88.65 	 2 	  2.1927 	  
88.75 	 2 	  2.1905 	  
88.85 	 2 	  2.1879 	  
88.95 	 2 	  2.1852 	  
89.05 	 2 	  2.1821 	  
89.15 	 2 	  2.1788 	  
89.25 	 2 	  2.1751 	  
89.35 	 2 	  2.1713 	  
89.45 	 2 	  2.1672 	  
89.55 	 2 	  2.1628 	  
89.65 	 2 	  2.1582 	  
89.75 	 2 	  2.1533 	  
89.85 	 2 	  2.1482 	  
89.95 	 2 	  2.1429 	  
90.05 	 2 	  2.1374 	  
90.15 	 2 	  2.1316 	  
90.25 	 2 	  2.1257 	  
90.35 	 2 	  2.1196 	  
90.45 	 2 	  2.1133 	  
90.55 	 2 	  2.1068 	  
90.65 	 2 	  2.1002 	  
90.75 	 2 	  2.0934 	  
90.85 	 2 	  2.0865 	  
90.95 	 2 	  2.0795 	  
91.05 	 2 	  2.0723 	  
91.15 	 2 	  2.065 	  
91.25 	 2 	  2.0577 	  
91.35 	 2 	  2.0502 	  
91.45 	 2 	  2.0427 	  
91.55 	 2 	  2.0351 	  
91.65 	 2 	  2.0274 	  
91.75 	 2 	  2.0197 	  
91.85 	 2 	  2.012 	  
91.95 	 2 	  2.0043 	  
92.05 	 2 	  1.9965 	  
92.15 	 2 	  1.9888 	  
92.25 	 2 	  1.9811 	  
92.35 	 2 	  1.9734 	  
92.45 	 2 	  1.9657 	  
92.55 	 2 	  1.9581 	  
92.65 	 2 	  1.9506 	  
92.75 	 2 	  1.9431 	  
92.85 	 2 	  1.9357 	  
92.95 	 2 	  1.9285 	  
93.05 	 2 	  1.9213 	  
93.15 	 2 	  1.9142 	  
93.25 	 2 	  1.9073 	  
93.35 	 2 	  1.9005 	  
93.45 	 2 	  1.8939 	  
93.55 	 2 	  1.8874 	  
93.65 	 2 	  1.8811 	  
93.75 	 2 	  1.8749 	  
93.85 	 2 	  1.869 	  
93.95 	 2 	  1.8632 	  
94.05 	 2 	  1.8577 	  
94.15 	 2 	  1.8523 	  
94.25 	 2 	  1.8472 	  
94.35 	 2 	  1.8424 	  
94.45 	 2 	  1.8377 	  
94.55 	 2 	  1.8333 	  
94.65 	 2 	  1.8291 	  
94.75 	 2 	  1.8253 	  
94.85 	 2 	  1.8216 	  
94.95 	 2 	  1.8182 	  
95.05 	 2 	  1.8152 	  
95.15 	 2 	  1.8123 	  
95.25 	 2 	  1.8098 	  
95.35 	 2 	  1.8075 	  
95.45 	 2 	  1.8056 	  
95.55 	 2 	  1.8039 	  
95.65 	 2 	  1.8025 	  
95.75 	 2 	  1.8015 	  
95.85 	 2 	  1.8007 	  
95.95 	 2 	  1.8002 	  
96.05 	 2 	  1.8 	  
96.15 	 2 	  1.8001 	  
96.25 	 2 	  1.8005 	  
96.35 	 2 	  1.8012 	  
96.45 	 2 	  1.8023 	  
96.55 	 2 	  1.8036 	  
96.65 	 2 	  1.8052 	  
96.75 	 2 	  1.8071 	  
96.85 	 2 	  1.8092 	  
96.95 	 2 	  1.8117 	  
97.05 	 2 	  1.8145 	  
97.15 	 2 	  1.8175 	  
97.25 	 2 	  1.8208 	  
97.35 	 2 	  1.8244 	  
97.45 	 2 	  1.8282 	  
97.55 	 2 	  1.8323 	  
97.65 	 2 	  1.8366 	  
97.75 	 2 	  1.8412 	  
97.85 	 2 	  1.8461 	  
97.95 	 2 	  1.8511 	  
98.05 	 2 	  1.8564 	  
98.15 	 2 	  1.8619 	  
98.25 	 2 	  1.8676 	  
98.35 	 2 	  1.8735 	  
98.45 	 2 	  1.8796 	  
98.55 	 2 	  1.8859 	  
98.65 	 2 	  1.8923 	  
98.75 	 2 	  1.8989 	  
98.85 	 2 	  1.9057 	  
98.95 	 2 	  1.9126 	  
99.05 	 2 	  1.9196 	  
99.15 	 2 	  1.9268 	  
99.25 	 2 	  1.934 	  
99.35 	 2 	  1.9414 	  
99.45 	 2 	  1.9488 	  
99.55 	 2 	  1.9564 	  
99.65 	 1.9999 	  1.9639 	  
99.75 	 1.9999 	  1.9716 	  
99.85 	 1.9999 	  1.9793 	  
99.95 	 1.9999 	  1.987 	  
100.05 	 1.9999 	  1.9947 	  
100.15 	 1.9999 	  2.0025 	  
100.25 	 1.9999 	  2.0102 	  
100.35 	 1.9999 	  2.0179 	  
100.45 	 1.9999 	  2.0256 	  
100.55 	 1.9999 	  2.0333 	  
100.65 	 1.9999 	  2.0409 	  
100.75 	 1.9999 	  2.0484 	  
100.85 	 1.9999 	  2.0559 	  
100.95 	 1.9999 	  2.0633 	  
101.05 	 1.9999 	  2.0706 	  
101.15 	 1.9999 	  2.0778 	  
101.25 	 1.9999 	  2.0849 	  
101.35 	 1.9999 	  2.0918 	  
101.45 	 1.9999 	  2.0986 	  
101.55 	 1.9999 	  2.1053 	  
101.65 	 1.9999 	  2.1118 	  
101.75 	 1.9999 	  2.1181 	  
101.85 	 1.9999 	  2.1243 	  
101.95 	 1.9999 	  2.1303 	  
102.05 	 1.9999 	  2.136 	  
102.15 	 1.9999 	  2.1416 	  
102.25 	 1.9999 	  2.147 	  
102.35 	 1.9999 	  2.1521 	  
102.45 	 1.9999 	  2.157 	  
102.55 	 1.9999 	  2.1617 	  
102.65 	 1.9999 	  2.1661 	  
102.75 	 1.9999 	  2.1703 	  
102.85 	 1.9999 	  2.1743 	  
102.95 	 1.9999 	  2.1779 	  
103.05 	 1.9999 	  2.1813 	  
103.15 	 1.9999 	  2.1845 	  
103.25 	 1.9999 	  2.1873 	  
103.35 	 1.9999 	  2.1899 	  
103.45 	 1.9999 	  2.1922 	  
103.55 	 1.9999 	  2.1942 	  
103.65 	 1.9999 	  2.1959 	  
103.75 	 1.9999 	  2.1973 	  
103.85 	 1.9999 	  2.1984 	  
103.95 	 1.9999 	  2.1992 	  
104.05 	 1.9999 	  2.1998 	  
104.15 	 1.9999 	  2.2 	  
104.25 	 1.9999 	  2.1999 	  
104.35 	 1.9999 	  2.1995 	  
104.45 	 1.9999 	  2.1989 	  
104.55 	 1.9999 	  2.1979 	  
104.65 	 1.9999 	  2.1966 	  
104.75 	 1.9999 	  2.1951 	  
104.85 	 1.9999 	  2.1932 	  
104.95 	 1.9999 	  2.1911 	  
105.05 	 1.9999 	  2.1886 	  
105.15 	 1.9999 	  2.1859 	  
105.25 	 1.9998 	  2.1829 	  
105.35 	 1.9998 	  2.1796 	  
105.45 	 1.9998 	  2.1761 	  
105.55 	 1.9998 	  2.1723 	  
105.65 	 1.9998 	  2.1682 	  
105.75 	 1.9998 	  2.1639 	  
105.85 	 1.9998 	  2.1594 	  
105.95 	 1.9998 	  2.1546 	  
106.05 	 1.9998 	  2.1495 	  
106.15 	 1.9998 	  2.1443 	  
106.25 	 1.9998 	  2.1388 	  
106.35 	 1.9998 	  2.1331 	  
106.45 	 1.9998 	  2.1273 	  
106.55 	 1.9998 	  2.1212 	  
106.65 	 1.9998 	  2.1149 	  
106.75 	 1.9998 	  2.1085 	  
106.85 	 1.9998 	  2.1019 	  
106.95 	 1.9998 	  2.0952 	  
107.05 	 1.9999 	  2.0883 	  
107.15 	 1.9999 	  2.0813 	  
107.25 	 1.9999 	  2.0742 	  
107.35 	 1.9999 	  2.0669 	  
107.45 	 1.9999 	  2.0596 	  
107.55 	 1.9999 	  2.0521 	  
107.65 	 1.9999 	  2.0446 	  
107.75 	 1.9999 	  2.037 	  
107.85 	 1.9999 	  2.0294 	  
107.95 	 1.9999 	  2.0217 	  
108.05 	 1.9999 	  2.014 	  
108.15 	 1.9999 	  2.0063 	  
108.25 	 1.9999 	  1.9985 	  
108.35 	 2 	  1.9908 	  
108.45 	 2 	  1.9831 	  
108.55 	 2 	  1.9754 	  
108.65 	 2 	  1.9677 	  
108.75 	 2 	  1.9601 	  
108.85 	 2 	  1.9525 	  
108.95 	 2 	  1.945 	  
