simtime:  7.1838
number of wsf-lines:  1

line_No     y_coord
1	 1.5
2	  Wave Theory 


X 1	 P 1 	 	 	 	 W 1

0.05 	 2.1942 	  2.1928 	  
0.15 	 2.1958 	  2.1947 	  
0.25 	 2.1972 	  2.1963 	  
0.35 	 2.1983 	  2.1977 	  
0.45 	 2.1991 	  2.1987 	  
0.55 	 2.1996 	  2.1994 	  
0.65 	 2.1998 	  2.1999 	  
0.75 	 2.1997 	  2.2 	  
0.85 	 2.1994 	  2.1998 	  
0.95 	 2.1987 	  2.1994 	  
1.05 	 2.1978 	  2.1986 	  
1.15 	 2.1965 	  2.1976 	  
1.25 	 2.195 	  2.1962 	  
1.35 	 2.1932 	  2.1945 	  
1.45 	 2.1911 	  2.1926 	  
1.55 	 2.1888 	  2.1904 	  
1.65 	 2.1861 	  2.1879 	  
1.75 	 2.1832 	  2.1851 	  
1.85 	 2.18 	  2.182 	  
1.95 	 2.1765 	  2.1786 	  
2.05 	 2.1728 	  2.175 	  
2.15 	 2.1688 	  2.1711 	  
2.25 	 2.1646 	  2.167 	  
2.35 	 2.1602 	  2.1626 	  
2.45 	 2.1554 	  2.158 	  
2.55 	 2.1505 	  2.1531 	  
2.65 	 2.1453 	  2.148 	  
2.75 	 2.14 	  2.1427 	  
2.85 	 2.1344 	  2.1372 	  
2.95 	 2.1286 	  2.1314 	  
3.05 	 2.1226 	  2.1255 	  
3.15 	 2.1164 	  2.1194 	  
3.25 	 2.11 	  2.1131 	  
3.35 	 2.1035 	  2.1066 	  
3.45 	 2.0968 	  2.1 	  
3.55 	 2.09 	  2.0932 	  
3.65 	 2.083 	  2.0863 	  
3.75 	 2.0759 	  2.0792 	  
3.85 	 2.0687 	  2.0721 	  
3.95 	 2.0614 	  2.0648 	  
4.05 	 2.0539 	  2.0574 	  
4.15 	 2.0464 	  2.05 	  
4.25 	 2.0388 	  2.0424 	  
4.35 	 2.0312 	  2.0348 	  
4.45 	 2.0235 	  2.0272 	  
4.55 	 2.0157 	  2.0195 	  
4.65 	 2.0079 	  2.0118 	  
4.75 	 2.0001 	  2.004 	  
4.85 	 1.9923 	  1.9963 	  
4.95 	 1.9845 	  1.9885 	  
5.05 	 1.9767 	  1.9808 	  
5.15 	 1.969 	  1.9731 	  
5.25 	 1.9613 	  1.9655 	  
5.35 	 1.9536 	  1.9579 	  
5.45 	 1.946 	  1.9503 	  
5.55 	 1.9385 	  1.9429 	  
5.65 	 1.931 	  1.9355 	  
5.75 	 1.9237 	  1.9282 	  
5.85 	 1.9165 	  1.921 	  
5.95 	 1.9094 	  1.914 	  
6.05 	 1.9024 	  1.9071 	  
6.15 	 1.8956 	  1.9003 	  
6.25 	 1.889 	  1.8936 	  
6.35 	 1.8825 	  1.8872 	  
6.45 	 1.8762 	  1.8808 	  
6.55 	 1.87 	  1.8747 	  
6.65 	 1.8641 	  1.8688 	  
6.75 	 1.8584 	  1.863 	  
6.85 	 1.8529 	  1.8575 	  
6.95 	 1.8477 	  1.8522 	  
7.05 	 1.8427 	  1.8471 	  
7.15 	 1.8379 	  1.8422 	  
7.25 	 1.8334 	  1.8376 	  
7.35 	 1.8292 	  1.8332 	  
7.45 	 1.8252 	  1.829 	  
7.55 	 1.8216 	  1.8251 	  
7.65 	 1.8182 	  1.8215 	  
7.75 	 1.8151 	  1.8181 	  
7.85 	 1.8123 	  1.8151 	  
7.95 	 1.8098 	  1.8122 	  
8.05 	 1.8076 	  1.8097 	  
8.15 	 1.8057 	  1.8075 	  
8.25 	 1.8041 	  1.8055 	  
8.35 	 1.8028 	  1.8039 	  
8.45 	 1.8019 	  1.8025 	  
8.55 	 1.8013 	  1.8014 	  
8.65 	 1.8009 	  1.8007 	  
8.75 	 1.8009 	  1.8002 	  
8.85 	 1.8012 	  1.8 	  
8.95 	 1.8019 	  1.8001 	  
9.05 	 1.8028 	  1.8006 	  
9.15 	 1.804 	  1.8013 	  
9.25 	 1.8056 	  1.8023 	  
9.35 	 1.8074 	  1.8036 	  
9.45 	 1.8095 	  1.8052 	  
9.55 	 1.812 	  1.8071 	  
9.65 	 1.8147 	  1.8093 	  
9.75 	 1.8177 	  1.8118 	  
9.85 	 1.8209 	  1.8146 	  
9.95 	 1.8244 	  1.8176 	  
10.05 	 1.8281 	  1.8209 	  
10.15 	 1.8321 	  1.8245 	  
10.25 	 1.8363 	  1.8283 	  
10.35 	 1.8408 	  1.8324 	  
10.45 	 1.8454 	  1.8368 	  
10.55 	 1.8503 	  1.8414 	  
10.65 	 1.8554 	  1.8462 	  
10.75 	 1.8606 	  1.8513 	  
10.85 	 1.8661 	  1.8566 	  
10.95 	 1.8717 	  1.8621 	  
11.05 	 1.8774 	  1.8678 	  
11.15 	 1.8833 	  1.8737 	  
11.25 	 1.8894 	  1.8798 	  
11.35 	 1.8956 	  1.8861 	  
11.45 	 1.9019 	  1.8925 	  
11.55 	 1.9083 	  1.8992 	  
11.65 	 1.9148 	  1.9059 	  
11.75 	 1.9214 	  1.9128 	  
11.85 	 1.9281 	  1.9199 	  
11.95 	 1.9348 	  1.927 	  
12.05 	 1.9415 	  1.9343 	  
12.15 	 1.9483 	  1.9416 	  
12.25 	 1.9552 	  1.9491 	  
12.35 	 1.962 	  1.9566 	  
12.45 	 1.9689 	  1.9642 	  
12.55 	 1.9758 	  1.9718 	  
12.65 	 1.9826 	  1.9795 	  
12.75 	 1.9895 	  1.9872 	  
12.85 	 1.9963 	  1.995 	  
12.95 	 2.0031 	  2.0027 	  
13.05 	 2.0098 	  2.0105 	  
13.15 	 2.0165 	  2.0182 	  
13.25 	 2.023 	  2.0259 	  
13.35 	 2.0296 	  2.0335 	  
13.45 	 2.036 	  2.0412 	  
13.55 	 2.0424 	  2.0487 	  
13.65 	 2.0487 	  2.0562 	  
13.75 	 2.0549 	  2.0636 	  
13.85 	 2.0611 	  2.0709 	  
13.95 	 2.0672 	  2.078 	  
14.05 	 2.0732 	  2.0851 	  
14.15 	 2.0791 	  2.0921 	  
14.25 	 2.085 	  2.0989 	  
14.35 	 2.0907 	  2.1055 	  
14.45 	 2.0963 	  2.112 	  
14.55 	 2.1018 	  2.1184 	  
14.65 	 2.1072 	  2.1245 	  
14.75 	 2.1125 	  2.1305 	  
14.85 	 2.1176 	  2.1362 	  
14.95 	 2.1227 	  2.1418 	  
15.05 	 2.1277 	  2.1472 	  
15.15 	 2.1325 	  2.1523 	  
15.25 	 2.1373 	  2.1572 	  
15.35 	 2.142 	  2.1619 	  
15.45 	 2.1466 	  2.1663 	  
15.55 	 2.1512 	  2.1705 	  
15.65 	 2.1558 	  2.1744 	  
15.75 	 2.1605 	  2.1781 	  
15.85 	 2.1652 	  2.1814 	  
15.95 	 2.17 	  2.1846 	  
16.05 	 2.1748 	  2.1874 	  
16.15 	 2.1797 	  2.19 	  
16.25 	 2.1846 	  2.1923 	  
16.35 	 2.1897 	  2.1942 	  
16.45 	 2.1949 	  2.1959 	  
16.55 	 2.2002 	  2.1973 	  
16.65 	 2.2056 	  2.1985 	  
16.75 	 2.211 	  2.1993 	  
16.85 	 2.2162 	  2.1998 	  
16.95 	 2.2212 	  2.2 	  
17.05 	 2.2259 	  2.1999 	  
17.15 	 2.2302 	  2.1995 	  
17.25 	 2.2341 	  2.1988 	  
17.35 	 2.2372 	  2.1979 	  
17.45 	 2.2397 	  2.1966 	  
17.55 	 2.2414 	  2.195 	  
17.65 	 2.2421 	  2.1931 	  
17.75 	 2.242 	  2.191 	  
17.85 	 2.241 	  2.1885 	  
17.95 	 2.239 	  2.1858 	  
18.05 	 2.236 	  2.1828 	  
18.15 	 2.232 	  2.1795 	  
18.25 	 2.2271 	  2.176 	  
18.35 	 2.2213 	  2.1722 	  
18.45 	 2.2145 	  2.1681 	  
18.55 	 2.2069 	  2.1638 	  
18.65 	 2.1985 	  2.1592 	  
18.75 	 2.1893 	  2.1544 	  
18.85 	 2.1794 	  2.1494 	  
18.95 	 2.1688 	  2.1441 	  
19.05 	 2.1577 	  2.1386 	  
19.15 	 2.146 	  2.1329 	  
19.25 	 2.1339 	  2.1271 	  
19.35 	 2.1214 	  2.121 	  
19.45 	 2.1087 	  2.1147 	  
19.55 	 2.0957 	  2.1083 	  
19.65 	 2.0827 	  2.1017 	  
19.75 	 2.0698 	  2.095 	  
19.85 	 2.057 	  2.0881 	  
19.95 	 2.0445 	  2.0811 	  
20.05 	 2.0323 	  2.0739 	  
20.15 	 2.0205 	  2.0667 	  
20.25 	 2.0092 	  2.0593 	  
20.35 	 1.9983 	  2.0519 	  
20.45 	 1.988 	  2.0444 	  
20.55 	 1.9783 	  2.0368 	  
20.65 	 1.9691 	  2.0291 	  
20.75 	 1.9606 	  2.0215 	  
20.85 	 1.9528 	  2.0137 	  
20.95 	 1.9455 	  2.006 	  
21.05 	 1.9389 	  1.9983 	  
21.15 	 1.9328 	  1.9905 	  
21.25 	 1.9273 	  1.9828 	  
21.35 	 1.9224 	  1.9751 	  
21.45 	 1.9179 	  1.9674 	  
21.55 	 1.9139 	  1.9598 	  
21.65 	 1.9103 	  1.9523 	  
21.75 	 1.907 	  1.9448 	  
21.85 	 1.9041 	  1.9374 	  
21.95 	 1.9015 	  1.9301 	  
22.05 	 1.8992 	  1.9229 	  
22.15 	 1.8971 	  1.9158 	  
22.25 	 1.8951 	  1.9088 	  
22.35 	 1.8933 	  1.902 	  
22.45 	 1.8915 	  1.8953 	  
22.55 	 1.8898 	  1.8888 	  
22.65 	 1.8882 	  1.8825 	  
22.75 	 1.8866 	  1.8763 	  
22.85 	 1.8849 	  1.8703 	  
22.95 	 1.8833 	  1.8645 	  
23.05 	 1.8816 	  1.8589 	  
23.15 	 1.8798 	  1.8535 	  
23.25 	 1.8779 	  1.8484 	  
23.35 	 1.876 	  1.8434 	  
23.45 	 1.8741 	  1.8387 	  
23.55 	 1.8721 	  1.8343 	  
23.65 	 1.87 	  1.8301 	  
23.75 	 1.8678 	  1.8261 	  
23.85 	 1.8657 	  1.8224 	  
23.95 	 1.8635 	  1.819 	  
24.05 	 1.8613 	  1.8158 	  
24.15 	 1.8591 	  1.8129 	  
24.25 	 1.8569 	  1.8103 	  
24.35 	 1.8547 	  1.808 	  
24.45 	 1.8526 	  1.806 	  
24.55 	 1.8506 	  1.8043 	  
24.65 	 1.8486 	  1.8028 	  
24.75 	 1.8468 	  1.8017 	  
24.85 	 1.845 	  1.8008 	  
24.95 	 1.8434 	  1.8003 	  
25.05 	 1.842 	  1.8 	  
25.15 	 1.8407 	  1.8001 	  
25.25 	 1.8396 	  1.8004 	  
25.35 	 1.8387 	  1.8011 	  
25.45 	 1.8379 	  1.802 	  
25.55 	 1.8374 	  1.8032 	  
25.65 	 1.8371 	  1.8048 	  
25.75 	 1.8371 	  1.8066 	  
25.85 	 1.8373 	  1.8087 	  
25.95 	 1.8378 	  1.8111 	  
26.05 	 1.8385 	  1.8138 	  
26.15 	 1.8395 	  1.8168 	  
26.25 	 1.8407 	  1.82 	  
26.35 	 1.8422 	  1.8236 	  
26.45 	 1.844 	  1.8273 	  
26.55 	 1.8461 	  1.8314 	  
26.65 	 1.8484 	  1.8357 	  
26.75 	 1.851 	  1.8402 	  
26.85 	 1.8539 	  1.845 	  
26.95 	 1.857 	  1.85 	  
27.05 	 1.8605 	  1.8552 	  
27.15 	 1.8642 	  1.8607 	  
27.25 	 1.8681 	  1.8663 	  
27.35 	 1.8724 	  1.8722 	  
27.45 	 1.8769 	  1.8782 	  
27.55 	 1.8817 	  1.8845 	  
27.65 	 1.8867 	  1.8909 	  
27.75 	 1.892 	  1.8974 	  
27.85 	 1.8975 	  1.9042 	  
27.95 	 1.9033 	  1.911 	  
28.05 	 1.9093 	  1.918 	  
28.15 	 1.9155 	  1.9252 	  
28.25 	 1.9219 	  1.9324 	  
28.35 	 1.9286 	  1.9397 	  
28.45 	 1.9354 	  1.9472 	  
28.55 	 1.9423 	  1.9547 	  
28.65 	 1.9495 	  1.9622 	  
28.75 	 1.9568 	  1.9699 	  
28.85 	 1.9642 	  1.9776 	  
28.95 	 1.9718 	  1.9853 	  
29.05 	 1.9795 	  1.993 	  
29.15 	 1.9872 	  2.0007 	  
29.25 	 1.9951 	  2.0085 	  
29.35 	 2.003 	  2.0162 	  
29.45 	 2.011 	  2.0239 	  
29.55 	 2.019 	  2.0316 	  
29.65 	 2.027 	  2.0392 	  
29.75 	 2.035 	  2.0468 	  
29.85 	 2.0429 	  2.0543 	  
29.95 	 2.0509 	  2.0617 	  
30.05 	 2.0589 	  2.069 	  
30.15 	 2.0667 	  2.0762 	  
30.25 	 2.0745 	  2.0833 	  
30.35 	 2.0821 	  2.0903 	  
30.45 	 2.0896 	  2.0971 	  
30.55 	 2.0969 	  2.1038 	  
30.65 	 2.104 	  2.1104 	  
30.75 	 2.1108 	  2.1167 	  
30.85 	 2.1175 	  2.1229 	  
30.95 	 2.1238 	  2.129 	  
31.05 	 2.1299 	  2.1348 	  
31.15 	 2.1357 	  2.1404 	  
31.25 	 2.1411 	  2.1458 	  
31.35 	 2.1462 	  2.151 	  
31.45 	 2.1509 	  2.156 	  
31.55 	 2.1553 	  2.1607 	  
31.65 	 2.1593 	  2.1652 	  
31.75 	 2.1629 	  2.1694 	  
31.85 	 2.1662 	  2.1734 	  
31.95 	 2.169 	  2.1771 	  
32.05 	 2.1715 	  2.1806 	  
32.15 	 2.1736 	  2.1838 	  
32.25 	 2.1754 	  2.1867 	  
32.35 	 2.1767 	  2.1893 	  
32.45 	 2.1777 	  2.1917 	  
32.55 	 2.1783 	  2.1938 	  
32.65 	 2.1785 	  2.1955 	  
32.75 	 2.1784 	  2.197 	  
32.85 	 2.1779 	  2.1982 	  
32.95 	 2.1771 	  2.1991 	  
33.05 	 2.176 	  2.1997 	  
33.15 	 2.1747 	  2.2 	  
33.25 	 2.173 	  2.2 	  
33.35 	 2.171 	  2.1996 	  
33.45 	 2.1688 	  2.199 	  
33.55 	 2.1664 	  2.1981 	  
33.65 	 2.1638 	  2.1969 	  
33.75 	 2.1609 	  2.1954 	  
33.85 	 2.1579 	  2.1936 	  
33.95 	 2.1547 	  2.1916 	  
34.05 	 2.1514 	  2.1892 	  
34.15 	 2.1479 	  2.1865 	  
34.25 	 2.1443 	  2.1836 	  
34.35 	 2.1406 	  2.1804 	  
34.45 	 2.1368 	  2.1769 	  
34.55 	 2.133 	  2.1732 	  
34.65 	 2.1291 	  2.1692 	  
34.75 	 2.1251 	  2.1649 	  
34.85 	 2.1211 	  2.1604 	  
34.95 	 2.1171 	  2.1557 	  
35.05 	 2.113 	  2.1507 	  
35.15 	 2.109 	  2.1455 	  
35.25 	 2.105 	  2.1401 	  
35.35 	 2.101 	  2.1344 	  
35.45 	 2.097 	  2.1286 	  
35.55 	 2.093 	  2.1226 	  
35.65 	 2.0891 	  2.1163 	  
35.75 	 2.0852 	  2.11 	  
35.85 	 2.0814 	  2.1034 	  
35.95 	 2.0776 	  2.0967 	  
36.05 	 2.0739 	  2.0899 	  
36.15 	 2.0703 	  2.0829 	  
36.25 	 2.0667 	  2.0758 	  
36.35 	 2.0632 	  2.0685 	  
36.45 	 2.0598 	  2.0612 	  
36.55 	 2.0564 	  2.0538 	  
36.65 	 2.0532 	  2.0463 	  
36.75 	 2.05 	  2.0387 	  
36.85 	 2.047 	  2.0311 	  
36.95 	 2.044 	  2.0234 	  
37.05 	 2.0411 	  2.0157 	  
37.15 	 2.0383 	  2.008 	  
37.25 	 2.0356 	  2.0003 	  
37.35 	 2.033 	  1.9925 	  
37.45 	 2.0304 	  1.9848 	  
37.55 	 2.028 	  1.9771 	  
37.65 	 2.0256 	  1.9694 	  
37.75 	 2.0234 	  1.9618 	  
37.85 	 2.0212 	  1.9542 	  
37.95 	 2.0191 	  1.9467 	  
38.05 	 2.0171 	  1.9393 	  
38.15 	 2.0152 	  1.9319 	  
38.25 	 2.0133 	  1.9247 	  
38.35 	 2.0115 	  1.9176 	  
38.45 	 2.0099 	  1.9106 	  
38.55 	 2.0082 	  1.9037 	  
38.65 	 2.0067 	  1.897 	  
38.75 	 2.0052 	  1.8905 	  
38.85 	 2.0039 	  1.8841 	  
38.95 	 2.0025 	  1.8778 	  
39.05 	 2.0013 	  1.8718 	  
39.15 	 2.0001 	  1.866 	  
39.25 	 1.999 	  1.8603 	  
39.35 	 1.9979 	  1.8549 	  
39.45 	 1.9969 	  1.8497 	  
39.55 	 1.996 	  1.8447 	  
39.65 	 1.9951 	  1.8399 	  
39.75 	 1.9942 	  1.8354 	  
39.85 	 1.9935 	  1.8311 	  
39.95 	 1.9927 	  1.8271 	  
40.05 	 1.9921 	  1.8233 	  
40.15 	 1.9914 	  1.8198 	  
40.25 	 1.9908 	  1.8166 	  
40.35 	 1.9903 	  1.8137 	  
40.45 	 1.9898 	  1.811 	  
40.55 	 1.9893 	  1.8086 	  
40.65 	 1.9889 	  1.8065 	  
40.75 	 1.9885 	  1.8047 	  
40.85 	 1.9882 	  1.8032 	  
40.95 	 1.9879 	  1.8019 	  
41.05 	 1.9876 	  1.801 	  
41.15 	 1.9873 	  1.8004 	  
41.25 	 1.9871 	  1.8001 	  
41.35 	 1.9869 	  1.8 	  
41.45 	 1.9867 	  1.8003 	  
41.55 	 1.9866 	  1.8009 	  
41.65 	 1.9865 	  1.8017 	  
41.75 	 1.9864 	  1.8029 	  
41.85 	 1.9863 	  1.8044 	  
41.95 	 1.9863 	  1.8061 	  
42.05 	 1.9862 	  1.8082 	  
42.15 	 1.9862 	  1.8105 	  
42.25 	 1.9862 	  1.8131 	  
42.35 	 1.9863 	  1.816 	  
42.45 	 1.9863 	  1.8192 	  
42.55 	 1.9863 	  1.8226 	  
42.65 	 1.9864 	  1.8263 	  
42.75 	 1.9865 	  1.8303 	  
42.85 	 1.9866 	  1.8345 	  
42.95 	 1.9867 	  1.839 	  
43.05 	 1.9868 	  1.8437 	  
43.15 	 1.9869 	  1.8487 	  
43.25 	 1.987 	  1.8538 	  
43.35 	 1.9872 	  1.8592 	  
43.45 	 1.9873 	  1.8648 	  
43.55 	 1.9875 	  1.8707 	  
43.65 	 1.9876 	  1.8767 	  
43.75 	 1.9878 	  1.8828 	  
43.85 	 1.988 	  1.8892 	  
43.95 	 1.9881 	  1.8957 	  
44.05 	 1.9883 	  1.9024 	  
44.15 	 1.9885 	  1.9093 	  
44.25 	 1.9887 	  1.9162 	  
44.35 	 1.9889 	  1.9233 	  
44.45 	 1.9891 	  1.9305 	  
44.55 	 1.9893 	  1.9378 	  
44.65 	 1.9895 	  1.9452 	  
44.75 	 1.9896 	  1.9527 	  
44.85 	 1.9898 	  1.9603 	  
44.95 	 1.99 	  1.9679 	  
45.05 	 1.9902 	  1.9756 	  
45.15 	 1.9904 	  1.9833 	  
45.25 	 1.9906 	  1.991 	  
45.35 	 1.9908 	  1.9987 	  
45.45 	 1.991 	  2.0065 	  
45.55 	 1.9912 	  2.0142 	  
45.65 	 1.9914 	  2.0219 	  
45.75 	 1.9916 	  2.0296 	  
45.85 	 1.9918 	  2.0373 	  
45.95 	 1.992 	  2.0448 	  
46.05 	 1.9922 	  2.0523 	  
46.15 	 1.9924 	  2.0598 	  
46.25 	 1.9925 	  2.0671 	  
46.35 	 1.9927 	  2.0744 	  
46.45 	 1.9929 	  2.0815 	  
46.55 	 1.9931 	  2.0885 	  
46.65 	 1.9933 	  2.0954 	  
46.75 	 1.9934 	  2.1021 	  
46.85 	 1.9936 	  2.1087 	  
46.95 	 1.9938 	  2.1151 	  
47.05 	 1.9939 	  2.1214 	  
47.15 	 1.9941 	  2.1274 	  
47.25 	 1.9943 	  2.1333 	  
47.35 	 1.9944 	  2.139 	  
47.45 	 1.9946 	  2.1444 	  
47.55 	 1.9947 	  2.1497 	  
47.65 	 1.9949 	  2.1547 	  
47.75 	 1.995 	  2.1595 	  
47.85 	 1.9952 	  2.164 	  
47.95 	 1.9953 	  2.1684 	  
48.05 	 1.9954 	  2.1724 	  
48.15 	 1.9956 	  2.1762 	  
48.25 	 1.9957 	  2.1797 	  
48.35 	 1.9958 	  2.183 	  
48.45 	 1.9959 	  2.186 	  
48.55 	 1.9961 	  2.1887 	  
48.65 	 1.9962 	  2.1911 	  
48.75 	 1.9963 	  2.1933 	  
48.85 	 1.9964 	  2.1951 	  
48.95 	 1.9965 	  2.1967 	  
49.05 	 1.9966 	  2.1979 	  
49.15 	 1.9967 	  2.1989 	  
49.25 	 1.9968 	  2.1996 	  
49.35 	 1.9969 	  2.1999 	  
49.45 	 1.997 	  2.2 	  
49.55 	 1.9971 	  2.1998 	  
49.65 	 1.9972 	  2.1992 	  
49.75 	 1.9973 	  2.1984 	  
49.85 	 1.9974 	  2.1973 	  
49.95 	 1.9975 	  2.1958 	  
50.05 	 1.9976 	  2.1941 	  
50.15 	 1.9976 	  2.1921 	  
50.25 	 1.9977 	  2.1898 	  
50.35 	 1.9978 	  2.1872 	  
50.45 	 1.9979 	  2.1844 	  
50.55 	 1.9979 	  2.1812 	  
50.65 	 1.998 	  2.1778 	  
50.75 	 1.9981 	  2.1742 	  
50.85 	 1.9981 	  2.1702 	  
50.95 	 1.9982 	  2.166 	  
51.05 	 1.9983 	  2.1616 	  
51.15 	 1.9983 	  2.1569 	  
51.25 	 1.9984 	  2.152 	  
51.35 	 1.9984 	  2.1468 	  
51.45 	 1.9985 	  2.1415 	  
51.55 	 1.9985 	  2.1359 	  
51.65 	 1.9986 	  2.1301 	  
51.75 	 1.9986 	  2.1241 	  
51.85 	 1.9987 	  2.118 	  
51.95 	 1.9987 	  2.1116 	  
52.05 	 1.9988 	  2.1051 	  
52.15 	 1.9988 	  2.0984 	  
52.25 	 1.9989 	  2.0916 	  
52.35 	 1.9989 	  2.0847 	  
52.45 	 1.9989 	  2.0776 	  
52.55 	 1.999 	  2.0704 	  
52.65 	 1.999 	  2.0631 	  
52.75 	 1.9991 	  2.0557 	  
52.85 	 1.9991 	  2.0482 	  
52.95 	 1.9991 	  2.0407 	  
53.05 	 1.9992 	  2.0331 	  
53.15 	 1.9992 	  2.0254 	  
53.25 	 1.9992 	  2.0177 	  
53.35 	 1.9992 	  2.01 	  
53.45 	 1.9993 	  2.0022 	  
53.55 	 1.9993 	  1.9945 	  
53.65 	 1.9993 	  1.9868 	  
53.75 	 1.9994 	  1.9791 	  
53.85 	 1.9994 	  1.9714 	  
53.95 	 1.9994 	  1.9637 	  
54.05 	 1.9994 	  1.9561 	  
54.15 	 1.9995 	  1.9486 	  
54.25 	 1.9995 	  1.9412 	  
54.35 	 1.9995 	  1.9338 	  
54.45 	 1.9995 	  1.9266 	  
54.55 	 1.9995 	  1.9194 	  
54.65 	 1.9996 	  1.9124 	  
54.75 	 1.9996 	  1.9055 	  
54.85 	 1.9996 	  1.8987 	  
54.95 	 1.9996 	  1.8921 	  
55.05 	 1.9996 	  1.8857 	  
55.15 	 1.9997 	  1.8794 	  
55.25 	 1.9997 	  1.8733 	  
55.35 	 1.9997 	  1.8674 	  
55.45 	 1.9997 	  1.8617 	  
55.55 	 1.9997 	  1.8563 	  
55.65 	 1.9997 	  1.851 	  
55.75 	 1.9997 	  1.8459 	  
55.85 	 1.9998 	  1.8411 	  
55.95 	 1.9998 	  1.8365 	  
56.05 	 1.9998 	  1.8322 	  
56.15 	 1.9998 	  1.8281 	  
56.25 	 1.9998 	  1.8243 	  
56.35 	 1.9998 	  1.8207 	  
56.45 	 1.9998 	  1.8174 	  
56.55 	 1.9998 	  1.8144 	  
56.65 	 1.9998 	  1.8116 	  
56.75 	 1.9998 	  1.8092 	  
56.85 	 1.9999 	  1.807 	  
56.95 	 1.9999 	  1.8051 	  
57.05 	 1.9999 	  1.8035 	  
57.15 	 1.9999 	  1.8022 	  
57.25 	 1.9999 	  1.8012 	  
57.35 	 1.9999 	  1.8005 	  
57.45 	 1.9999 	  1.8001 	  
57.55 	 1.9999 	  1.8 	  
57.65 	 1.9999 	  1.8002 	  
57.75 	 1.9999 	  1.8007 	  
57.85 	 1.9999 	  1.8015 	  
57.95 	 1.9999 	  1.8026 	  
58.05 	 1.9999 	  1.804 	  
58.15 	 1.9999 	  1.8056 	  
58.25 	 1.9999 	  1.8076 	  
58.35 	 1.9999 	  1.8099 	  
58.45 	 2 	  1.8124 	  
58.55 	 2 	  1.8152 	  
58.65 	 2 	  1.8183 	  
58.75 	 2 	  1.8217 	  
58.85 	 2 	  1.8254 	  
58.95 	 2 	  1.8293 	  
59.05 	 2 	  1.8334 	  
59.15 	 2 	  1.8378 	  
59.25 	 2 	  1.8425 	  
59.35 	 2 	  1.8474 	  
59.45 	 2 	  1.8525 	  
59.55 	 2 	  1.8578 	  
59.65 	 2 	  1.8634 	  
59.75 	 2 	  1.8691 	  
59.85 	 2 	  1.8751 	  
59.95 	 2 	  1.8812 	  
60.05 	 2 	  1.8876 	  
60.15 	 2 	  1.894 	  
60.25 	 2 	  1.9007 	  
60.35 	 2.0001 	  1.9075 	  
60.45 	 2 	  1.9144 	  
60.55 	 2 	  1.9215 	  
60.65 	 2 	  1.9287 	  
60.75 	 2 	  1.9359 	  
60.85 	 2 	  1.9433 	  
60.95 	 2 	  1.9508 	  
61.05 	 2.0001 	  1.9583 	  
61.15 	 2.0001 	  1.9659 	  
61.25 	 2.0001 	  1.9736 	  
61.35 	 2.0001 	  1.9813 	  
61.45 	 2.0001 	  1.989 	  
61.55 	 2.0002 	  1.9968 	  
61.65 	 2.0001 	  2.0045 	  
61.75 	 2.0001 	  2.0122 	  
61.85 	 2 	  2.02 	  
61.95 	 2 	  2.0276 	  
62.05 	 2.0001 	  2.0353 	  
62.15 	 2 	  2.0429 	  
62.25 	 2 	  2.0504 	  
62.35 	 2 	  2.0579 	  
62.45 	 2 	  2.0652 	  
62.55 	 1.9999 	  2.0725 	  
62.65 	 2 	  2.0797 	  
62.75 	 2 	  2.0867 	  
62.85 	 2 	  2.0936 	  
62.95 	 2 	  2.1004 	  
63.05 	 1.9999 	  2.107 	  
63.15 	 2 	  2.1135 	  
63.25 	 2 	  2.1198 	  
63.35 	 2 	  2.1259 	  
63.45 	 2 	  2.1318 	  
63.55 	 2 	  2.1375 	  
63.65 	 2 	  2.1431 	  
63.75 	 2 	  2.1484 	  
63.85 	 2 	  2.1534 	  
63.95 	 2 	  2.1583 	  
64.05 	 2 	  2.1629 	  
64.15 	 2 	  2.1673 	  
64.25 	 2 	  2.1714 	  
64.35 	 2 	  2.1753 	  
64.45 	 2 	  2.1789 	  
64.55 	 2 	  2.1822 	  
64.65 	 2 	  2.1852 	  
64.75 	 2 	  2.188 	  
64.85 	 2 	  2.1905 	  
64.95 	 2 	  2.1927 	  
65.05 	 2 	  2.1947 	  
65.15 	 2 	  2.1963 	  
65.25 	 2 	  2.1976 	  
65.35 	 2 	  2.1987 	  
65.45 	 2 	  2.1994 	  
65.55 	 2 	  2.1999 	  
65.65 	 2 	  2.2 	  
65.75 	 2 	  2.1998 	  
65.85 	 2 	  2.1994 	  
65.95 	 2 	  2.1986 	  
66.05 	 2 	  2.1976 	  
66.15 	 2 	  2.1962 	  
66.25 	 2 	  2.1946 	  
66.35 	 2 	  2.1927 	  
66.45 	 2 	  2.1904 	  
66.55 	 2 	  2.1879 	  
66.65 	 2 	  2.1851 	  
66.75 	 2 	  2.1821 	  
66.85 	 2 	  2.1787 	  
66.95 	 2 	  2.1751 	  
67.05 	 2 	  2.1713 	  
67.15 	 2 	  2.1671 	  
67.25 	 2 	  2.1627 	  
67.35 	 2 	  2.1581 	  
67.45 	 2 	  2.1533 	  
67.55 	 2 	  2.1482 	  
67.65 	 2 	  2.1429 	  
67.75 	 2 	  2.1373 	  
67.85 	 2 	  2.1316 	  
67.95 	 2 	  2.1257 	  
68.05 	 2 	  2.1196 	  
68.15 	 2 	  2.1133 	  
68.25 	 2 	  2.1068 	  
68.35 	 2 	  2.1002 	  
68.45 	 2 	  2.0934 	  
68.55 	 2 	  2.0865 	  
68.65 	 2 	  2.0794 	  
68.75 	 2 	  2.0723 	  
68.85 	 2 	  2.065 	  
68.95 	 2 	  2.0576 	  
69.05 	 2 	  2.0502 	  
69.15 	 2 	  2.0426 	  
69.25 	 2 	  2.035 	  
69.35 	 2 	  2.0274 	  
69.45 	 2 	  2.0197 	  
69.55 	 2 	  2.012 	  
69.65 	 2 	  2.0042 	  
69.75 	 2 	  1.9965 	  
69.85 	 2 	  1.9888 	  
69.95 	 2 	  1.981 	  
70.05 	 2 	  1.9733 	  
70.15 	 2 	  1.9657 	  
70.25 	 2 	  1.9581 	  
70.35 	 2 	  1.9505 	  
70.45 	 2 	  1.9431 	  
70.55 	 2 	  1.9357 	  
70.65 	 2 	  1.9284 	  
70.75 	 2 	  1.9212 	  
70.85 	 2 	  1.9142 	  
70.95 	 2 	  1.9073 	  
71.05 	 2 	  1.9005 	  
71.15 	 2 	  1.8938 	  
71.25 	 2 	  1.8873 	  
71.35 	 2 	  1.881 	  
71.45 	 2 	  1.8749 	  
71.55 	 2 	  1.8689 	  
71.65 	 2 	  1.8632 	  
71.75 	 2 	  1.8576 	  
71.85 	 2 	  1.8523 	  
71.95 	 2 	  1.8472 	  
72.05 	 2 	  1.8423 	  
72.15 	 2 	  1.8377 	  
72.25 	 2 	  1.8333 	  
72.35 	 2 	  1.8291 	  
72.45 	 2 	  1.8252 	  
72.55 	 2 	  1.8216 	  
72.65 	 2 	  1.8182 	  
72.75 	 2 	  1.8151 	  
72.85 	 2 	  1.8123 	  
72.95 	 2 	  1.8098 	  
73.05 	 2 	  1.8075 	  
73.15 	 2 	  1.8056 	  
73.25 	 2 	  1.8039 	  
73.35 	 2 	  1.8025 	  
73.45 	 2 	  1.8014 	  
73.55 	 2 	  1.8007 	  
73.65 	 2 	  1.8002 	  
73.75 	 2 	  1.8 	  
73.85 	 2 	  1.8001 	  
73.95 	 2 	  1.8005 	  
74.05 	 2 	  1.8012 	  
74.15 	 2 	  1.8023 	  
74.25 	 2 	  1.8036 	  
74.35 	 2 	  1.8052 	  
74.45 	 2 	  1.8071 	  
74.55 	 2 	  1.8093 	  
74.65 	 2 	  1.8117 	  
74.75 	 2 	  1.8145 	  
74.85 	 2 	  1.8175 	  
74.95 	 2 	  1.8208 	  
75.05 	 2 	  1.8244 	  
75.15 	 2 	  1.8282 	  
75.25 	 2 	  1.8323 	  
75.35 	 2 	  1.8367 	  
75.45 	 2 	  1.8413 	  
75.55 	 2 	  1.8461 	  
75.65 	 2 	  1.8512 	  
75.75 	 2 	  1.8564 	  
75.85 	 2 	  1.8619 	  
75.95 	 2 	  1.8676 	  
76.05 	 2 	  1.8735 	  
76.15 	 2 	  1.8796 	  
76.25 	 2 	  1.8859 	  
76.35 	 2 	  1.8924 	  
76.45 	 2 	  1.899 	  
76.55 	 2 	  1.9057 	  
76.65 	 2 	  1.9126 	  
76.75 	 2 	  1.9197 	  
76.85 	 2 	  1.9268 	  
76.95 	 2 	  1.9341 	  
77.05 	 2 	  1.9414 	  
77.15 	 2 	  1.9489 	  
77.25 	 2 	  1.9564 	  
77.35 	 2 	  1.964 	  
77.45 	 2 	  1.9716 	  
77.55 	 2 	  1.9793 	  
77.65 	 2 	  1.987 	  
77.75 	 2 	  1.9948 	  
77.85 	 2 	  2.0025 	  
77.95 	 2 	  2.0103 	  
78.05 	 2 	  2.018 	  
78.15 	 2 	  2.0257 	  
78.25 	 2 	  2.0333 	  
78.35 	 2 	  2.0409 	  
78.45 	 2 	  2.0485 	  
78.55 	 2 	  2.056 	  
78.65 	 2 	  2.0634 	  
78.75 	 2 	  2.0707 	  
78.85 	 2 	  2.0778 	  
78.95 	 2 	  2.0849 	  
79.05 	 2 	  2.0919 	  
79.15 	 2 	  2.0987 	  
79.25 	 2 	  2.1053 	  
79.35 	 2 	  2.1118 	  
79.45 	 2 	  2.1182 	  
79.55 	 2 	  2.1243 	  
79.65 	 2 	  2.1303 	  
79.75 	 2 	  2.1361 	  
79.85 	 2 	  2.1417 	  
79.95 	 2 	  2.147 	  
80.05 	 2 	  2.1522 	  
80.15 	 2 	  2.1571 	  
80.25 	 2 	  2.1617 	  
80.35 	 2 	  2.1662 	  
80.45 	 2 	  2.1704 	  
80.55 	 2 	  2.1743 	  
80.65 	 2 	  2.178 	  
80.75 	 2 	  2.1814 	  
80.85 	 2 	  2.1845 	  
80.95 	 2 	  2.1873 	  
81.05 	 2 	  2.1899 	  
81.15 	 2 	  2.1922 	  
81.25 	 2 	  2.1942 	  
81.35 	 2 	  2.1959 	  
81.45 	 2 	  2.1973 	  
81.55 	 2 	  2.1984 	  
81.65 	 2 	  2.1992 	  
81.75 	 2 	  2.1998 	  
81.85 	 2 	  2.2 	  
81.95 	 2 	  2.1999 	  
82.05 	 2 	  2.1995 	  
82.15 	 2 	  2.1989 	  
82.25 	 2 	  2.1979 	  
82.35 	 2 	  2.1966 	  
82.45 	 2 	  2.195 	  
82.55 	 2 	  2.1932 	  
82.65 	 2 	  2.191 	  
82.75 	 2 	  2.1886 	  
82.85 	 2 	  2.1859 	  
82.95 	 2 	  2.1829 	  
83.05 	 2 	  2.1796 	  
83.15 	 2 	  2.1761 	  
83.25 	 2 	  2.1723 	  
83.35 	 2 	  2.1682 	  
83.45 	 2 	  2.1639 	  
83.55 	 2 	  2.1593 	  
83.65 	 2 	  2.1545 	  
83.75 	 1.9999 	  2.1495 	  
83.85 	 1.9999 	  2.1443 	  
83.95 	 1.9999 	  2.1388 	  
84.05 	 1.9999 	  2.1331 	  
84.15 	 1.9999 	  2.1272 	  
84.25 	 1.9999 	  2.1212 	  
84.35 	 1.9999 	  2.1149 	  
84.45 	 1.9999 	  2.1085 	  
84.55 	 1.9999 	  2.1019 	  
84.65 	 1.9999 	  2.0952 	  
84.75 	 1.9999 	  2.0883 	  
84.85 	 1.9999 	  2.0813 	  
84.95 	 1.9999 	  2.0741 	  
85.05 	 1.9999 	  2.0669 	  
85.15 	 1.9999 	  2.0595 	  
85.25 	 1.9999 	  2.0521 	  
85.35 	 1.9999 	  2.0446 	  
85.45 	 1.9999 	  2.037 	  
85.55 	 1.9999 	  2.0294 	  
85.65 	 1.9999 	  2.0217 	  
85.75 	 1.9999 	  2.014 	  
85.85 	 1.9999 	  2.0062 	  
85.95 	 1.9999 	  1.9985 	  
86.05 	 1.9999 	  1.9907 	  
86.15 	 1.9999 	  1.983 	  
86.25 	 1.9999 	  1.9753 	  
86.35 	 1.9999 	  1.9676 	  
86.45 	 1.9999 	  1.96 	  
86.55 	 1.9999 	  1.9525 	  
86.65 	 1.9999 	  1.945 	  
86.75 	 1.9999 	  1.9376 	  
86.85 	 1.9999 	  1.9303 	  
86.95 	 1.9999 	  1.9231 	  
87.05 	 1.9999 	  1.916 	  
87.15 	 1.9999 	  1.909 	  
87.25 	 1.9999 	  1.9022 	  
87.35 	 1.9999 	  1.8955 	  
87.45 	 1.9999 	  1.889 	  
87.55 	 1.9999 	  1.8826 	  
87.65 	 1.9999 	  1.8764 	  
87.75 	 1.9999 	  1.8705 	  
87.85 	 1.9999 	  1.8647 	  
87.95 	 1.9999 	  1.8591 	  
88.05 	 1.9999 	  1.8537 	  
88.15 	 1.9999 	  1.8485 	  
88.25 	 1.9999 	  1.8436 	  
88.35 	 1.9999 	  1.8388 	  
88.45 	 1.9999 	  1.8344 	  
88.55 	 1.9999 	  1.8302 	  
88.65 	 1.9999 	  1.8262 	  
88.75 	 1.9999 	  1.8225 	  
88.85 	 1.9999 	  1.8191 	  
88.95 	 1.9999 	  1.8159 	  
89.05 	 1.9999 	  1.813 	  
89.15 	 1.9999 	  1.8104 	  
89.25 	 1.9999 	  1.8081 	  
89.35 	 1.9999 	  1.8061 	  
89.45 	 1.9999 	  1.8043 	  
89.55 	 1.9999 	  1.8029 	  
89.65 	 1.9999 	  1.8017 	  
89.75 	 1.9999 	  1.8008 	  
89.85 	 1.9999 	  1.8003 	  
89.95 	 1.9999 	  1.8 	  
90.05 	 1.9999 	  1.8001 	  
90.15 	 1.9999 	  1.8004 	  
90.25 	 1.9999 	  1.801 	  
90.35 	 1.9999 	  1.802 	  
90.45 	 1.9999 	  1.8032 	  
90.55 	 1.9999 	  1.8047 	  
90.65 	 1.9999 	  1.8066 	  
90.75 	 1.9999 	  1.8087 	  
90.85 	 1.9999 	  1.8111 	  
90.95 	 1.9999 	  1.8137 	  
91.05 	 1.9999 	  1.8167 	  
91.15 	 1.9999 	  1.8199 	  
91.25 	 1.9999 	  1.8235 	  
91.35 	 1.9999 	  1.8272 	  
91.45 	 1.9999 	  1.8313 	  
91.55 	 1.9999 	  1.8355 	  
91.65 	 1.9999 	  1.8401 	  
91.75 	 1.9999 	  1.8448 	  
91.85 	 1.9999 	  1.8498 	  
91.95 	 1.9999 	  1.8551 	  
92.05 	 1.9999 	  1.8605 	  
92.15 	 1.9999 	  1.8662 	  
92.25 	 1.9999 	  1.872 	  
92.35 	 1.9999 	  1.8781 	  
92.45 	 1.9999 	  1.8843 	  
92.55 	 1.9999 	  1.8907 	  
92.65 	 1.9999 	  1.8973 	  
92.75 	 1.9999 	  1.904 	  
92.85 	 1.9999 	  1.9108 	  
92.95 	 1.9999 	  1.9178 	  
93.05 	 1.9999 	  1.925 	  
93.15 	 1.9999 	  1.9322 	  
93.25 	 1.9999 	  1.9395 	  
93.35 	 1.9999 	  1.947 	  
93.45 	 1.9999 	  1.9545 	  
93.55 	 1.9999 	  1.962 	  
93.65 	 1.9999 	  1.9697 	  
93.75 	 1.9999 	  1.9773 	  
93.85 	 1.9999 	  1.985 	  
93.95 	 1.9999 	  1.9928 	  
94.05 	 1.9999 	  2.0005 	  
94.15 	 1.9999 	  2.0083 	  
94.25 	 1.9999 	  2.016 	  
94.35 	 1.9999 	  2.0237 	  
94.45 	 1.9999 	  2.0314 	  
94.55 	 1.9999 	  2.039 	  
94.65 	 1.9999 	  2.0466 	  
94.75 	 1.9999 	  2.0541 	  
94.85 	 1.9999 	  2.0615 	  
94.95 	 1.9999 	  2.0688 	  
95.05 	 1.9999 	  2.076 	  
95.15 	 1.9999 	  2.0831 	  
95.25 	 1.9999 	  2.0901 	  
95.35 	 1.9999 	  2.0969 	  
95.45 	 1.9999 	  2.1036 	  
95.55 	 1.9999 	  2.1102 	  
95.65 	 1.9999 	  2.1166 	  
95.75 	 1.9999 	  2.1228 	  
95.85 	 1.9999 	  2.1288 	  
95.95 	 1.9999 	  2.1346 	  
96.05 	 1.9999 	  2.1402 	  
96.15 	 1.9999 	  2.1457 	  
96.25 	 1.9999 	  2.1509 	  
96.35 	 1.9999 	  2.1558 	  
96.45 	 1.9999 	  2.1606 	  
96.55 	 1.9999 	  2.1651 	  
96.65 	 1.9999 	  2.1693 	  
96.75 	 1.9999 	  2.1733 	  
96.85 	 1.9999 	  2.177 	  
96.95 	 1.9999 	  2.1805 	  
97.05 	 1.9999 	  2.1837 	  
97.15 	 1.9999 	  2.1866 	  
97.25 	 1.9999 	  2.1893 	  
97.35 	 1.9999 	  2.1916 	  
97.45 	 1.9999 	  2.1937 	  
97.55 	 1.9999 	  2.1955 	  
97.65 	 1.9999 	  2.197 	  
97.75 	 1.9999 	  2.1982 	  
97.85 	 1.9999 	  2.1991 	  
97.95 	 1.9999 	  2.1997 	  
98.05 	 2 	  2.2 	  
98.15 	 2 	  2.2 	  
98.25 	 2 	  2.1997 	  
98.35 	 2 	  2.1991 	  
98.45 	 2 	  2.1982 	  
98.55 	 2 	  2.197 	  
98.65 	 2 	  2.1955 	  
98.75 	 2 	  2.1937 	  
98.85 	 2 	  2.1916 	  
98.95 	 2 	  2.1893 	  
99.05 	 2 	  2.1866 	  
99.15 	 2 	  2.1837 	  
99.25 	 2 	  2.1805 	  
99.35 	 2 	  2.177 	  
99.45 	 2 	  2.1733 	  
99.55 	 2 	  2.1693 	  
99.65 	 2 	  2.165 	  
99.75 	 2 	  2.1605 	  
99.85 	 2 	  2.1558 	  
99.95 	 2 	  2.1508 	  
100.05 	 2 	  2.1456 	  
100.15 	 2 	  2.1402 	  
100.25 	 2 	  2.1346 	  
100.35 	 2 	  2.1288 	  
100.45 	 2 	  2.1227 	  
100.55 	 2 	  2.1165 	  
100.65 	 2 	  2.1101 	  
100.75 	 2 	  2.1036 	  
100.85 	 2 	  2.0969 	  
100.95 	 2 	  2.0901 	  
101.05 	 2 	  2.0831 	  
101.15 	 1.9999 	  2.076 	  
101.25 	 1.9999 	  2.0687 	  
101.35 	 1.9999 	  2.0614 	  
101.45 	 1.9999 	  2.054 	  
101.55 	 1.9999 	  2.0465 	  
101.65 	 1.9999 	  2.0389 	  
101.75 	 1.9999 	  2.0313 	  
101.85 	 1.9999 	  2.0237 	  
101.95 	 1.9999 	  2.0159 	  
102.05 	 1.9999 	  2.0082 	  
102.15 	 1.9999 	  2.0005 	  
102.25 	 1.9999 	  1.9927 	  
102.35 	 1.9999 	  1.985 	  
102.45 	 1.9999 	  1.9773 	  
102.55 	 1.9999 	  1.9696 	  
102.65 	 1.9999 	  1.962 	  
102.75 	 1.9999 	  1.9544 	  
102.85 	 1.9999 	  1.9469 	  
102.95 	 1.9999 	  1.9395 	  
103.05 	 1.9999 	  1.9321 	  
103.15 	 1.9999 	  1.9249 	  
103.25 	 1.9999 	  1.9178 	  
103.35 	 1.9999 	  1.9108 	  
103.45 	 1.9999 	  1.9039 	  
103.55 	 1.9999 	  1.8972 	  
103.65 	 1.9999 	  1.8906 	  
103.75 	 1.9999 	  1.8842 	  
103.85 	 1.9999 	  1.878 	  
103.95 	 1.9999 	  1.872 	  
104.05 	 1.9999 	  1.8661 	  
104.15 	 1.9999 	  1.8605 	  
104.25 	 1.9999 	  1.855 	  
104.35 	 1.9999 	  1.8498 	  
104.45 	 1.9999 	  1.8448 	  
104.55 	 1.9999 	  1.84 	  
104.65 	 1.9999 	  1.8355 	  
104.75 	 1.9999 	  1.8312 	  
104.85 	 1.9999 	  1.8272 	  
104.95 	 1.9999 	  1.8234 	  
105.05 	 1.9999 	  1.8199 	  
105.15 	 1.9999 	  1.8167 	  
105.25 	 1.9999 	  1.8137 	  
105.35 	 1.9999 	  1.8111 	  
105.45 	 1.9999 	  1.8087 	  
105.55 	 1.9999 	  1.8065 	  
105.65 	 1.9999 	  1.8047 	  
105.75 	 1.9999 	  1.8032 	  
105.85 	 1.9999 	  1.802 	  
105.95 	 1.9999 	  1.801 	  
106.05 	 1.9999 	  1.8004 	  
106.15 	 1.9999 	  1.8001 	  
106.25 	 1.9999 	  1.8 	  
106.35 	 1.9999 	  1.8003 	  
106.45 	 1.9999 	  1.8008 	  
106.55 	 1.9999 	  1.8017 	  
106.65 	 1.9999 	  1.8029 	  
106.75 	 1.9999 	  1.8043 	  
106.85 	 1.9999 	  1.8061 	  
106.95 	 1.9999 	  1.8081 	  
107.05 	 1.9999 	  1.8104 	  
107.15 	 1.9999 	  1.813 	  
107.25 	 1.9999 	  1.8159 	  
107.35 	 1.9999 	  1.8191 	  
107.45 	 1.9999 	  1.8225 	  
107.55 	 1.9999 	  1.8262 	  
107.65 	 1.9999 	  1.8302 	  
107.75 	 1.9999 	  1.8344 	  
107.85 	 1.9999 	  1.8389 	  
107.95 	 1.9999 	  1.8436 	  
108.05 	 1.9999 	  1.8485 	  
108.15 	 2 	  1.8537 	  
108.25 	 2 	  1.8591 	  
108.35 	 2 	  1.8647 	  
108.45 	 2 	  1.8705 	  
108.55 	 2 	  1.8765 	  
108.65 	 2 	  1.8827 	  
108.75 	 2 	  1.889 	  
108.85 	 2 	  1.8956 	  
108.95 	 2 	  1.9022 	  
