simtime:  10.333
number of wsf-lines:  1

line_No     y_coord
1	 1.5
2	  Wave Theory 


X 1	 P 1 	 	 	 	 W 1

0.05 	 2.0897 	  2.0964 	  
0.15 	 2.0829 	  2.0895 	  
0.25 	 2.0759 	  2.0826 	  
0.35 	 2.0688 	  2.0754 	  
0.45 	 2.0616 	  2.0682 	  
0.55 	 2.0543 	  2.0609 	  
0.65 	 2.047 	  2.0535 	  
0.75 	 2.0395 	  2.046 	  
0.85 	 2.032 	  2.0384 	  
0.95 	 2.0244 	  2.0308 	  
1.05 	 2.0168 	  2.0231 	  
1.15 	 2.0091 	  2.0154 	  
1.25 	 2.0014 	  2.0077 	  
1.35 	 1.9937 	  1.9999 	  
1.45 	 1.9861 	  1.9922 	  
1.55 	 1.9784 	  1.9844 	  
1.65 	 1.9707 	  1.9767 	  
1.75 	 1.9631 	  1.9691 	  
1.85 	 1.9556 	  1.9614 	  
1.95 	 1.9481 	  1.9539 	  
2.05 	 1.9407 	  1.9464 	  
2.15 	 1.9333 	  1.9389 	  
2.25 	 1.9261 	  1.9316 	  
2.35 	 1.919 	  1.9244 	  
2.45 	 1.9119 	  1.9173 	  
2.55 	 1.905 	  1.9103 	  
2.65 	 1.8983 	  1.9034 	  
2.75 	 1.8917 	  1.8967 	  
2.85 	 1.8852 	  1.8902 	  
2.95 	 1.879 	  1.8838 	  
3.05 	 1.8729 	  1.8776 	  
3.15 	 1.8669 	  1.8715 	  
3.25 	 1.8612 	  1.8657 	  
3.35 	 1.8557 	  1.8601 	  
3.45 	 1.8504 	  1.8546 	  
3.55 	 1.8454 	  1.8494 	  
3.65 	 1.8405 	  1.8444 	  
3.75 	 1.8359 	  1.8397 	  
3.85 	 1.8316 	  1.8352 	  
3.95 	 1.8275 	  1.8309 	  
4.05 	 1.8237 	  1.8269 	  
4.15 	 1.8201 	  1.8232 	  
4.25 	 1.8168 	  1.8197 	  
4.35 	 1.8139 	  1.8165 	  
4.45 	 1.8111 	  1.8135 	  
4.55 	 1.8087 	  1.8109 	  
4.65 	 1.8066 	  1.8085 	  
4.75 	 1.8047 	  1.8064 	  
4.85 	 1.8032 	  1.8046 	  
4.95 	 1.802 	  1.8031 	  
5.05 	 1.801 	  1.8019 	  
5.15 	 1.8004 	  1.801 	  
5.25 	 1.8001 	  1.8004 	  
5.35 	 1.8001 	  1.8 	  
5.45 	 1.8003 	  1.8 	  
5.55 	 1.8009 	  1.8003 	  
5.65 	 1.8018 	  1.8009 	  
5.75 	 1.8031 	  1.8018 	  
5.85 	 1.8046 	  1.803 	  
5.95 	 1.8064 	  1.8044 	  
6.05 	 1.8085 	  1.8062 	  
6.15 	 1.8109 	  1.8083 	  
6.25 	 1.8135 	  1.8106 	  
6.35 	 1.8165 	  1.8132 	  
6.45 	 1.8197 	  1.8161 	  
6.55 	 1.8232 	  1.8193 	  
6.65 	 1.827 	  1.8228 	  
6.75 	 1.831 	  1.8265 	  
6.85 	 1.8352 	  1.8305 	  
6.95 	 1.8397 	  1.8347 	  
7.05 	 1.8444 	  1.8392 	  
7.15 	 1.8494 	  1.8439 	  
7.25 	 1.8545 	  1.8489 	  
7.35 	 1.8599 	  1.8541 	  
7.45 	 1.8654 	  1.8595 	  
7.55 	 1.8712 	  1.8651 	  
7.65 	 1.8771 	  1.8709 	  
7.75 	 1.8831 	  1.8769 	  
7.85 	 1.8894 	  1.8831 	  
7.95 	 1.8957 	  1.8895 	  
8.05 	 1.9022 	  1.896 	  
8.15 	 1.9089 	  1.9027 	  
8.25 	 1.9156 	  1.9096 	  
8.35 	 1.9225 	  1.9165 	  
8.45 	 1.9294 	  1.9236 	  
8.55 	 1.9364 	  1.9309 	  
8.65 	 1.9435 	  1.9382 	  
8.75 	 1.9507 	  1.9456 	  
8.85 	 1.9579 	  1.9531 	  
8.95 	 1.9652 	  1.9606 	  
9.05 	 1.9725 	  1.9683 	  
9.15 	 1.9799 	  1.9759 	  
9.25 	 1.9872 	  1.9836 	  
9.35 	 1.9947 	  1.9914 	  
9.45 	 2.0021 	  1.9991 	  
9.55 	 2.0095 	  2.0068 	  
9.65 	 2.0169 	  2.0146 	  
9.75 	 2.0243 	  2.0223 	  
9.85 	 2.0317 	  2.03 	  
9.95 	 2.039 	  2.0376 	  
10.05 	 2.0463 	  2.0452 	  
10.15 	 2.0535 	  2.0527 	  
10.25 	 2.0607 	  2.0601 	  
10.35 	 2.0678 	  2.0674 	  
10.45 	 2.0748 	  2.0747 	  
10.55 	 2.0818 	  2.0818 	  
10.65 	 2.0887 	  2.0888 	  
10.75 	 2.0954 	  2.0957 	  
10.85 	 2.102 	  2.1024 	  
10.95 	 2.1085 	  2.109 	  
11.05 	 2.1149 	  2.1154 	  
11.15 	 2.1211 	  2.1216 	  
11.25 	 2.1272 	  2.1277 	  
11.35 	 2.133 	  2.1336 	  
11.45 	 2.1387 	  2.1392 	  
11.55 	 2.1443 	  2.1447 	  
11.65 	 2.1496 	  2.1499 	  
11.75 	 2.1547 	  2.1549 	  
11.85 	 2.1596 	  2.1597 	  
11.95 	 2.1643 	  2.1642 	  
12.05 	 2.1689 	  2.1685 	  
12.15 	 2.1731 	  2.1726 	  
12.25 	 2.1772 	  2.1764 	  
12.35 	 2.181 	  2.1799 	  
12.45 	 2.1846 	  2.1831 	  
12.55 	 2.188 	  2.1861 	  
12.65 	 2.1912 	  2.1888 	  
12.75 	 2.1941 	  2.1912 	  
12.85 	 2.1968 	  2.1933 	  
12.95 	 2.1993 	  2.1952 	  
13.05 	 2.2015 	  2.1967 	  
13.15 	 2.2034 	  2.198 	  
13.25 	 2.2051 	  2.1989 	  
13.35 	 2.2065 	  2.1996 	  
13.45 	 2.2077 	  2.1999 	  
13.55 	 2.2086 	  2.2 	  
13.65 	 2.2093 	  2.1997 	  
13.75 	 2.2098 	  2.1992 	  
13.85 	 2.2101 	  2.1984 	  
13.95 	 2.2102 	  2.1972 	  
14.05 	 2.2101 	  2.1958 	  
14.15 	 2.2098 	  2.194 	  
14.25 	 2.2093 	  2.192 	  
14.35 	 2.2086 	  2.1897 	  
14.45 	 2.2076 	  2.1871 	  
14.55 	 2.2063 	  2.1842 	  
14.65 	 2.2047 	  2.1811 	  
14.75 	 2.2026 	  2.1777 	  
14.85 	 2.2001 	  2.174 	  
14.95 	 2.197 	  2.17 	  
15.05 	 2.1934 	  2.1658 	  
15.15 	 2.1891 	  2.1614 	  
15.25 	 2.1843 	  2.1567 	  
15.35 	 2.1788 	  2.1518 	  
15.45 	 2.1725 	  2.1466 	  
15.55 	 2.1655 	  2.1412 	  
15.65 	 2.1577 	  2.1356 	  
15.75 	 2.1491 	  2.1298 	  
15.85 	 2.14 	  2.1239 	  
15.95 	 2.1303 	  2.1177 	  
16.05 	 2.1201 	  2.1113 	  
16.15 	 2.1094 	  2.1048 	  
16.25 	 2.0984 	  2.0981 	  
16.35 	 2.087 	  2.0913 	  
16.45 	 2.0754 	  2.0844 	  
16.55 	 2.0636 	  2.0773 	  
16.65 	 2.0519 	  2.0701 	  
16.75 	 2.0402 	  2.0628 	  
16.85 	 2.0287 	  2.0554 	  
16.95 	 2.0174 	  2.0479 	  
17.05 	 2.0063 	  2.0403 	  
17.15 	 1.9954 	  2.0327 	  
17.25 	 1.9849 	  2.0251 	  
17.35 	 1.9746 	  2.0174 	  
17.45 	 1.9647 	  2.0096 	  
17.55 	 1.9552 	  2.0019 	  
17.65 	 1.9462 	  1.9942 	  
17.75 	 1.9375 	  1.9864 	  
17.85 	 1.9293 	  1.9787 	  
17.95 	 1.9215 	  1.971 	  
18.05 	 1.914 	  1.9634 	  
18.15 	 1.9069 	  1.9558 	  
18.25 	 1.9001 	  1.9483 	  
18.35 	 1.8937 	  1.9408 	  
18.45 	 1.8876 	  1.9335 	  
18.55 	 1.8819 	  1.9262 	  
18.65 	 1.8765 	  1.9191 	  
18.75 	 1.8715 	  1.9121 	  
18.85 	 1.8667 	  1.9052 	  
18.95 	 1.8624 	  1.8984 	  
19.05 	 1.8584 	  1.8918 	  
19.15 	 1.8547 	  1.8854 	  
19.25 	 1.8515 	  1.8792 	  
19.35 	 1.8486 	  1.8731 	  
19.45 	 1.8462 	  1.8672 	  
19.55 	 1.8442 	  1.8615 	  
19.65 	 1.8426 	  1.856 	  
19.75 	 1.8413 	  1.8507 	  
19.85 	 1.8405 	  1.8457 	  
19.95 	 1.84 	  1.8409 	  
20.05 	 1.8398 	  1.8363 	  
20.15 	 1.8399 	  1.832 	  
20.25 	 1.8404 	  1.8279 	  
20.35 	 1.8411 	  1.8241 	  
20.45 	 1.842 	  1.8206 	  
20.55 	 1.8432 	  1.8173 	  
20.65 	 1.8446 	  1.8143 	  
20.75 	 1.8461 	  1.8115 	  
20.85 	 1.8477 	  1.8091 	  
20.95 	 1.8495 	  1.8069 	  
21.05 	 1.8513 	  1.805 	  
21.15 	 1.8532 	  1.8035 	  
21.25 	 1.8551 	  1.8022 	  
21.35 	 1.8571 	  1.8012 	  
21.45 	 1.859 	  1.8005 	  
21.55 	 1.8609 	  1.8001 	  
21.65 	 1.8627 	  1.8 	  
21.75 	 1.8646 	  1.8002 	  
21.85 	 1.8664 	  1.8007 	  
21.95 	 1.8681 	  1.8015 	  
22.05 	 1.8698 	  1.8026 	  
22.15 	 1.8714 	  1.804 	  
22.25 	 1.8729 	  1.8057 	  
22.35 	 1.8744 	  1.8077 	  
22.45 	 1.8757 	  1.81 	  
22.55 	 1.877 	  1.8125 	  
22.65 	 1.8781 	  1.8154 	  
22.75 	 1.8791 	  1.8185 	  
22.85 	 1.88 	  1.8219 	  
22.95 	 1.8808 	  1.8255 	  
23.05 	 1.8814 	  1.8294 	  
23.15 	 1.8819 	  1.8336 	  
23.25 	 1.8823 	  1.838 	  
23.35 	 1.8825 	  1.8427 	  
23.45 	 1.8827 	  1.8476 	  
23.55 	 1.8828 	  1.8527 	  
23.65 	 1.8829 	  1.8581 	  
23.75 	 1.883 	  1.8636 	  
23.85 	 1.883 	  1.8694 	  
23.95 	 1.8832 	  1.8754 	  
24.05 	 1.8834 	  1.8815 	  
24.15 	 1.8837 	  1.8878 	  
24.25 	 1.8842 	  1.8943 	  
24.35 	 1.8848 	  1.901 	  
24.45 	 1.8857 	  1.9078 	  
24.55 	 1.8869 	  1.9147 	  
24.65 	 1.8884 	  1.9218 	  
24.75 	 1.8903 	  1.929 	  
24.85 	 1.8926 	  1.9363 	  
24.95 	 1.8953 	  1.9437 	  
25.05 	 1.8986 	  1.9511 	  
25.15 	 1.9023 	  1.9587 	  
25.25 	 1.9066 	  1.9663 	  
25.35 	 1.9115 	  1.9739 	  
25.45 	 1.917 	  1.9816 	  
25.55 	 1.923 	  1.9894 	  
25.65 	 1.9297 	  1.9971 	  
25.75 	 1.9369 	  2.0048 	  
25.85 	 1.9447 	  2.0126 	  
25.95 	 1.9531 	  2.0203 	  
26.05 	 1.962 	  2.028 	  
26.15 	 1.9714 	  2.0356 	  
26.25 	 1.9814 	  2.0432 	  
26.35 	 1.9919 	  2.0508 	  
26.45 	 2.0028 	  2.0582 	  
26.55 	 2.014 	  2.0656 	  
26.65 	 2.0255 	  2.0728 	  
26.75 	 2.0373 	  2.08 	  
26.85 	 2.0492 	  2.087 	  
26.95 	 2.0612 	  2.0939 	  
27.05 	 2.0732 	  2.1007 	  
27.15 	 2.0853 	  2.1073 	  
27.25 	 2.0971 	  2.1138 	  
27.35 	 2.1087 	  2.1201 	  
27.45 	 2.1201 	  2.1262 	  
27.55 	 2.131 	  2.1321 	  
27.65 	 2.1416 	  2.1378 	  
27.75 	 2.1517 	  2.1433 	  
27.85 	 2.1611 	  2.1486 	  
27.95 	 2.17 	  2.1537 	  
28.05 	 2.1782 	  2.1585 	  
28.15 	 2.1857 	  2.1631 	  
28.25 	 2.1925 	  2.1675 	  
28.35 	 2.1987 	  2.1716 	  
28.45 	 2.2041 	  2.1754 	  
28.55 	 2.2089 	  2.179 	  
28.65 	 2.2131 	  2.1823 	  
28.75 	 2.2166 	  2.1854 	  
28.85 	 2.2196 	  2.1881 	  
28.95 	 2.222 	  2.1906 	  
29.05 	 2.2238 	  2.1928 	  
29.15 	 2.2252 	  2.1947 	  
29.25 	 2.2262 	  2.1964 	  
29.35 	 2.2267 	  2.1977 	  
29.45 	 2.2268 	  2.1987 	  
29.55 	 2.2266 	  2.1994 	  
29.65 	 2.226 	  2.1999 	  
29.75 	 2.2251 	  2.2 	  
29.85 	 2.2239 	  2.1998 	  
29.95 	 2.2224 	  2.1994 	  
30.05 	 2.2206 	  2.1986 	  
30.15 	 2.2186 	  2.1975 	  
30.25 	 2.2163 	  2.1962 	  
30.35 	 2.2137 	  2.1945 	  
30.45 	 2.2108 	  2.1926 	  
30.55 	 2.2077 	  2.1903 	  
30.65 	 2.2043 	  2.1878 	  
30.75 	 2.2007 	  2.185 	  
30.85 	 2.1967 	  2.1819 	  
30.95 	 2.1924 	  2.1786 	  
31.05 	 2.1878 	  2.175 	  
31.15 	 2.1829 	  2.1711 	  
31.25 	 2.1776 	  2.1669 	  
31.35 	 2.1721 	  2.1625 	  
31.45 	 2.1662 	  2.1579 	  
31.55 	 2.16 	  2.153 	  
31.65 	 2.1535 	  2.1479 	  
31.75 	 2.1466 	  2.1426 	  
31.85 	 2.1395 	  2.1371 	  
31.95 	 2.132 	  2.1313 	  
32.05 	 2.1242 	  2.1254 	  
32.15 	 2.1162 	  2.1193 	  
32.25 	 2.1079 	  2.113 	  
32.35 	 2.0995 	  2.1065 	  
32.45 	 2.0908 	  2.0999 	  
32.55 	 2.0821 	  2.0931 	  
32.65 	 2.0732 	  2.0862 	  
32.75 	 2.0643 	  2.0791 	  
32.85 	 2.0553 	  2.0719 	  
32.95 	 2.0463 	  2.0647 	  
33.05 	 2.0374 	  2.0573 	  
33.15 	 2.0285 	  2.0498 	  
33.25 	 2.0197 	  2.0423 	  
33.35 	 2.0109 	  2.0347 	  
33.45 	 2.0023 	  2.027 	  
33.55 	 1.9937 	  2.0193 	  
33.65 	 1.9852 	  2.0116 	  
33.75 	 1.9769 	  2.0039 	  
33.85 	 1.9689 	  1.9961 	  
33.95 	 1.961 	  1.9884 	  
34.05 	 1.9533 	  1.9807 	  
34.15 	 1.9459 	  1.973 	  
34.25 	 1.9386 	  1.9653 	  
34.35 	 1.9317 	  1.9577 	  
34.45 	 1.9249 	  1.9502 	  
34.55 	 1.9183 	  1.9427 	  
34.65 	 1.912 	  1.9354 	  
34.75 	 1.906 	  1.9281 	  
34.85 	 1.9001 	  1.9209 	  
34.95 	 1.8946 	  1.9139 	  
35.05 	 1.8892 	  1.9069 	  
35.15 	 1.8842 	  1.9002 	  
35.25 	 1.8794 	  1.8935 	  
35.35 	 1.8749 	  1.8871 	  
35.45 	 1.8706 	  1.8807 	  
35.55 	 1.8666 	  1.8746 	  
35.65 	 1.8629 	  1.8687 	  
35.75 	 1.8594 	  1.8629 	  
35.85 	 1.8562 	  1.8574 	  
35.95 	 1.8532 	  1.8521 	  
36.05 	 1.8505 	  1.847 	  
36.15 	 1.848 	  1.8421 	  
36.25 	 1.8457 	  1.8375 	  
36.35 	 1.8437 	  1.8331 	  
36.45 	 1.842 	  1.8289 	  
36.55 	 1.8404 	  1.8251 	  
36.65 	 1.8391 	  1.8214 	  
36.75 	 1.838 	  1.8181 	  
36.85 	 1.8371 	  1.815 	  
36.95 	 1.8364 	  1.8122 	  
37.05 	 1.836 	  1.8097 	  
37.15 	 1.8357 	  1.8074 	  
37.25 	 1.8357 	  1.8055 	  
37.35 	 1.8358 	  1.8038 	  
37.45 	 1.8362 	  1.8025 	  
37.55 	 1.8367 	  1.8014 	  
37.65 	 1.8375 	  1.8006 	  
37.75 	 1.8384 	  1.8002 	  
37.85 	 1.8395 	  1.8 	  
37.95 	 1.8408 	  1.8001 	  
38.05 	 1.8422 	  1.8006 	  
38.15 	 1.8439 	  1.8013 	  
38.25 	 1.8457 	  1.8023 	  
38.35 	 1.8477 	  1.8036 	  
38.45 	 1.8498 	  1.8053 	  
38.55 	 1.8521 	  1.8072 	  
38.65 	 1.8546 	  1.8094 	  
38.75 	 1.8572 	  1.8118 	  
38.85 	 1.86 	  1.8146 	  
38.95 	 1.8629 	  1.8177 	  
39.05 	 1.866 	  1.821 	  
39.15 	 1.8692 	  1.8246 	  
39.25 	 1.8725 	  1.8284 	  
39.35 	 1.876 	  1.8325 	  
39.45 	 1.8797 	  1.8369 	  
39.55 	 1.8834 	  1.8415 	  
39.65 	 1.8873 	  1.8463 	  
39.75 	 1.8913 	  1.8514 	  
39.85 	 1.8955 	  1.8567 	  
39.95 	 1.8997 	  1.8622 	  
40.05 	 1.9041 	  1.8679 	  
40.15 	 1.9085 	  1.8738 	  
40.25 	 1.9131 	  1.8799 	  
40.35 	 1.9178 	  1.8862 	  
40.45 	 1.9225 	  1.8927 	  
40.55 	 1.9274 	  1.8993 	  
40.65 	 1.9323 	  1.906 	  
40.75 	 1.9373 	  1.9129 	  
40.85 	 1.9425 	  1.92 	  
40.95 	 1.9476 	  1.9271 	  
41.05 	 1.9529 	  1.9344 	  
41.15 	 1.9582 	  1.9418 	  
41.25 	 1.9636 	  1.9492 	  
41.35 	 1.9691 	  1.9567 	  
41.45 	 1.9746 	  1.9643 	  
41.55 	 1.9801 	  1.972 	  
41.65 	 1.9857 	  1.9797 	  
41.75 	 1.9913 	  1.9874 	  
41.85 	 1.997 	  1.9951 	  
41.95 	 2.0026 	  2.0029 	  
42.05 	 2.0083 	  2.0106 	  
42.15 	 2.0139 	  2.0183 	  
42.25 	 2.0195 	  2.026 	  
42.35 	 2.0251 	  2.0337 	  
42.45 	 2.0307 	  2.0413 	  
42.55 	 2.0363 	  2.0488 	  
42.65 	 2.0418 	  2.0563 	  
42.75 	 2.0472 	  2.0637 	  
42.85 	 2.0526 	  2.071 	  
42.95 	 2.0579 	  2.0782 	  
43.05 	 2.0631 	  2.0852 	  
43.15 	 2.0683 	  2.0922 	  
43.25 	 2.0733 	  2.099 	  
43.35 	 2.0782 	  2.1056 	  
43.45 	 2.083 	  2.1121 	  
43.55 	 2.0876 	  2.1185 	  
43.65 	 2.0921 	  2.1246 	  
43.75 	 2.0964 	  2.1306 	  
43.85 	 2.1006 	  2.1363 	  
43.95 	 2.1046 	  2.1419 	  
44.05 	 2.1084 	  2.1472 	  
44.15 	 2.1121 	  2.1524 	  
44.25 	 2.1155 	  2.1573 	  
44.35 	 2.1188 	  2.1619 	  
44.45 	 2.1219 	  2.1664 	  
44.55 	 2.1248 	  2.1705 	  
44.65 	 2.1274 	  2.1745 	  
44.75 	 2.1299 	  2.1781 	  
44.85 	 2.1321 	  2.1815 	  
44.95 	 2.1341 	  2.1846 	  
45.05 	 2.1359 	  2.1875 	  
45.15 	 2.1375 	  2.19 	  
45.25 	 2.1389 	  2.1923 	  
45.35 	 2.1401 	  2.1943 	  
45.45 	 2.1411 	  2.196 	  
45.55 	 2.1418 	  2.1974 	  
45.65 	 2.1424 	  2.1985 	  
45.75 	 2.1428 	  2.1993 	  
45.85 	 2.1429 	  2.1998 	  
45.95 	 2.1429 	  2.2 	  
46.05 	 2.1427 	  2.1999 	  
46.15 	 2.1423 	  2.1995 	  
46.25 	 2.1418 	  2.1988 	  
46.35 	 2.1411 	  2.1978 	  
46.45 	 2.1402 	  2.1965 	  
46.55 	 2.1391 	  2.195 	  
46.65 	 2.1379 	  2.1931 	  
46.75 	 2.1366 	  2.1909 	  
46.85 	 2.1351 	  2.1885 	  
46.95 	 2.1336 	  2.1858 	  
47.05 	 2.1318 	  2.1827 	  
47.15 	 2.13 	  2.1795 	  
47.25 	 2.1281 	  2.1759 	  
47.35 	 2.1261 	  2.1721 	  
47.45 	 2.1239 	  2.168 	  
47.55 	 2.1217 	  2.1637 	  
47.65 	 2.1194 	  2.1591 	  
47.75 	 2.1171 	  2.1543 	  
47.85 	 2.1147 	  2.1493 	  
47.95 	 2.1122 	  2.144 	  
48.05 	 2.1097 	  2.1385 	  
48.15 	 2.1071 	  2.1328 	  
48.25 	 2.1045 	  2.127 	  
48.35 	 2.1019 	  2.1209 	  
48.45 	 2.0992 	  2.1146 	  
48.55 	 2.0966 	  2.1082 	  
48.65 	 2.0939 	  2.1016 	  
48.75 	 2.0912 	  2.0948 	  
48.85 	 2.0885 	  2.088 	  
48.95 	 2.0858 	  2.0809 	  
49.05 	 2.0831 	  2.0738 	  
49.15 	 2.0804 	  2.0665 	  
49.25 	 2.0778 	  2.0592 	  
49.35 	 2.0751 	  2.0518 	  
49.45 	 2.0725 	  2.0442 	  
49.55 	 2.0699 	  2.0367 	  
49.65 	 2.0674 	  2.029 	  
49.75 	 2.0648 	  2.0213 	  
49.85 	 2.0623 	  2.0136 	  
49.95 	 2.0599 	  2.0059 	  
50.05 	 2.0575 	  1.9981 	  
50.15 	 2.0551 	  1.9904 	  
50.25 	 2.0528 	  1.9827 	  
50.35 	 2.0505 	  1.975 	  
50.45 	 2.0483 	  1.9673 	  
50.55 	 2.0461 	  1.9597 	  
50.65 	 2.0439 	  1.9521 	  
50.75 	 2.0418 	  1.9447 	  
50.85 	 2.0398 	  1.9373 	  
50.95 	 2.0378 	  1.93 	  
51.05 	 2.0359 	  1.9228 	  
51.15 	 2.034 	  1.9157 	  
51.25 	 2.0322 	  1.9087 	  
51.35 	 2.0304 	  1.9019 	  
51.45 	 2.0286 	  1.8952 	  
51.55 	 2.027 	  1.8887 	  
51.65 	 2.0253 	  1.8823 	  
51.75 	 2.0237 	  1.8762 	  
51.85 	 2.0222 	  1.8702 	  
51.95 	 2.0207 	  1.8644 	  
52.05 	 2.0193 	  1.8588 	  
52.15 	 2.0179 	  1.8534 	  
52.25 	 2.0166 	  1.8483 	  
52.35 	 2.0153 	  1.8433 	  
52.45 	 2.014 	  1.8386 	  
52.55 	 2.0129 	  1.8342 	  
52.65 	 2.0117 	  1.83 	  
52.75 	 2.0106 	  1.826 	  
52.85 	 2.0095 	  1.8223 	  
52.95 	 2.0085 	  1.8189 	  
53.05 	 2.0075 	  1.8158 	  
53.15 	 2.0066 	  1.8129 	  
53.25 	 2.0057 	  1.8103 	  
53.35 	 2.0048 	  1.808 	  
53.45 	 2.004 	  1.806 	  
53.55 	 2.0032 	  1.8042 	  
53.65 	 2.0025 	  1.8028 	  
53.75 	 2.0017 	  1.8017 	  
53.85 	 2.0011 	  1.8008 	  
53.95 	 2.0004 	  1.8003 	  
54.05 	 1.9998 	  1.8 	  
54.15 	 1.9992 	  1.8001 	  
54.25 	 1.9987 	  1.8004 	  
54.35 	 1.9981 	  1.8011 	  
54.45 	 1.9976 	  1.802 	  
54.55 	 1.9972 	  1.8033 	  
54.65 	 1.9967 	  1.8048 	  
54.75 	 1.9963 	  1.8066 	  
54.85 	 1.9959 	  1.8088 	  
54.95 	 1.9955 	  1.8112 	  
55.05 	 1.9952 	  1.8139 	  
55.15 	 1.9949 	  1.8169 	  
55.25 	 1.9946 	  1.8201 	  
55.35 	 1.9943 	  1.8236 	  
55.45 	 1.9941 	  1.8274 	  
55.55 	 1.9938 	  1.8314 	  
55.65 	 1.9936 	  1.8357 	  
55.75 	 1.9934 	  1.8403 	  
55.85 	 1.9932 	  1.8451 	  
55.95 	 1.993 	  1.8501 	  
56.05 	 1.9929 	  1.8553 	  
56.15 	 1.9927 	  1.8608 	  
56.25 	 1.9926 	  1.8664 	  
56.35 	 1.9925 	  1.8723 	  
56.45 	 1.9924 	  1.8783 	  
56.55 	 1.9923 	  1.8846 	  
56.65 	 1.9922 	  1.891 	  
56.75 	 1.9922 	  1.8976 	  
56.85 	 1.9921 	  1.9043 	  
56.95 	 1.9921 	  1.9111 	  
57.05 	 1.992 	  1.9182 	  
57.15 	 1.992 	  1.9253 	  
57.25 	 1.992 	  1.9325 	  
57.35 	 1.992 	  1.9399 	  
57.45 	 1.992 	  1.9473 	  
57.55 	 1.992 	  1.9548 	  
57.65 	 1.992 	  1.9624 	  
57.75 	 1.9921 	  1.97 	  
57.85 	 1.9921 	  1.9777 	  
57.95 	 1.9921 	  1.9854 	  
58.05 	 1.9921 	  1.9931 	  
58.15 	 1.9922 	  2.0009 	  
58.25 	 1.9922 	  2.0086 	  
58.35 	 1.9923 	  2.0163 	  
58.45 	 1.9924 	  2.024 	  
58.55 	 1.9924 	  2.0317 	  
58.65 	 1.9925 	  2.0393 	  
58.75 	 1.9925 	  2.0469 	  
58.85 	 1.9926 	  2.0544 	  
58.95 	 1.9927 	  2.0618 	  
59.05 	 1.9927 	  2.0691 	  
59.15 	 1.9928 	  2.0763 	  
59.25 	 1.9929 	  2.0834 	  
59.35 	 1.993 	  2.0904 	  
59.45 	 1.9931 	  2.0972 	  
59.55 	 1.9932 	  2.1039 	  
59.65 	 1.9933 	  2.1105 	  
59.75 	 1.9934 	  2.1168 	  
59.85 	 1.9935 	  2.123 	  
59.95 	 1.9935 	  2.1291 	  
60.05 	 1.9936 	  2.1349 	  
60.15 	 1.9937 	  2.1405 	  
60.25 	 1.9938 	  2.1459 	  
60.35 	 1.9938 	  2.1511 	  
60.45 	 1.9939 	  2.156 	  
60.55 	 1.9941 	  2.1608 	  
60.65 	 1.9942 	  2.1653 	  
60.75 	 1.9943 	  2.1695 	  
60.85 	 1.9944 	  2.1735 	  
60.95 	 1.9945 	  2.1772 	  
61.05 	 1.9945 	  2.1807 	  
61.15 	 1.9947 	  2.1838 	  
61.25 	 1.9947 	  2.1868 	  
61.35 	 1.9948 	  2.1894 	  
61.45 	 1.9948 	  2.1917 	  
61.55 	 1.995 	  2.1938 	  
61.65 	 1.9951 	  2.1956 	  
61.75 	 1.9952 	  2.197 	  
61.85 	 1.9953 	  2.1982 	  
61.95 	 1.9955 	  2.1991 	  
62.05 	 1.9958 	  2.1997 	  
62.15 	 1.9961 	  2.2 	  
62.25 	 1.9964 	  2.2 	  
62.35 	 1.9966 	  2.1996 	  
62.45 	 1.9967 	  2.199 	  
62.55 	 1.9969 	  2.1981 	  
62.65 	 1.997 	  2.1969 	  
62.75 	 1.9971 	  2.1954 	  
62.85 	 1.9971 	  2.1936 	  
62.95 	 1.9972 	  2.1915 	  
63.05 	 1.9972 	  2.1891 	  
63.15 	 1.9972 	  2.1865 	  
63.25 	 1.9974 	  2.1835 	  
63.35 	 1.9975 	  2.1803 	  
63.45 	 1.9975 	  2.1769 	  
63.55 	 1.9976 	  2.1731 	  
63.65 	 1.9977 	  2.1691 	  
63.75 	 1.9977 	  2.1648 	  
63.85 	 1.9978 	  2.1603 	  
63.95 	 1.9979 	  2.1556 	  
64.05 	 1.9979 	  2.1506 	  
64.15 	 1.998 	  2.1454 	  
64.25 	 1.9981 	  2.14 	  
64.35 	 1.9981 	  2.1343 	  
64.45 	 1.9982 	  2.1285 	  
64.55 	 1.9983 	  2.1225 	  
64.65 	 1.9983 	  2.1162 	  
64.75 	 1.9984 	  2.1099 	  
64.85 	 1.9984 	  2.1033 	  
64.95 	 1.9984 	  2.0966 	  
65.05 	 1.9985 	  2.0897 	  
65.15 	 1.9985 	  2.0828 	  
65.25 	 1.9986 	  2.0756 	  
65.35 	 1.9986 	  2.0684 	  
65.45 	 1.9987 	  2.0611 	  
65.55 	 1.9987 	  2.0537 	  
65.65 	 1.9987 	  2.0462 	  
65.75 	 1.9988 	  2.0386 	  
65.85 	 1.9988 	  2.031 	  
65.95 	 1.9989 	  2.0233 	  
66.05 	 1.9989 	  2.0156 	  
66.15 	 1.9989 	  2.0079 	  
66.25 	 1.999 	  2.0001 	  
66.35 	 1.999 	  1.9924 	  
66.45 	 1.999 	  1.9847 	  
66.55 	 1.9991 	  1.9769 	  
66.65 	 1.9991 	  1.9693 	  
66.75 	 1.9991 	  1.9616 	  
66.85 	 1.9992 	  1.9541 	  
66.95 	 1.9992 	  1.9466 	  
67.05 	 1.9992 	  1.9391 	  
67.15 	 1.9992 	  1.9318 	  
67.25 	 1.9993 	  1.9246 	  
67.35 	 1.9993 	  1.9175 	  
67.45 	 1.9993 	  1.9105 	  
67.55 	 1.9993 	  1.9036 	  
67.65 	 1.9993 	  1.8969 	  
67.75 	 1.9994 	  1.8904 	  
67.85 	 1.9994 	  1.884 	  
67.95 	 1.9994 	  1.8777 	  
68.05 	 1.9994 	  1.8717 	  
68.15 	 1.9994 	  1.8659 	  
68.25 	 1.9995 	  1.8602 	  
68.35 	 1.9995 	  1.8548 	  
68.45 	 1.9995 	  1.8496 	  
68.55 	 1.9995 	  1.8446 	  
68.65 	 1.9995 	  1.8398 	  
68.75 	 1.9996 	  1.8353 	  
68.85 	 1.9996 	  1.831 	  
68.95 	 1.9996 	  1.827 	  
69.05 	 1.9996 	  1.8233 	  
69.15 	 1.9996 	  1.8198 	  
69.25 	 1.9996 	  1.8166 	  
69.35 	 1.9997 	  1.8136 	  
69.45 	 1.9997 	  1.8109 	  
69.55 	 1.9997 	  1.8086 	  
69.65 	 1.9997 	  1.8065 	  
69.75 	 1.9997 	  1.8047 	  
69.85 	 1.9997 	  1.8031 	  
69.95 	 1.9997 	  1.8019 	  
70.05 	 1.9997 	  1.801 	  
70.15 	 1.9997 	  1.8004 	  
70.25 	 1.9998 	  1.8001 	  
70.35 	 1.9998 	  1.8 	  
70.45 	 1.9998 	  1.8003 	  
70.55 	 1.9998 	  1.8009 	  
70.65 	 1.9998 	  1.8018 	  
70.75 	 1.9998 	  1.8029 	  
70.85 	 1.9998 	  1.8044 	  
70.95 	 1.9998 	  1.8061 	  
71.05 	 1.9998 	  1.8082 	  
71.15 	 1.9998 	  1.8105 	  
71.25 	 1.9998 	  1.8132 	  
71.35 	 1.9998 	  1.8161 	  
71.45 	 1.9998 	  1.8192 	  
71.55 	 1.9998 	  1.8227 	  
71.65 	 1.9998 	  1.8264 	  
71.75 	 1.9998 	  1.8304 	  
71.85 	 1.9998 	  1.8346 	  
71.95 	 1.9998 	  1.8391 	  
72.05 	 1.9998 	  1.8438 	  
72.15 	 1.9999 	  1.8488 	  
72.25 	 1.9999 	  1.8539 	  
72.35 	 1.9999 	  1.8593 	  
72.45 	 1.9999 	  1.8649 	  
72.55 	 1.9999 	  1.8708 	  
72.65 	 1.9999 	  1.8768 	  
72.75 	 1.9999 	  1.8829 	  
72.85 	 1.9999 	  1.8893 	  
72.95 	 1.9999 	  1.8958 	  
73.05 	 1.9999 	  1.9025 	  
73.15 	 1.9999 	  1.9094 	  
73.25 	 1.9999 	  1.9163 	  
73.35 	 1.9999 	  1.9234 	  
73.45 	 1.9999 	  1.9306 	  
73.55 	 1.9999 	  1.938 	  
73.65 	 1.9999 	  1.9454 	  
73.75 	 1.9999 	  1.9529 	  
73.85 	 1.9999 	  1.9604 	  
73.95 	 1.9999 	  1.968 	  
74.05 	 1.9999 	  1.9757 	  
74.15 	 1.9999 	  1.9834 	  
74.25 	 1.9999 	  1.9911 	  
74.35 	 1.9999 	  1.9989 	  
74.45 	 1.9999 	  2.0066 	  
74.55 	 1.9999 	  2.0144 	  
74.65 	 1.9999 	  2.0221 	  
74.75 	 1.9999 	  2.0297 	  
74.85 	 1.9999 	  2.0374 	  
74.95 	 1.9999 	  2.045 	  
75.05 	 1.9999 	  2.0525 	  
75.15 	 1.9999 	  2.0599 	  
75.25 	 1.9999 	  2.0672 	  
75.35 	 1.9999 	  2.0745 	  
75.45 	 1.9999 	  2.0816 	  
75.55 	 1.9999 	  2.0886 	  
75.65 	 1.9999 	  2.0955 	  
75.75 	 1.9999 	  2.1022 	  
75.85 	 1.9999 	  2.1088 	  
75.95 	 1.9999 	  2.1152 	  
76.05 	 1.9999 	  2.1215 	  
76.15 	 1.9999 	  2.1275 	  
76.25 	 1.9999 	  2.1334 	  
76.35 	 1.9999 	  2.1391 	  
76.45 	 1.9999 	  2.1445 	  
76.55 	 1.9999 	  2.1498 	  
76.65 	 1.9999 	  2.1548 	  
76.75 	 1.9999 	  2.1596 	  
76.85 	 1.9999 	  2.1641 	  
76.95 	 1.9999 	  2.1684 	  
77.05 	 1.9999 	  2.1725 	  
77.15 	 1.9999 	  2.1763 	  
77.25 	 1.9999 	  2.1798 	  
77.35 	 1.9999 	  2.183 	  
77.45 	 1.9999 	  2.186 	  
77.55 	 2 	  2.1887 	  
77.65 	 2 	  2.1912 	  
77.75 	 2 	  2.1933 	  
77.85 	 2 	  2.1951 	  
77.95 	 2 	  2.1967 	  
78.05 	 2 	  2.1979 	  
78.15 	 2 	  2.1989 	  
78.25 	 2 	  2.1996 	  
78.35 	 2 	  2.1999 	  
78.45 	 2 	  2.2 	  
78.55 	 2 	  2.1998 	  
78.65 	 2 	  2.1992 	  
78.75 	 2 	  2.1984 	  
78.85 	 2 	  2.1972 	  
78.95 	 2 	  2.1958 	  
79.05 	 2 	  2.1941 	  
79.15 	 2 	  2.1921 	  
79.25 	 2 	  2.1898 	  
79.35 	 2 	  2.1872 	  
79.45 	 2 	  2.1843 	  
79.55 	 2 	  2.1812 	  
79.65 	 2 	  2.1778 	  
79.75 	 2 	  2.1741 	  
79.85 	 2 	  2.1701 	  
79.95 	 2 	  2.166 	  
80.05 	 2 	  2.1615 	  
80.15 	 2 	  2.1568 	  
80.25 	 2 	  2.1519 	  
80.35 	 2 	  2.1467 	  
80.45 	 2 	  2.1414 	  
80.55 	 2 	  2.1358 	  
80.65 	 2 	  2.13 	  
80.75 	 2 	  2.124 	  
80.85 	 2 	  2.1179 	  
80.95 	 2 	  2.1115 	  
81.05 	 2 	  2.105 	  
81.15 	 2 	  2.0983 	  
81.25 	 2 	  2.0915 	  
81.35 	 2 	  2.0846 	  
81.45 	 2 	  2.0775 	  
81.55 	 2 	  2.0703 	  
81.65 	 2 	  2.063 	  
81.75 	 2 	  2.0556 	  
81.85 	 2 	  2.0481 	  
81.95 	 2 	  2.0406 	  
82.05 	 2 	  2.0329 	  
82.15 	 2 	  2.0253 	  
82.25 	 2 	  2.0176 	  
82.35 	 2 	  2.0099 	  
82.45 	 2 	  2.0021 	  
82.55 	 2 	  1.9944 	  
82.65 	 2 	  1.9866 	  
82.75 	 2 	  1.9789 	  
82.85 	 2 	  1.9712 	  
82.95 	 2 	  1.9636 	  
83.05 	 2 	  1.956 	  
83.15 	 2 	  1.9485 	  
83.25 	 2 	  1.941 	  
83.35 	 2 	  1.9337 	  
83.45 	 2 	  1.9264 	  
83.55 	 2 	  1.9193 	  
83.65 	 2 	  1.9123 	  
83.75 	 2 	  1.9054 	  
83.85 	 2 	  1.8986 	  
83.95 	 2 	  1.892 	  
84.05 	 2 	  1.8856 	  
84.15 	 2 	  1.8793 	  
84.25 	 2 	  1.8732 	  
84.35 	 2 	  1.8673 	  
84.45 	 2 	  1.8617 	  
84.55 	 2 	  1.8562 	  
84.65 	 2 	  1.8509 	  
84.75 	 2 	  1.8458 	  
84.85 	 2 	  1.841 	  
84.95 	 2 	  1.8364 	  
85.05 	 2 	  1.8321 	  
85.15 	 2 	  1.828 	  
85.25 	 2 	  1.8242 	  
85.35 	 2 	  1.8206 	  
85.45 	 2 	  1.8174 	  
85.55 	 2 	  1.8143 	  
85.65 	 2 	  1.8116 	  
85.75 	 2 	  1.8091 	  
85.85 	 2 	  1.807 	  
85.95 	 2 	  1.8051 	  
86.05 	 2 	  1.8035 	  
86.15 	 2 	  1.8022 	  
86.25 	 2 	  1.8012 	  
86.35 	 2 	  1.8005 	  
86.45 	 2 	  1.8001 	  
86.55 	 2 	  1.8 	  
86.65 	 2 	  1.8002 	  
86.75 	 2 	  1.8007 	  
86.85 	 2 	  1.8015 	  
86.95 	 2 	  1.8026 	  
87.05 	 2 	  1.804 	  
87.15 	 2 	  1.8057 	  
87.25 	 2 	  1.8076 	  
87.35 	 2 	  1.8099 	  
87.45 	 2 	  1.8125 	  
87.55 	 2 	  1.8153 	  
87.65 	 2 	  1.8184 	  
87.75 	 2 	  1.8218 	  
87.85 	 2 	  1.8254 	  
87.95 	 2 	  1.8293 	  
88.05 	 2 	  1.8335 	  
88.15 	 2 	  1.8379 	  
88.25 	 2 	  1.8426 	  
88.35 	 2 	  1.8475 	  
88.45 	 2 	  1.8526 	  
88.55 	 2 	  1.8579 	  
88.65 	 2 	  1.8635 	  
88.75 	 2 	  1.8692 	  
88.85 	 2 	  1.8752 	  
88.95 	 2 	  1.8813 	  
89.05 	 2 	  1.8877 	  
89.15 	 2 	  1.8942 	  
89.25 	 2 	  1.9008 	  
89.35 	 2 	  1.9076 	  
89.45 	 2 	  1.9145 	  
89.55 	 2 	  1.9216 	  
89.65 	 2 	  1.9288 	  
89.75 	 2 	  1.9361 	  
89.85 	 2 	  1.9435 	  
89.95 	 2 	  1.9509 	  
90.05 	 2 	  1.9585 	  
90.15 	 2 	  1.9661 	  
90.25 	 2 	  1.9737 	  
90.35 	 2 	  1.9814 	  
90.45 	 2 	  1.9891 	  
90.55 	 2 	  1.9969 	  
90.65 	 2 	  2.0046 	  
90.75 	 2 	  2.0124 	  
90.85 	 2 	  2.0201 	  
90.95 	 2 	  2.0278 	  
91.05 	 2 	  2.0354 	  
91.15 	 2 	  2.043 	  
91.25 	 2 	  2.0505 	  
91.35 	 2 	  2.058 	  
91.45 	 2 	  2.0654 	  
91.55 	 2 	  2.0726 	  
91.65 	 2 	  2.0798 	  
91.75 	 2 	  2.0868 	  
91.85 	 2 	  2.0937 	  
91.95 	 2 	  2.1005 	  
92.05 	 2 	  2.1071 	  
92.15 	 2 	  2.1136 	  
92.25 	 2 	  2.1199 	  
92.35 	 2 	  2.126 	  
92.45 	 2 	  2.1319 	  
92.55 	 2 	  2.1376 	  
92.65 	 2 	  2.1431 	  
92.75 	 2 	  2.1484 	  
92.85 	 2 	  2.1535 	  
92.95 	 2 	  2.1584 	  
93.05 	 2 	  2.163 	  
93.15 	 2 	  2.1673 	  
93.25 	 2 	  2.1715 	  
93.35 	 2 	  2.1753 	  
93.45 	 2 	  2.1789 	  
93.55 	 2 	  2.1822 	  
93.65 	 2 	  2.1853 	  
93.75 	 2 	  2.1881 	  
93.85 	 2 	  2.1906 	  
93.95 	 2 	  2.1928 	  
94.05 	 2 	  2.1947 	  
94.15 	 2 	  2.1963 	  
94.25 	 2 	  2.1976 	  
94.35 	 2 	  2.1987 	  
94.45 	 2 	  2.1994 	  
94.55 	 2 	  2.1999 	  
94.65 	 2 	  2.2 	  
94.75 	 2 	  2.1998 	  
94.85 	 2 	  2.1994 	  
94.95 	 2 	  2.1986 	  
95.05 	 2 	  2.1976 	  
95.15 	 2 	  2.1962 	  
95.25 	 2 	  2.1946 	  
95.35 	 2 	  2.1926 	  
95.45 	 2 	  2.1904 	  
95.55 	 2 	  2.1879 	  
95.65 	 2 	  2.1851 	  
95.75 	 2 	  2.182 	  
95.85 	 2 	  2.1787 	  
95.95 	 2 	  2.1751 	  
96.05 	 1.9999 	  2.1712 	  
96.15 	 1.9999 	  2.1671 	  
96.25 	 1.9999 	  2.1627 	  
96.35 	 1.9999 	  2.158 	  
96.45 	 1.9999 	  2.1532 	  
96.55 	 1.9999 	  2.1481 	  
96.65 	 1.9999 	  2.1428 	  
96.75 	 1.9999 	  2.1372 	  
96.85 	 1.9999 	  2.1315 	  
96.95 	 1.9999 	  2.1256 	  
97.05 	 1.9999 	  2.1195 	  
97.15 	 1.9999 	  2.1132 	  
97.25 	 1.9999 	  2.1067 	  
97.35 	 1.9999 	  2.1001 	  
97.45 	 1.9999 	  2.0933 	  
97.55 	 1.9999 	  2.0864 	  
97.65 	 1.9999 	  2.0793 	  
97.75 	 1.9999 	  2.0721 	  
97.85 	 1.9999 	  2.0649 	  
97.95 	 1.9999 	  2.0575 	  
98.05 	 1.9999 	  2.05 	  
98.15 	 1.9999 	  2.0425 	  
98.25 	 1.9999 	  2.0349 	  
98.35 	 1.9999 	  2.0273 	  
98.45 	 1.9999 	  2.0196 	  
98.55 	 1.9999 	  2.0118 	  
98.65 	 1.9999 	  2.0041 	  
98.75 	 1.9999 	  1.9964 	  
98.85 	 1.9999 	  1.9886 	  
98.95 	 1.9999 	  1.9809 	  
99.05 	 1.9999 	  1.9732 	  
99.15 	 1.9999 	  1.9656 	  
99.25 	 1.9999 	  1.958 	  
99.35 	 1.9999 	  1.9504 	  
99.45 	 1.9999 	  1.943 	  
99.55 	 1.9999 	  1.9356 	  
99.65 	 1.9999 	  1.9283 	  
99.75 	 1.9999 	  1.9211 	  
99.85 	 1.9999 	  1.9141 	  
99.95 	 1.9999 	  1.9071 	  
100.05 	 1.9999 	  1.9003 	  
100.15 	 1.9999 	  1.8937 	  
100.25 	 1.9999 	  1.8872 	  
100.35 	 1.9999 	  1.8809 	  
100.45 	 1.9999 	  1.8748 	  
100.55 	 1.9999 	  1.8688 	  
100.65 	 1.9999 	  1.8631 	  
100.75 	 1.9999 	  1.8576 	  
100.85 	 1.9999 	  1.8522 	  
100.95 	 1.9999 	  1.8471 	  
101.05 	 1.9999 	  1.8422 	  
101.15 	 1.9999 	  1.8376 	  
101.25 	 1.9999 	  1.8332 	  
101.35 	 1.9999 	  1.8291 	  
101.45 	 1.9999 	  1.8252 	  
101.55 	 1.9999 	  1.8215 	  
101.65 	 1.9999 	  1.8182 	  
101.75 	 1.9999 	  1.8151 	  
101.85 	 1.9999 	  1.8123 	  
101.95 	 1.9999 	  1.8097 	  
102.05 	 1.9999 	  1.8075 	  
102.15 	 1.9999 	  1.8055 	  
102.25 	 1.9999 	  1.8039 	  
102.35 	 1.9999 	  1.8025 	  
102.45 	 1.9999 	  1.8014 	  
102.55 	 1.9999 	  1.8007 	  
102.65 	 1.9999 	  1.8002 	  
102.75 	 1.9999 	  1.8 	  
102.85 	 1.9999 	  1.8001 	  
102.95 	 1.9999 	  1.8005 	  
103.05 	 1.9999 	  1.8013 	  
103.15 	 1.9999 	  1.8023 	  
103.25 	 1.9999 	  1.8036 	  
103.35 	 1.9999 	  1.8052 	  
103.45 	 1.9999 	  1.8071 	  
103.55 	 1.9999 	  1.8093 	  
103.65 	 1.9999 	  1.8118 	  
103.75 	 1.9998 	  1.8145 	  
103.85 	 1.9998 	  1.8176 	  
103.95 	 1.9998 	  1.8209 	  
104.05 	 1.9998 	  1.8245 	  
104.15 	 1.9998 	  1.8283 	  
104.25 	 1.9998 	  1.8324 	  
104.35 	 1.9998 	  1.8368 	  
104.45 	 1.9998 	  1.8413 	  
104.55 	 1.9998 	  1.8462 	  
104.65 	 1.9998 	  1.8512 	  
104.75 	 1.9998 	  1.8565 	  
104.85 	 1.9998 	  1.862 	  
104.95 	 1.9998 	  1.8677 	  
105.05 	 1.9998 	  1.8736 	  
105.15 	 1.9998 	  1.8797 	  
105.25 	 1.9998 	  1.886 	  
105.35 	 1.9998 	  1.8925 	  
105.45 	 1.9998 	  1.8991 	  
105.55 	 1.9998 	  1.9058 	  
105.65 	 1.9998 	  1.9127 	  
105.75 	 1.9998 	  1.9198 	  
105.85 	 1.9998 	  1.9269 	  
105.95 	 1.9998 	  1.9342 	  
106.05 	 1.9998 	  1.9415 	  
106.15 	 1.9998 	  1.949 	  
106.25 	 1.9998 	  1.9565 	  
106.35 	 1.9998 	  1.9641 	  
106.45 	 1.9998 	  1.9718 	  
106.55 	 1.9998 	  1.9794 	  
106.65 	 1.9998 	  1.9872 	  
106.75 	 1.9998 	  1.9949 	  
106.85 	 1.9998 	  2.0026 	  
106.95 	 1.9998 	  2.0104 	  
107.05 	 1.9998 	  2.0181 	  
107.15 	 1.9998 	  2.0258 	  
107.25 	 1.9998 	  2.0335 	  
107.35 	 1.9998 	  2.0411 	  
107.45 	 1.9998 	  2.0486 	  
107.55 	 1.9998 	  2.0561 	  
107.65 	 1.9998 	  2.0635 	  
107.75 	 1.9999 	  2.0708 	  
107.85 	 1.9999 	  2.078 	  
107.95 	 1.9999 	  2.085 	  
108.05 	 1.9999 	  2.092 	  
108.15 	 1.9999 	  2.0988 	  
108.25 	 1.9999 	  2.1054 	  
108.35 	 1.9999 	  2.1119 	  
108.45 	 1.9999 	  2.1183 	  
108.55 	 2 	  2.1244 	  
108.65 	 2 	  2.1304 	  
108.75 	 2 	  2.1362 	  
108.85 	 2 	  2.1417 	  
108.95 	 2 	  2.1471 	  
