simtime:  0.24247
number of wsf-lines:  1

line_No     y_coord
1	 1.5
2	  Wave Theory 


X 1	 P 1 	 	 	 	 W 1

0.05 	 1.9367 	  1.9293 	  
0.15 	 1.9439 	  1.9366 	  
0.25 	 1.9512 	  1.9439 	  
0.35 	 1.9586 	  1.9514 	  
0.45 	 1.9661 	  1.959 	  
0.55 	 1.9736 	  1.9666 	  
0.65 	 1.9812 	  1.9742 	  
0.75 	 1.9888 	  1.9819 	  
0.85 	 1.9964 	  1.9897 	  
0.95 	 2.0041 	  1.9974 	  
1.05 	 2.0117 	  2.0051 	  
1.15 	 2.0193 	  2.0129 	  
1.25 	 2.0269 	  2.0206 	  
1.35 	 2.0345 	  2.0283 	  
1.45 	 2.042 	  2.0359 	  
1.55 	 2.0494 	  2.0435 	  
1.65 	 2.0568 	  2.051 	  
1.75 	 2.064 	  2.0585 	  
1.85 	 2.0712 	  2.0659 	  
1.95 	 2.0783 	  2.0731 	  
2.05 	 2.0853 	  2.0803 	  
2.15 	 2.0922 	  2.0873 	  
2.25 	 2.0989 	  2.0942 	  
2.35 	 2.1055 	  2.101 	  
2.45 	 2.1119 	  2.1076 	  
2.55 	 2.1182 	  2.114 	  
2.65 	 2.1243 	  2.1203 	  
2.75 	 2.1302 	  2.1264 	  
2.85 	 2.1359 	  2.1323 	  
2.95 	 2.1414 	  2.138 	  
3.05 	 2.1468 	  2.1435 	  
3.15 	 2.1519 	  2.1488 	  
3.25 	 2.1568 	  2.1538 	  
3.35 	 2.1614 	  2.1587 	  
3.45 	 2.1659 	  2.1633 	  
3.55 	 2.17 	  2.1676 	  
3.65 	 2.174 	  2.1717 	  
3.75 	 2.1777 	  2.1756 	  
3.85 	 2.1812 	  2.1791 	  
3.95 	 2.1843 	  2.1824 	  
4.05 	 2.1873 	  2.1855 	  
4.15 	 2.1899 	  2.1882 	  
4.25 	 2.1923 	  2.1907 	  
4.35 	 2.1945 	  2.1929 	  
4.45 	 2.1963 	  2.1948 	  
4.55 	 2.1979 	  2.1964 	  
4.65 	 2.1991 	  2.1977 	  
4.75 	 2.2001 	  2.1987 	  
4.85 	 2.2009 	  2.1995 	  
4.95 	 2.2013 	  2.1999 	  
5.05 	 2.2014 	  2.2 	  
5.15 	 2.2013 	  2.1998 	  
5.25 	 2.2008 	  2.1993 	  
5.35 	 2.2001 	  2.1986 	  
5.45 	 2.199 	  2.1975 	  
5.55 	 2.1977 	  2.1961 	  
5.65 	 2.196 	  2.1944 	  
5.75 	 2.1941 	  2.1925 	  
5.85 	 2.1918 	  2.1902 	  
5.95 	 2.1893 	  2.1877 	  
6.05 	 2.1864 	  2.1849 	  
6.15 	 2.1832 	  2.1818 	  
6.25 	 2.1797 	  2.1784 	  
6.35 	 2.1759 	  2.1748 	  
6.45 	 2.1718 	  2.1709 	  
6.55 	 2.1674 	  2.1668 	  
6.65 	 2.1627 	  2.1624 	  
6.75 	 2.1577 	  2.1577 	  
6.85 	 2.1524 	  2.1529 	  
6.95 	 2.1468 	  2.1477 	  
7.05 	 2.1409 	  2.1424 	  
7.15 	 2.1347 	  2.1369 	  
7.25 	 2.1282 	  2.1311 	  
7.35 	 2.1215 	  2.1252 	  
7.45 	 2.1145 	  2.119 	  
7.55 	 2.1073 	  2.1127 	  
7.65 	 2.0998 	  2.1063 	  
7.75 	 2.0922 	  2.0996 	  
7.85 	 2.0844 	  2.0928 	  
7.95 	 2.0764 	  2.0859 	  
8.05 	 2.0684 	  2.0788 	  
8.15 	 2.0602 	  2.0717 	  
8.25 	 2.052 	  2.0644 	  
8.35 	 2.0438 	  2.057 	  
8.45 	 2.0355 	  2.0495 	  
8.55 	 2.0273 	  2.042 	  
8.65 	 2.0192 	  2.0344 	  
8.75 	 2.0112 	  2.0267 	  
8.85 	 2.0033 	  2.0191 	  
8.95 	 1.9955 	  2.0113 	  
9.05 	 1.988 	  2.0036 	  
9.15 	 1.9807 	  1.9958 	  
9.25 	 1.9737 	  1.9881 	  
9.35 	 1.967 	  1.9804 	  
9.45 	 1.9606 	  1.9727 	  
9.55 	 1.9545 	  1.9651 	  
9.65 	 1.9489 	  1.9575 	  
9.75 	 1.9436 	  1.9499 	  
9.85 	 1.9387 	  1.9425 	  
9.95 	 1.9343 	  1.9351 	  
10.05 	 1.9303 	  1.9278 	  
10.15 	 1.9267 	  1.9206 	  
10.25 	 1.9236 	  1.9136 	  
10.35 	 1.9209 	  1.9067 	  
10.45 	 1.9187 	  1.8999 	  
10.55 	 1.9169 	  1.8933 	  
10.65 	 1.9155 	  1.8868 	  
10.75 	 1.9145 	  1.8805 	  
10.85 	 1.914 	  1.8744 	  
10.95 	 1.9138 	  1.8685 	  
11.05 	 1.9141 	  1.8627 	  
11.15 	 1.9146 	  1.8572 	  
11.25 	 1.9155 	  1.8519 	  
11.35 	 1.9167 	  1.8468 	  
11.45 	 1.9182 	  1.8419 	  
11.55 	 1.92 	  1.8373 	  
11.65 	 1.922 	  1.8329 	  
11.75 	 1.9242 	  1.8288 	  
11.85 	 1.9265 	  1.8249 	  
11.95 	 1.9291 	  1.8213 	  
12.05 	 1.9318 	  1.818 	  
12.15 	 1.9345 	  1.8149 	  
12.25 	 1.9374 	  1.8121 	  
12.35 	 1.9404 	  1.8096 	  
12.45 	 1.9433 	  1.8074 	  
12.55 	 1.9463 	  1.8054 	  
12.65 	 1.9493 	  1.8038 	  
12.75 	 1.9523 	  1.8024 	  
12.85 	 1.9552 	  1.8014 	  
12.95 	 1.9581 	  1.8006 	  
13.05 	 1.9609 	  1.8002 	  
13.15 	 1.9637 	  1.8 	  
13.25 	 1.9664 	  1.8001 	  
13.35 	 1.9689 	  1.8006 	  
13.45 	 1.9714 	  1.8013 	  
13.55 	 1.9738 	  1.8024 	  
13.65 	 1.976 	  1.8037 	  
13.75 	 1.9781 	  1.8053 	  
13.85 	 1.9801 	  1.8072 	  
13.95 	 1.982 	  1.8095 	  
14.05 	 1.9837 	  1.8119 	  
14.15 	 1.9853 	  1.8147 	  
14.25 	 1.9868 	  1.8178 	  
14.35 	 1.9882 	  1.8211 	  
14.45 	 1.9894 	  1.8247 	  
14.55 	 1.9906 	  1.8286 	  
14.65 	 1.9916 	  1.8327 	  
14.75 	 1.9926 	  1.837 	  
14.85 	 1.9934 	  1.8417 	  
14.95 	 1.9942 	  1.8465 	  
15.05 	 1.9949 	  1.8516 	  
15.15 	 1.9955 	  1.8569 	  
15.25 	 1.996 	  1.8624 	  
15.35 	 1.9965 	  1.8681 	  
15.45 	 1.9969 	  1.874 	  
15.55 	 1.9973 	  1.8802 	  
15.65 	 1.9976 	  1.8864 	  
15.75 	 1.9979 	  1.8929 	  
15.85 	 1.9981 	  1.8995 	  
15.95 	 1.9983 	  1.9063 	  
16.05 	 1.9985 	  1.9132 	  
16.15 	 1.9986 	  1.9202 	  
16.25 	 1.9988 	  1.9274 	  
16.35 	 1.9989 	  1.9347 	  
16.45 	 1.999 	  1.942 	  
16.55 	 1.9991 	  1.9495 	  
16.65 	 1.9992 	  1.957 	  
16.75 	 1.9992 	  1.9646 	  
16.85 	 1.9993 	  1.9723 	  
16.95 	 1.9994 	  1.98 	  
17.05 	 1.9994 	  1.9877 	  
17.15 	 1.9995 	  1.9954 	  
17.25 	 1.9995 	  2.0032 	  
17.35 	 1.9995 	  2.0109 	  
17.45 	 1.9996 	  2.0186 	  
17.55 	 1.9996 	  2.0263 	  
17.65 	 1.9997 	  2.034 	  
17.75 	 1.9997 	  2.0416 	  
17.85 	 1.9997 	  2.0491 	  
17.95 	 1.9997 	  2.0566 	  
18.05 	 1.9998 	  2.064 	  
18.15 	 1.9998 	  2.0713 	  
18.25 	 1.9998 	  2.0784 	  
18.35 	 1.9998 	  2.0855 	  
18.45 	 1.9998 	  2.0924 	  
18.55 	 1.9998 	  2.0992 	  
18.65 	 1.9999 	  2.1059 	  
18.75 	 1.9999 	  2.1124 	  
18.85 	 1.9999 	  2.1187 	  
18.95 	 1.9999 	  2.1248 	  
19.05 	 1.9999 	  2.1308 	  
19.15 	 1.9999 	  2.1366 	  
19.25 	 1.9999 	  2.1421 	  
19.35 	 1.9999 	  2.1474 	  
19.45 	 1.9999 	  2.1526 	  
19.55 	 1.9999 	  2.1575 	  
19.65 	 1.9999 	  2.1621 	  
19.75 	 2 	  2.1665 	  
19.85 	 2 	  2.1707 	  
19.95 	 2 	  2.1746 	  
20.05 	 2 	  2.1782 	  
20.15 	 2 	  2.1816 	  
20.25 	 2 	  2.1847 	  
20.35 	 2 	  2.1876 	  
20.45 	 2 	  2.1901 	  
20.55 	 2 	  2.1924 	  
20.65 	 2 	  2.1943 	  
20.75 	 2 	  2.196 	  
20.85 	 2 	  2.1974 	  
20.95 	 2 	  2.1985 	  
21.05 	 2 	  2.1993 	  
21.15 	 2 	  2.1998 	  
21.25 	 2 	  2.2 	  
21.35 	 2 	  2.1999 	  
21.45 	 2 	  2.1995 	  
21.55 	 2 	  2.1988 	  
21.65 	 2 	  2.1978 	  
21.75 	 2 	  2.1965 	  
21.85 	 2 	  2.1949 	  
21.95 	 2 	  2.193 	  
22.05 	 2 	  2.1908 	  
22.15 	 2 	  2.1884 	  
22.25 	 2 	  2.1856 	  
22.35 	 2 	  2.1826 	  
22.45 	 2 	  2.1793 	  
22.55 	 2 	  2.1758 	  
22.65 	 2 	  2.1719 	  
22.75 	 2 	  2.1679 	  
22.85 	 2 	  2.1635 	  
22.95 	 2 	  2.1589 	  
23.05 	 2 	  2.1541 	  
23.15 	 2 	  2.1491 	  
23.25 	 2 	  2.1438 	  
23.35 	 2 	  2.1383 	  
23.45 	 2 	  2.1326 	  
23.55 	 2 	  2.1267 	  
23.65 	 2 	  2.1206 	  
23.75 	 2 	  2.1144 	  
23.85 	 2 	  2.1079 	  
23.95 	 2 	  2.1013 	  
24.05 	 2 	  2.0946 	  
24.15 	 2 	  2.0877 	  
24.25 	 2 	  2.0807 	  
24.35 	 2 	  2.0735 	  
24.45 	 2 	  2.0663 	  
24.55 	 2 	  2.0589 	  
24.65 	 2 	  2.0515 	  
24.75 	 2 	  2.0439 	  
24.85 	 2 	  2.0364 	  
24.95 	 2 	  2.0287 	  
25.05 	 2 	  2.021 	  
25.15 	 2 	  2.0133 	  
25.25 	 2 	  2.0056 	  
25.35 	 2 	  1.9978 	  
25.45 	 2 	  1.9901 	  
25.55 	 2 	  1.9824 	  
25.65 	 2 	  1.9747 	  
25.75 	 2 	  1.967 	  
25.85 	 2 	  1.9594 	  
25.95 	 2 	  1.9518 	  
26.05 	 2 	  1.9444 	  
26.15 	 2 	  1.937 	  
26.25 	 2 	  1.9297 	  
26.35 	 2 	  1.9225 	  
26.45 	 2 	  1.9154 	  
26.55 	 2 	  1.9084 	  
26.65 	 2 	  1.9016 	  
26.75 	 2 	  1.895 	  
26.85 	 2 	  1.8885 	  
26.95 	 2 	  1.8821 	  
27.05 	 2 	  1.8759 	  
27.15 	 2 	  1.87 	  
27.25 	 2 	  1.8642 	  
27.35 	 2 	  1.8586 	  
27.45 	 2 	  1.8532 	  
27.55 	 2 	  1.8481 	  
27.65 	 2 	  1.8432 	  
27.75 	 2 	  1.8385 	  
27.85 	 2 	  1.834 	  
27.95 	 2 	  1.8298 	  
28.05 	 2 	  1.8259 	  
28.15 	 2 	  1.8222 	  
28.25 	 2 	  1.8188 	  
28.35 	 2 	  1.8157 	  
28.45 	 2 	  1.8128 	  
28.55 	 2 	  1.8102 	  
28.65 	 2 	  1.8079 	  
28.75 	 2 	  1.8059 	  
28.85 	 2 	  1.8042 	  
28.95 	 2 	  1.8027 	  
29.05 	 2 	  1.8016 	  
29.15 	 2 	  1.8008 	  
29.25 	 2 	  1.8002 	  
29.35 	 2 	  1.8 	  
29.45 	 2 	  1.8001 	  
29.55 	 2 	  1.8004 	  
29.65 	 2 	  1.8011 	  
29.75 	 2 	  1.8021 	  
29.85 	 2 	  1.8033 	  
29.95 	 2 	  1.8049 	  
30.05 	 2 	  1.8067 	  
30.15 	 2 	  1.8089 	  
30.25 	 2 	  1.8113 	  
30.35 	 2 	  1.814 	  
30.45 	 2 	  1.817 	  
30.55 	 2 	  1.8202 	  
30.65 	 2 	  1.8238 	  
30.75 	 2 	  1.8275 	  
30.85 	 2 	  1.8316 	  
30.95 	 2 	  1.8359 	  
31.05 	 2 	  1.8405 	  
31.15 	 2 	  1.8452 	  
31.25 	 2 	  1.8503 	  
31.35 	 2 	  1.8555 	  
31.45 	 2 	  1.861 	  
31.55 	 2 	  1.8666 	  
31.65 	 2 	  1.8725 	  
31.75 	 2 	  1.8786 	  
31.85 	 2 	  1.8848 	  
31.95 	 2 	  1.8912 	  
32.05 	 2 	  1.8978 	  
32.15 	 2 	  1.9045 	  
32.25 	 2 	  1.9114 	  
32.35 	 2 	  1.9184 	  
32.45 	 2 	  1.9256 	  
32.55 	 2 	  1.9328 	  
32.65 	 2 	  1.9401 	  
32.75 	 2 	  1.9476 	  
32.85 	 2 	  1.9551 	  
32.95 	 2 	  1.9627 	  
33.05 	 2 	  1.9703 	  
33.15 	 2 	  1.978 	  
33.25 	 2 	  1.9857 	  
33.35 	 2 	  1.9934 	  
33.45 	 2 	  2.0012 	  
33.55 	 2 	  2.0089 	  
33.65 	 2 	  2.0166 	  
33.75 	 2 	  2.0243 	  
33.85 	 2 	  2.032 	  
33.95 	 2 	  2.0396 	  
34.05 	 2 	  2.0472 	  
34.15 	 2 	  2.0547 	  
34.25 	 2 	  2.0621 	  
34.35 	 2 	  2.0694 	  
34.45 	 2 	  2.0766 	  
34.55 	 2 	  2.0837 	  
34.65 	 2 	  2.0907 	  
34.75 	 2 	  2.0975 	  
34.85 	 2 	  2.1042 	  
34.95 	 2 	  2.1107 	  
35.05 	 2 	  2.1171 	  
35.15 	 2 	  2.1233 	  
35.25 	 2 	  2.1293 	  
35.35 	 2 	  2.1351 	  
35.45 	 2 	  2.1407 	  
35.55 	 2 	  2.1461 	  
35.65 	 2 	  2.1513 	  
35.75 	 2 	  2.1562 	  
35.85 	 2 	  2.1609 	  
35.95 	 2 	  2.1654 	  
36.05 	 2 	  2.1696 	  
36.15 	 2 	  2.1736 	  
36.25 	 2 	  2.1773 	  
36.35 	 2 	  2.1808 	  
36.45 	 2 	  2.184 	  
36.55 	 2 	  2.1869 	  
36.65 	 2 	  2.1895 	  
36.75 	 2 	  2.1918 	  
36.85 	 2 	  2.1939 	  
36.95 	 2 	  2.1956 	  
37.05 	 2 	  2.1971 	  
37.15 	 2 	  2.1983 	  
37.25 	 2 	  2.1991 	  
37.35 	 2 	  2.1997 	  
37.45 	 2 	  2.2 	  
37.55 	 2 	  2.1999 	  
37.65 	 2 	  2.1996 	  
37.75 	 2 	  2.199 	  
37.85 	 2 	  2.1981 	  
37.95 	 2 	  2.1969 	  
38.05 	 2 	  2.1953 	  
38.15 	 2 	  2.1935 	  
38.25 	 2 	  2.1914 	  
38.35 	 2 	  2.189 	  
38.45 	 2 	  2.1864 	  
38.55 	 2 	  2.1834 	  
38.65 	 2 	  2.1802 	  
38.75 	 2 	  2.1767 	  
38.85 	 2 	  2.173 	  
38.95 	 2 	  2.1689 	  
39.05 	 2 	  2.1647 	  
39.15 	 2 	  2.1601 	  
39.25 	 2 	  2.1554 	  
39.35 	 2 	  2.1504 	  
39.45 	 2 	  2.1452 	  
39.55 	 2 	  2.1397 	  
39.65 	 2 	  2.1341 	  
39.75 	 2 	  2.1283 	  
39.85 	 2 	  2.1222 	  
39.95 	 2 	  2.116 	  
40.05 	 2 	  2.1096 	  
40.15 	 2 	  2.103 	  
40.25 	 2 	  2.0963 	  
40.35 	 2 	  2.0895 	  
40.45 	 2 	  2.0825 	  
40.55 	 2 	  2.0754 	  
40.65 	 2 	  2.0681 	  
40.75 	 2 	  2.0608 	  
40.85 	 2 	  2.0534 	  
40.95 	 2 	  2.0459 	  
41.05 	 2 	  2.0383 	  
41.15 	 2 	  2.0307 	  
41.25 	 2 	  2.023 	  
41.35 	 2 	  2.0153 	  
41.45 	 2 	  2.0076 	  
41.55 	 2 	  1.9998 	  
41.65 	 2 	  1.9921 	  
41.75 	 2 	  1.9844 	  
41.85 	 2 	  1.9766 	  
41.95 	 2 	  1.969 	  
42.05 	 2 	  1.9614 	  
42.15 	 2 	  1.9538 	  
42.25 	 2 	  1.9463 	  
42.35 	 2 	  1.9389 	  
42.45 	 2 	  1.9315 	  
42.55 	 2 	  1.9243 	  
42.65 	 2 	  1.9172 	  
42.75 	 2 	  1.9102 	  
42.85 	 2 	  1.9034 	  
42.95 	 2 	  1.8967 	  
43.05 	 2 	  1.8901 	  
43.15 	 2 	  1.8837 	  
43.25 	 2 	  1.8775 	  
43.35 	 2 	  1.8715 	  
43.45 	 2 	  1.8656 	  
43.55 	 2 	  1.86 	  
43.65 	 2 	  1.8546 	  
43.75 	 2 	  1.8494 	  
43.85 	 2 	  1.8444 	  
43.95 	 2 	  1.8397 	  
44.05 	 2 	  1.8351 	  
44.15 	 2 	  1.8309 	  
44.25 	 2 	  1.8269 	  
44.35 	 2 	  1.8231 	  
44.45 	 2 	  1.8196 	  
44.55 	 2 	  1.8164 	  
44.65 	 2 	  1.8135 	  
44.75 	 2 	  1.8108 	  
44.85 	 2 	  1.8085 	  
44.95 	 2 	  1.8064 	  
45.05 	 2 	  1.8046 	  
45.15 	 2 	  1.8031 	  
45.25 	 2 	  1.8019 	  
45.35 	 2 	  1.801 	  
45.45 	 2 	  1.8004 	  
45.55 	 2 	  1.8 	  
45.65 	 2 	  1.8 	  
45.75 	 2 	  1.8003 	  
45.85 	 2 	  1.8009 	  
45.95 	 2 	  1.8018 	  
46.05 	 2 	  1.803 	  
46.15 	 2 	  1.8044 	  
46.25 	 2 	  1.8062 	  
46.35 	 2 	  1.8083 	  
46.45 	 2 	  1.8106 	  
46.55 	 2 	  1.8133 	  
46.65 	 2 	  1.8162 	  
46.75 	 2 	  1.8194 	  
46.85 	 2 	  1.8228 	  
46.95 	 2 	  1.8265 	  
47.05 	 2 	  1.8305 	  
47.15 	 2 	  1.8348 	  
47.25 	 2 	  1.8393 	  
47.35 	 2 	  1.844 	  
47.45 	 2 	  1.8489 	  
47.55 	 2 	  1.8541 	  
47.65 	 2 	  1.8595 	  
47.75 	 2 	  1.8652 	  
47.85 	 2 	  1.871 	  
47.95 	 2 	  1.877 	  
48.05 	 2 	  1.8832 	  
48.15 	 2 	  1.8896 	  
48.25 	 2 	  1.8961 	  
48.35 	 2 	  1.9028 	  
48.45 	 2 	  1.9096 	  
48.55 	 2 	  1.9166 	  
48.65 	 2 	  1.9237 	  
48.75 	 2 	  1.9309 	  
48.85 	 2 	  1.9382 	  
48.95 	 2 	  1.9457 	  
49.05 	 2 	  1.9531 	  
49.15 	 2 	  1.9607 	  
49.25 	 2 	  1.9683 	  
49.35 	 2 	  1.976 	  
49.45 	 2 	  1.9837 	  
49.55 	 2 	  1.9914 	  
49.65 	 2 	  1.9992 	  
49.75 	 2 	  2.0069 	  
49.85 	 2 	  2.0147 	  
49.95 	 2 	  2.0224 	  
50.05 	 2 	  2.03 	  
50.15 	 2 	  2.0377 	  
50.25 	 2 	  2.0452 	  
50.35 	 2 	  2.0528 	  
50.45 	 2 	  2.0602 	  
50.55 	 2 	  2.0675 	  
50.65 	 2 	  2.0748 	  
50.75 	 2 	  2.0819 	  
50.85 	 2 	  2.0889 	  
50.95 	 2 	  2.0958 	  
51.05 	 2 	  2.1025 	  
51.15 	 2 	  2.1091 	  
51.25 	 2 	  2.1155 	  
51.35 	 2 	  2.1217 	  
51.45 	 2 	  2.1278 	  
51.55 	 2 	  2.1336 	  
51.65 	 2 	  2.1393 	  
51.75 	 2 	  2.1447 	  
51.85 	 2 	  2.15 	  
51.95 	 2 	  2.155 	  
52.05 	 2 	  2.1598 	  
52.15 	 2 	  2.1643 	  
52.25 	 2 	  2.1686 	  
52.35 	 2 	  2.1726 	  
52.45 	 2 	  2.1764 	  
52.55 	 2 	  2.1799 	  
52.65 	 2 	  2.1832 	  
52.75 	 2 	  2.1861 	  
52.85 	 2 	  2.1888 	  
52.95 	 2 	  2.1912 	  
53.05 	 2 	  2.1934 	  
53.15 	 2 	  2.1952 	  
53.25 	 2 	  2.1967 	  
53.35 	 2 	  2.198 	  
53.45 	 2 	  2.1989 	  
53.55 	 2 	  2.1996 	  
53.65 	 2 	  2.1999 	  
53.75 	 2 	  2.2 	  
53.85 	 2 	  2.1997 	  
53.95 	 2 	  2.1992 	  
54.05 	 2 	  2.1983 	  
54.15 	 2 	  2.1972 	  
54.25 	 2 	  2.1958 	  
54.35 	 2 	  2.194 	  
54.45 	 2 	  2.192 	  
54.55 	 2 	  2.1897 	  
54.65 	 2 	  2.1871 	  
54.75 	 2 	  2.1842 	  
54.85 	 2 	  2.1811 	  
54.95 	 2 	  2.1776 	  
55.05 	 2 	  2.1739 	  
55.15 	 2 	  2.17 	  
55.25 	 2 	  2.1658 	  
55.35 	 2 	  2.1613 	  
55.45 	 2 	  2.1566 	  
55.55 	 2 	  2.1517 	  
55.65 	 2 	  2.1465 	  
55.75 	 2 	  2.1412 	  
55.85 	 2 	  2.1356 	  
55.95 	 2 	  2.1298 	  
56.05 	 2 	  2.1238 	  
56.15 	 2 	  2.1176 	  
56.25 	 2 	  2.1113 	  
56.35 	 2 	  2.1047 	  
56.45 	 2 	  2.0981 	  
56.55 	 2 	  2.0913 	  
56.65 	 2 	  2.0843 	  
56.75 	 2 	  2.0772 	  
56.85 	 2 	  2.07 	  
56.95 	 2 	  2.0627 	  
57.05 	 2 	  2.0553 	  
57.15 	 2 	  2.0478 	  
57.25 	 2 	  2.0403 	  
57.35 	 2 	  2.0327 	  
57.45 	 2 	  2.025 	  
57.55 	 2 	  2.0173 	  
57.65 	 2 	  2.0096 	  
57.75 	 2 	  2.0018 	  
57.85 	 2 	  1.9941 	  
57.95 	 2 	  1.9863 	  
58.05 	 2 	  1.9786 	  
58.15 	 2 	  1.9709 	  
58.25 	 2 	  1.9633 	  
58.35 	 2 	  1.9557 	  
58.45 	 2 	  1.9482 	  
58.55 	 2 	  1.9408 	  
58.65 	 2 	  1.9334 	  
58.75 	 2 	  1.9262 	  
58.85 	 2 	  1.919 	  
58.95 	 2 	  1.912 	  
59.05 	 2 	  1.9051 	  
59.15 	 2 	  1.8984 	  
59.25 	 2 	  1.8918 	  
59.35 	 2 	  1.8853 	  
59.45 	 2 	  1.8791 	  
59.55 	 2 	  1.873 	  
59.65 	 2 	  1.8671 	  
59.75 	 2 	  1.8614 	  
59.85 	 2 	  1.856 	  
59.95 	 2 	  1.8507 	  
60.05 	 2 	  1.8457 	  
60.15 	 2 	  1.8408 	  
60.25 	 2 	  1.8363 	  
60.35 	 2 	  1.832 	  
60.45 	 2 	  1.8279 	  
60.55 	 2 	  1.8241 	  
60.65 	 2 	  1.8205 	  
60.75 	 2 	  1.8172 	  
60.85 	 2 	  1.8142 	  
60.95 	 2 	  1.8115 	  
61.05 	 2 	  1.8091 	  
61.15 	 2 	  1.8069 	  
61.25 	 2 	  1.805 	  
61.35 	 2 	  1.8034 	  
61.45 	 2 	  1.8022 	  
61.55 	 2 	  1.8012 	  
61.65 	 2 	  1.8005 	  
61.75 	 2 	  1.8001 	  
61.85 	 2 	  1.8 	  
61.95 	 2 	  1.8002 	  
62.05 	 2 	  1.8007 	  
62.15 	 2 	  1.8015 	  
62.25 	 2 	  1.8026 	  
62.35 	 2 	  1.804 	  
62.45 	 2 	  1.8057 	  
62.55 	 2 	  1.8077 	  
62.65 	 2 	  1.81 	  
62.75 	 2 	  1.8126 	  
62.85 	 2 	  1.8154 	  
62.95 	 2 	  1.8185 	  
63.05 	 2 	  1.8219 	  
63.15 	 2 	  1.8256 	  
63.25 	 2 	  1.8295 	  
63.35 	 2 	  1.8337 	  
63.45 	 2 	  1.8381 	  
63.55 	 2 	  1.8427 	  
63.65 	 2 	  1.8477 	  
63.75 	 2 	  1.8528 	  
63.85 	 2 	  1.8581 	  
63.95 	 2 	  1.8637 	  
64.05 	 2 	  1.8695 	  
64.15 	 2 	  1.8754 	  
64.25 	 2 	  1.8816 	  
64.35 	 2 	  1.8879 	  
64.45 	 2 	  1.8944 	  
64.55 	 2 	  1.9011 	  
64.65 	 2 	  1.9079 	  
64.75 	 2 	  1.9148 	  
64.85 	 2 	  1.9219 	  
64.95 	 2 	  1.9291 	  
65.05 	 2 	  1.9364 	  
65.15 	 2 	  1.9437 	  
65.25 	 2 	  1.9512 	  
65.35 	 2 	  1.9588 	  
65.45 	 2 	  1.9664 	  
65.55 	 2 	  1.974 	  
65.65 	 2 	  1.9817 	  
65.75 	 2 	  1.9894 	  
65.85 	 2 	  1.9972 	  
65.95 	 2 	  2.0049 	  
66.05 	 2 	  2.0127 	  
66.15 	 2 	  2.0204 	  
66.25 	 2 	  2.0281 	  
66.35 	 2 	  2.0357 	  
66.45 	 2 	  2.0433 	  
66.55 	 2 	  2.0508 	  
66.65 	 2 	  2.0583 	  
66.75 	 2 	  2.0656 	  
66.85 	 2 	  2.0729 	  
66.95 	 2 	  2.0801 	  
67.05 	 2 	  2.0871 	  
67.15 	 2 	  2.094 	  
67.25 	 2 	  2.1008 	  
67.35 	 2 	  2.1074 	  
67.45 	 2 	  2.1138 	  
67.55 	 2 	  2.1201 	  
67.65 	 2 	  2.1262 	  
67.75 	 2 	  2.1321 	  
67.85 	 2 	  2.1378 	  
67.95 	 2 	  2.1433 	  
68.05 	 2 	  2.1486 	  
68.15 	 2 	  2.1537 	  
68.25 	 2 	  2.1585 	  
68.35 	 2 	  2.1631 	  
68.45 	 2 	  2.1675 	  
68.55 	 2 	  2.1716 	  
68.65 	 2 	  2.1755 	  
68.75 	 2 	  2.179 	  
68.85 	 2 	  2.1824 	  
68.95 	 2 	  2.1854 	  
69.05 	 2 	  2.1882 	  
69.15 	 2 	  2.1906 	  
69.25 	 2 	  2.1928 	  
69.35 	 2 	  2.1948 	  
69.45 	 2 	  2.1964 	  
69.55 	 2 	  2.1977 	  
69.65 	 2 	  2.1987 	  
69.75 	 2 	  2.1994 	  
69.85 	 2 	  2.1999 	  
69.95 	 2 	  2.2 	  
70.05 	 2 	  2.1998 	  
70.15 	 2 	  2.1994 	  
70.25 	 2 	  2.1986 	  
70.35 	 2 	  2.1975 	  
70.45 	 2 	  2.1962 	  
70.55 	 2 	  2.1945 	  
70.65 	 2 	  2.1925 	  
70.75 	 2 	  2.1903 	  
70.85 	 2 	  2.1878 	  
70.95 	 2 	  2.185 	  
71.05 	 2 	  2.1819 	  
71.15 	 2 	  2.1785 	  
71.25 	 2 	  2.1749 	  
71.35 	 2 	  2.171 	  
71.45 	 2 	  2.1669 	  
71.55 	 2 	  2.1625 	  
71.65 	 2 	  2.1579 	  
71.75 	 2 	  2.153 	  
71.85 	 2 	  2.1479 	  
71.95 	 2 	  2.1426 	  
72.05 	 2 	  2.137 	  
72.15 	 2 	  2.1313 	  
72.25 	 2 	  2.1253 	  
72.35 	 2 	  2.1192 	  
72.45 	 2 	  2.1129 	  
72.55 	 2 	  2.1064 	  
72.65 	 2 	  2.0998 	  
72.75 	 2 	  2.093 	  
72.85 	 2 	  2.0861 	  
72.95 	 2 	  2.079 	  
73.05 	 2 	  2.0719 	  
73.15 	 2 	  2.0646 	  
73.25 	 2 	  2.0572 	  
73.35 	 2 	  2.0498 	  
73.45 	 2 	  2.0422 	  
73.55 	 2 	  2.0346 	  
73.65 	 2 	  2.027 	  
73.75 	 2 	  2.0193 	  
73.85 	 2 	  2.0116 	  
73.95 	 2 	  2.0038 	  
74.05 	 2 	  1.9961 	  
74.15 	 2 	  1.9883 	  
74.25 	 2 	  1.9806 	  
74.35 	 2 	  1.9729 	  
74.45 	 2 	  1.9653 	  
74.55 	 2 	  1.9577 	  
74.65 	 2 	  1.9501 	  
74.75 	 2 	  1.9427 	  
74.85 	 2 	  1.9353 	  
74.95 	 2 	  1.928 	  
75.05 	 2 	  1.9208 	  
75.15 	 2 	  1.9138 	  
75.25 	 2 	  1.9069 	  
75.35 	 2 	  1.9001 	  
75.45 	 2 	  1.8935 	  
75.55 	 2 	  1.887 	  
75.65 	 2 	  1.8807 	  
75.75 	 2 	  1.8746 	  
75.85 	 2 	  1.8686 	  
75.95 	 2 	  1.8629 	  
76.05 	 2 	  1.8573 	  
76.15 	 2 	  1.852 	  
76.25 	 2 	  1.8469 	  
76.35 	 2 	  1.8421 	  
76.45 	 2 	  1.8374 	  
76.55 	 2 	  1.833 	  
76.65 	 2 	  1.8289 	  
76.75 	 2 	  1.825 	  
76.85 	 2 	  1.8214 	  
76.95 	 2 	  1.8181 	  
77.05 	 2 	  1.815 	  
77.15 	 2 	  1.8122 	  
77.25 	 2 	  1.8097 	  
77.35 	 2 	  1.8074 	  
77.45 	 2 	  1.8055 	  
77.55 	 2 	  1.8038 	  
77.65 	 2 	  1.8025 	  
77.75 	 2 	  1.8014 	  
77.85 	 2 	  1.8006 	  
77.95 	 2 	  1.8002 	  
78.05 	 2 	  1.8 	  
78.15 	 2 	  1.8001 	  
78.25 	 2 	  1.8006 	  
78.35 	 2 	  1.8013 	  
78.45 	 2 	  1.8023 	  
78.55 	 2 	  1.8037 	  
78.65 	 2 	  1.8053 	  
78.75 	 2 	  1.8072 	  
78.85 	 2 	  1.8094 	  
78.95 	 2 	  1.8119 	  
79.05 	 2 	  1.8146 	  
79.15 	 2 	  1.8177 	  
79.25 	 2 	  1.821 	  
79.35 	 2 	  1.8246 	  
79.45 	 2 	  1.8285 	  
79.55 	 2 	  1.8326 	  
79.65 	 2 	  1.8369 	  
79.75 	 2 	  1.8415 	  
79.85 	 2 	  1.8464 	  
79.95 	 2 	  1.8514 	  
80.05 	 2 	  1.8567 	  
80.15 	 2 	  1.8622 	  
80.25 	 2 	  1.868 	  
80.35 	 2 	  1.8739 	  
80.45 	 2 	  1.88 	  
80.55 	 2 	  1.8863 	  
80.65 	 2 	  1.8927 	  
80.75 	 2 	  1.8993 	  
80.85 	 2 	  1.9061 	  
80.95 	 2 	  1.913 	  
81.05 	 2 	  1.92 	  
81.15 	 2 	  1.9272 	  
81.25 	 2 	  1.9345 	  
81.35 	 2 	  1.9418 	  
81.45 	 2 	  1.9493 	  
81.55 	 2 	  1.9568 	  
81.65 	 2 	  1.9644 	  
81.75 	 2 	  1.9721 	  
81.85 	 2 	  1.9797 	  
81.95 	 2 	  1.9875 	  
82.05 	 2 	  1.9952 	  
82.15 	 2 	  2.0029 	  
82.25 	 2 	  2.0107 	  
82.35 	 2 	  2.0184 	  
82.45 	 2 	  2.0261 	  
82.55 	 2 	  2.0338 	  
82.65 	 2 	  2.0414 	  
82.75 	 2 	  2.0489 	  
82.85 	 2 	  2.0564 	  
82.95 	 2 	  2.0638 	  
83.05 	 2 	  2.0711 	  
83.15 	 2 	  2.0782 	  
83.25 	 2 	  2.0853 	  
83.35 	 2 	  2.0922 	  
83.45 	 2 	  2.099 	  
83.55 	 2 	  2.1057 	  
83.65 	 2 	  2.1122 	  
83.75 	 2 	  2.1185 	  
83.85 	 2 	  2.1247 	  
83.95 	 2 	  2.1306 	  
84.05 	 2 	  2.1364 	  
84.15 	 2 	  2.142 	  
84.25 	 2 	  2.1473 	  
84.35 	 2 	  2.1524 	  
84.45 	 2 	  2.1573 	  
84.55 	 2 	  2.162 	  
84.65 	 2 	  2.1664 	  
84.75 	 2 	  2.1706 	  
84.85 	 2 	  2.1745 	  
84.95 	 2 	  2.1781 	  
85.05 	 2 	  2.1815 	  
85.15 	 2 	  2.1846 	  
85.25 	 2 	  2.1875 	  
85.35 	 2 	  2.19 	  
85.45 	 2 	  2.1923 	  
85.55 	 2 	  2.1943 	  
85.65 	 2 	  2.196 	  
85.75 	 2 	  2.1974 	  
85.85 	 2 	  2.1985 	  
85.95 	 2 	  2.1993 	  
86.05 	 2 	  2.1998 	  
86.15 	 2 	  2.2 	  
86.25 	 2 	  2.1999 	  
86.35 	 2 	  2.1995 	  
86.45 	 2 	  2.1988 	  
86.55 	 2 	  2.1978 	  
86.65 	 2 	  2.1965 	  
86.75 	 2 	  2.195 	  
86.85 	 2 	  2.1931 	  
86.95 	 2 	  2.1909 	  
87.05 	 2 	  2.1885 	  
87.15 	 2 	  2.1857 	  
87.25 	 2 	  2.1827 	  
87.35 	 2 	  2.1794 	  
87.45 	 2 	  2.1759 	  
87.55 	 2 	  2.1721 	  
87.65 	 2 	  2.168 	  
87.75 	 2 	  2.1637 	  
87.85 	 2 	  2.1591 	  
87.95 	 2 	  2.1543 	  
88.05 	 2 	  2.1492 	  
88.15 	 2 	  2.144 	  
88.25 	 2 	  2.1385 	  
88.35 	 2 	  2.1328 	  
88.45 	 2 	  2.1269 	  
88.55 	 2 	  2.1208 	  
88.65 	 2 	  2.1146 	  
88.75 	 2 	  2.1081 	  
88.85 	 2 	  2.1015 	  
88.95 	 2 	  2.0948 	  
89.05 	 2 	  2.0879 	  
89.15 	 2 	  2.0809 	  
89.25 	 2 	  2.0737 	  
89.35 	 2 	  2.0665 	  
89.45 	 2 	  2.0591 	  
89.55 	 2 	  2.0517 	  
89.65 	 2 	  2.0442 	  
89.75 	 2 	  2.0366 	  
89.85 	 2 	  2.0289 	  
89.95 	 2 	  2.0213 	  
90.05 	 2 	  2.0135 	  
90.15 	 2 	  2.0058 	  
90.25 	 2 	  1.9981 	  
90.35 	 2 	  1.9903 	  
90.45 	 2 	  1.9826 	  
90.55 	 2 	  1.9749 	  
90.65 	 2 	  1.9672 	  
90.75 	 2 	  1.9596 	  
90.85 	 2 	  1.9521 	  
90.95 	 2 	  1.9446 	  
91.05 	 2 	  1.9372 	  
91.15 	 2 	  1.9299 	  
91.25 	 2 	  1.9227 	  
91.35 	 2 	  1.9156 	  
91.45 	 2 	  1.9086 	  
91.55 	 2 	  1.9018 	  
91.65 	 2 	  1.8951 	  
91.75 	 2 	  1.8886 	  
91.85 	 2 	  1.8823 	  
91.95 	 2 	  1.8761 	  
92.05 	 2 	  1.8701 	  
92.15 	 2 	  1.8643 	  
92.25 	 2 	  1.8588 	  
92.35 	 2 	  1.8534 	  
92.45 	 2 	  1.8482 	  
92.55 	 2 	  1.8433 	  
92.65 	 2 	  1.8386 	  
92.75 	 2 	  1.8341 	  
92.85 	 2 	  1.8299 	  
92.95 	 2 	  1.826 	  
93.05 	 2 	  1.8223 	  
93.15 	 2 	  1.8189 	  
93.25 	 2 	  1.8157 	  
93.35 	 2 	  1.8129 	  
93.45 	 2 	  1.8103 	  
93.55 	 2 	  1.808 	  
93.65 	 2 	  1.8059 	  
93.75 	 2 	  1.8042 	  
93.85 	 2 	  1.8028 	  
93.95 	 2 	  1.8016 	  
94.05 	 2 	  1.8008 	  
94.15 	 2 	  1.8003 	  
94.25 	 2 	  1.8 	  
94.35 	 2 	  1.8001 	  
94.45 	 2 	  1.8004 	  
94.55 	 2 	  1.8011 	  
94.65 	 2 	  1.802 	  
94.75 	 2 	  1.8033 	  
94.85 	 2 	  1.8048 	  
94.95 	 2 	  1.8067 	  
95.05 	 2 	  1.8088 	  
95.15 	 2 	  1.8112 	  
95.25 	 2 	  1.8139 	  
95.35 	 2 	  1.8169 	  
95.45 	 2 	  1.8201 	  
95.55 	 2 	  1.8237 	  
95.65 	 2 	  1.8274 	  
95.75 	 2 	  1.8315 	  
95.85 	 2 	  1.8358 	  
95.95 	 2 	  1.8403 	  
96.05 	 2 	  1.8451 	  
96.15 	 2 	  1.8501 	  
96.25 	 2 	  1.8554 	  
96.35 	 2 	  1.8608 	  
96.45 	 2 	  1.8665 	  
96.55 	 2 	  1.8723 	  
96.65 	 2 	  1.8784 	  
96.75 	 2 	  1.8846 	  
96.85 	 2 	  1.891 	  
96.95 	 2 	  1.8976 	  
97.05 	 2 	  1.9043 	  
97.15 	 2 	  1.9112 	  
97.25 	 2 	  1.9182 	  
97.35 	 2 	  1.9254 	  
97.45 	 2 	  1.9326 	  
97.55 	 2 	  1.9399 	  
97.65 	 2 	  1.9474 	  
97.75 	 2 	  1.9549 	  
97.85 	 2 	  1.9624 	  
97.95 	 2 	  1.9701 	  
98.05 	 2 	  1.9778 	  
98.15 	 2 	  1.9855 	  
98.25 	 2 	  1.9932 	  
98.35 	 2 	  2.0009 	  
98.45 	 2 	  2.0087 	  
98.55 	 2 	  2.0164 	  
98.65 	 2 	  2.0241 	  
98.75 	 2 	  2.0318 	  
98.85 	 2 	  2.0394 	  
98.95 	 2 	  2.047 	  
99.05 	 2 	  2.0545 	  
99.15 	 2 	  2.0619 	  
99.25 	 2 	  2.0692 	  
99.35 	 2 	  2.0764 	  
99.45 	 2 	  2.0835 	  
99.55 	 2 	  2.0905 	  
99.65 	 2 	  2.0973 	  
99.75 	 2 	  2.104 	  
99.85 	 2 	  2.1105 	  
99.95 	 2 	  2.1169 	  
100.05 	 2 	  2.1231 	  
100.15 	 2 	  2.1291 	  
100.25 	 2 	  2.1349 	  
100.35 	 2 	  2.1405 	  
100.45 	 2 	  2.1459 	  
100.55 	 2 	  2.1511 	  
100.65 	 2 	  2.1561 	  
100.75 	 2 	  2.1608 	  
100.85 	 2 	  2.1653 	  
100.95 	 2 	  2.1695 	  
101.05 	 2 	  2.1735 	  
101.15 	 2 	  2.1772 	  
101.25 	 2 	  2.1807 	  
101.35 	 2 	  2.1839 	  
101.45 	 2 	  2.1868 	  
101.55 	 2 	  2.1894 	  
101.65 	 2 	  2.1918 	  
101.75 	 2 	  2.1938 	  
101.85 	 2 	  2.1956 	  
101.95 	 2 	  2.197 	  
102.05 	 2 	  2.1982 	  
102.15 	 2 	  2.1991 	  
102.25 	 2 	  2.1997 	  
102.35 	 2 	  2.2 	  
102.45 	 2 	  2.2 	  
102.55 	 2 	  2.1996 	  
102.65 	 2 	  2.199 	  
102.75 	 2 	  2.1981 	  
102.85 	 2 	  2.1969 	  
102.95 	 2 	  2.1954 	  
103.05 	 1.9999 	  2.1936 	  
103.15 	 1.9999 	  2.1915 	  
103.25 	 1.9999 	  2.1891 	  
103.35 	 1.9999 	  2.1865 	  
103.45 	 1.9999 	  2.1835 	  
103.55 	 1.9999 	  2.1803 	  
103.65 	 1.9999 	  2.1768 	  
103.75 	 1.9999 	  2.1731 	  
103.85 	 1.9999 	  2.1691 	  
103.95 	 1.9999 	  2.1648 	  
104.05 	 1.9999 	  2.1603 	  
104.15 	 1.9999 	  2.1555 	  
104.25 	 1.9999 	  2.1505 	  
104.35 	 1.9999 	  2.1453 	  
104.45 	 1.9999 	  2.1399 	  
104.55 	 1.9999 	  2.1343 	  
104.65 	 1.9999 	  2.1284 	  
104.75 	 1.9999 	  2.1224 	  
104.85 	 1.9999 	  2.1162 	  
104.95 	 1.9999 	  2.1098 	  
105.05 	 1.9999 	  2.1032 	  
105.15 	 1.9999 	  2.0965 	  
105.25 	 1.9999 	  2.0897 	  
105.35 	 1.9998 	  2.0827 	  
105.45 	 1.9998 	  2.0756 	  
105.55 	 1.9998 	  2.0683 	  
105.65 	 1.9998 	  2.061 	  
105.75 	 1.9998 	  2.0536 	  
105.85 	 1.9998 	  2.0461 	  
105.95 	 1.9998 	  2.0385 	  
106.05 	 1.9998 	  2.0309 	  
106.15 	 1.9998 	  2.0232 	  
106.25 	 1.9998 	  2.0155 	  
106.35 	 1.9998 	  2.0078 	  
106.45 	 1.9998 	  2 	  
106.55 	 1.9998 	  1.9923 	  
106.65 	 1.9998 	  1.9846 	  
106.75 	 1.9998 	  1.9769 	  
106.85 	 1.9998 	  1.9692 	  
106.95 	 1.9998 	  1.9616 	  
107.05 	 1.9998 	  1.954 	  
107.15 	 1.9998 	  1.9465 	  
107.25 	 1.9998 	  1.9391 	  
107.35 	 1.9998 	  1.9317 	  
107.45 	 1.9998 	  1.9245 	  
107.55 	 1.9998 	  1.9174 	  
107.65 	 1.9998 	  1.9104 	  
107.75 	 1.9998 	  1.9036 	  
107.85 	 1.9999 	  1.8968 	  
107.95 	 1.9999 	  1.8903 	  
108.05 	 1.9999 	  1.8839 	  
108.15 	 1.9999 	  1.8777 	  
108.25 	 1.9999 	  1.8716 	  
108.35 	 1.9999 	  1.8658 	  
108.45 	 1.9999 	  1.8602 	  
108.55 	 2 	  1.8547 	  
108.65 	 2 	  1.8495 	  
108.75 	 2 	  1.8445 	  
108.85 	 2 	  1.8398 	  
108.95 	 2 	  1.8353 	  
