simtime:  12.855
number of wsf-lines:  1

line_No     y_coord
1	 1.5
2	  Wave Theory 


X 1	 P 1 	 	 	 	 W 1

0.05 	 1.8075 	  1.8061 	  
0.15 	 1.8098 	  1.8081 	  
0.25 	 1.8123 	  1.8105 	  
0.35 	 1.8151 	  1.8131 	  
0.45 	 1.8182 	  1.816 	  
0.55 	 1.8215 	  1.8191 	  
0.65 	 1.8251 	  1.8226 	  
0.75 	 1.829 	  1.8263 	  
0.85 	 1.8331 	  1.8303 	  
0.95 	 1.8375 	  1.8345 	  
1.05 	 1.8421 	  1.8389 	  
1.15 	 1.847 	  1.8437 	  
1.25 	 1.852 	  1.8486 	  
1.35 	 1.8573 	  1.8538 	  
1.45 	 1.8628 	  1.8592 	  
1.55 	 1.8685 	  1.8648 	  
1.65 	 1.8744 	  1.8706 	  
1.75 	 1.8805 	  1.8766 	  
1.85 	 1.8867 	  1.8828 	  
1.95 	 1.8931 	  1.8891 	  
2.05 	 1.8997 	  1.8956 	  
2.15 	 1.9064 	  1.9023 	  
2.25 	 1.9133 	  1.9092 	  
2.35 	 1.9203 	  1.9161 	  
2.45 	 1.9274 	  1.9232 	  
2.55 	 1.9346 	  1.9304 	  
2.65 	 1.942 	  1.9377 	  
2.75 	 1.9493 	  1.9451 	  
2.85 	 1.9568 	  1.9526 	  
2.95 	 1.9643 	  1.9602 	  
3.05 	 1.9719 	  1.9678 	  
3.15 	 1.9795 	  1.9755 	  
3.25 	 1.9872 	  1.9832 	  
3.35 	 1.9948 	  1.9909 	  
3.45 	 2.0025 	  1.9986 	  
3.55 	 2.0102 	  2.0064 	  
3.65 	 2.0178 	  2.0141 	  
3.75 	 2.0255 	  2.0218 	  
3.85 	 2.033 	  2.0295 	  
3.95 	 2.0406 	  2.0371 	  
4.05 	 2.048 	  2.0447 	  
4.15 	 2.0554 	  2.0522 	  
4.25 	 2.0627 	  2.0597 	  
4.35 	 2.0699 	  2.067 	  
4.45 	 2.077 	  2.0743 	  
4.55 	 2.084 	  2.0814 	  
4.65 	 2.0909 	  2.0884 	  
4.75 	 2.0977 	  2.0953 	  
4.85 	 2.1043 	  2.102 	  
4.95 	 2.1107 	  2.1086 	  
5.05 	 2.117 	  2.115 	  
5.15 	 2.1231 	  2.1213 	  
5.25 	 2.129 	  2.1273 	  
5.35 	 2.1348 	  2.1332 	  
5.45 	 2.1403 	  2.1389 	  
5.55 	 2.1457 	  2.1444 	  
5.65 	 2.1508 	  2.1496 	  
5.75 	 2.1557 	  2.1546 	  
5.85 	 2.1604 	  2.1594 	  
5.95 	 2.1648 	  2.164 	  
6.05 	 2.1691 	  2.1683 	  
6.15 	 2.1731 	  2.1724 	  
6.25 	 2.1768 	  2.1762 	  
6.35 	 2.1803 	  2.1797 	  
6.45 	 2.1835 	  2.183 	  
6.55 	 2.1865 	  2.1859 	  
6.65 	 2.1892 	  2.1887 	  
6.75 	 2.1917 	  2.1911 	  
6.85 	 2.1938 	  2.1932 	  
6.95 	 2.1957 	  2.1951 	  
7.05 	 2.1974 	  2.1966 	  
7.15 	 2.1987 	  2.1979 	  
7.25 	 2.1998 	  2.1989 	  
7.35 	 2.2005 	  2.1995 	  
7.45 	 2.201 	  2.1999 	  
7.55 	 2.2013 	  2.2 	  
7.65 	 2.2012 	  2.1998 	  
7.75 	 2.2008 	  2.1992 	  
7.85 	 2.2001 	  2.1984 	  
7.95 	 2.1992 	  2.1973 	  
8.05 	 2.198 	  2.1959 	  
8.15 	 2.1964 	  2.1942 	  
8.25 	 2.1946 	  2.1921 	  
8.35 	 2.1924 	  2.1899 	  
8.45 	 2.19 	  2.1873 	  
8.55 	 2.1872 	  2.1844 	  
8.65 	 2.1842 	  2.1813 	  
8.75 	 2.1809 	  2.1779 	  
8.85 	 2.1773 	  2.1742 	  
8.95 	 2.1734 	  2.1703 	  
9.05 	 2.1692 	  2.1661 	  
9.15 	 2.1647 	  2.1616 	  
9.25 	 2.1599 	  2.157 	  
9.35 	 2.1549 	  2.152 	  
9.45 	 2.1495 	  2.1469 	  
9.55 	 2.144 	  2.1415 	  
9.65 	 2.1381 	  2.136 	  
9.75 	 2.1321 	  2.1302 	  
9.85 	 2.1258 	  2.1242 	  
9.95 	 2.1192 	  2.118 	  
10.05 	 2.1125 	  2.1117 	  
10.15 	 2.1055 	  2.1052 	  
10.25 	 2.0984 	  2.0985 	  
10.35 	 2.0911 	  2.0917 	  
10.45 	 2.0836 	  2.0848 	  
10.55 	 2.076 	  2.0777 	  
10.65 	 2.0682 	  2.0705 	  
10.75 	 2.0603 	  2.0632 	  
10.85 	 2.0523 	  2.0558 	  
10.95 	 2.0442 	  2.0483 	  
11.05 	 2.036 	  2.0408 	  
11.15 	 2.0276 	  2.0332 	  
11.25 	 2.0193 	  2.0255 	  
11.35 	 2.0109 	  2.0178 	  
11.45 	 2.0025 	  2.0101 	  
11.55 	 1.9941 	  2.0024 	  
11.65 	 1.9856 	  1.9946 	  
11.75 	 1.9772 	  1.9869 	  
11.85 	 1.9688 	  1.9792 	  
11.95 	 1.9604 	  1.9715 	  
12.05 	 1.9521 	  1.9638 	  
12.15 	 1.9438 	  1.9562 	  
12.25 	 1.9357 	  1.9487 	  
12.35 	 1.9276 	  1.9413 	  
12.45 	 1.9197 	  1.9339 	  
12.55 	 1.9118 	  1.9267 	  
12.65 	 1.9042 	  1.9195 	  
12.75 	 1.8968 	  1.9125 	  
12.85 	 1.8895 	  1.9056 	  
12.95 	 1.8824 	  1.8988 	  
13.05 	 1.8756 	  1.8922 	  
13.15 	 1.8691 	  1.8858 	  
13.25 	 1.8629 	  1.8795 	  
13.35 	 1.857 	  1.8734 	  
13.45 	 1.8515 	  1.8675 	  
13.55 	 1.8464 	  1.8618 	  
13.65 	 1.8417 	  1.8563 	  
13.75 	 1.8373 	  1.8511 	  
13.85 	 1.8334 	  1.846 	  
13.95 	 1.8298 	  1.8412 	  
14.05 	 1.8266 	  1.8366 	  
14.15 	 1.8239 	  1.8322 	  
14.25 	 1.8215 	  1.8282 	  
14.35 	 1.8195 	  1.8243 	  
14.45 	 1.8179 	  1.8208 	  
14.55 	 1.8166 	  1.8175 	  
14.65 	 1.8157 	  1.8144 	  
14.75 	 1.8152 	  1.8117 	  
14.85 	 1.815 	  1.8092 	  
14.95 	 1.8152 	  1.807 	  
15.05 	 1.8158 	  1.8051 	  
15.15 	 1.8167 	  1.8035 	  
15.25 	 1.8179 	  1.8022 	  
15.35 	 1.8194 	  1.8012 	  
15.45 	 1.8211 	  1.8005 	  
15.55 	 1.8231 	  1.8001 	  
15.65 	 1.8252 	  1.8 	  
15.75 	 1.8275 	  1.8002 	  
15.85 	 1.83 	  1.8007 	  
15.95 	 1.8326 	  1.8015 	  
16.05 	 1.8353 	  1.8026 	  
16.15 	 1.8381 	  1.8039 	  
16.25 	 1.8411 	  1.8056 	  
16.35 	 1.8442 	  1.8076 	  
16.45 	 1.8475 	  1.8098 	  
16.55 	 1.851 	  1.8124 	  
16.65 	 1.8546 	  1.8152 	  
16.75 	 1.8583 	  1.8183 	  
16.85 	 1.8622 	  1.8217 	  
16.95 	 1.8661 	  1.8253 	  
17.05 	 1.8701 	  1.8292 	  
17.15 	 1.8742 	  1.8334 	  
17.25 	 1.8784 	  1.8378 	  
17.35 	 1.8827 	  1.8424 	  
17.45 	 1.8871 	  1.8473 	  
17.55 	 1.8916 	  1.8524 	  
17.65 	 1.8961 	  1.8578 	  
17.75 	 1.9007 	  1.8633 	  
17.85 	 1.9053 	  1.8691 	  
17.95 	 1.9098 	  1.875 	  
18.05 	 1.9142 	  1.8812 	  
18.15 	 1.9185 	  1.8875 	  
18.25 	 1.9227 	  1.894 	  
18.35 	 1.9268 	  1.9006 	  
18.45 	 1.9308 	  1.9074 	  
18.55 	 1.9345 	  1.9143 	  
18.65 	 1.9381 	  1.9214 	  
18.75 	 1.9415 	  1.9286 	  
18.85 	 1.9447 	  1.9358 	  
18.95 	 1.9478 	  1.9432 	  
19.05 	 1.9507 	  1.9507 	  
19.15 	 1.9535 	  1.9582 	  
19.25 	 1.9563 	  1.9658 	  
19.35 	 1.959 	  1.9735 	  
19.45 	 1.9616 	  1.9812 	  
19.55 	 1.9643 	  1.9889 	  
19.65 	 1.9671 	  1.9966 	  
19.75 	 1.9699 	  2.0044 	  
19.85 	 1.973 	  2.0121 	  
19.95 	 1.9762 	  2.0199 	  
20.05 	 1.9798 	  2.0275 	  
20.15 	 1.9836 	  2.0352 	  
20.25 	 1.9877 	  2.0428 	  
20.35 	 1.9923 	  2.0503 	  
20.45 	 1.9973 	  2.0578 	  
20.55 	 2.0027 	  2.0651 	  
20.65 	 2.0086 	  2.0724 	  
20.75 	 2.015 	  2.0796 	  
20.85 	 2.0219 	  2.0866 	  
20.95 	 2.0293 	  2.0935 	  
21.05 	 2.0371 	  2.1003 	  
21.15 	 2.0454 	  2.1069 	  
21.25 	 2.054 	  2.1134 	  
21.35 	 2.0629 	  2.1197 	  
21.45 	 2.0722 	  2.1258 	  
21.55 	 2.0818 	  2.1317 	  
21.65 	 2.0916 	  2.1375 	  
21.75 	 2.1016 	  2.143 	  
21.85 	 2.1119 	  2.1483 	  
21.95 	 2.1224 	  2.1534 	  
22.05 	 2.1329 	  2.1582 	  
22.15 	 2.1437 	  2.1628 	  
22.25 	 2.1545 	  2.1672 	  
22.35 	 2.1653 	  2.1713 	  
22.45 	 2.1762 	  2.1752 	  
22.55 	 2.1869 	  2.1788 	  
22.65 	 2.1976 	  2.1821 	  
22.75 	 2.2081 	  2.1852 	  
22.85 	 2.2183 	  2.188 	  
22.95 	 2.228 	  2.1905 	  
23.05 	 2.2371 	  2.1927 	  
23.15 	 2.2454 	  2.1946 	  
23.25 	 2.2528 	  2.1963 	  
23.35 	 2.2592 	  2.1976 	  
23.45 	 2.2645 	  2.1987 	  
23.55 	 2.2686 	  2.1994 	  
23.65 	 2.2715 	  2.1999 	  
23.75 	 2.2731 	  2.2 	  
23.85 	 2.2733 	  2.1998 	  
23.95 	 2.2722 	  2.1994 	  
24.05 	 2.2698 	  2.1986 	  
24.15 	 2.2662 	  2.1976 	  
24.25 	 2.2615 	  2.1963 	  
24.35 	 2.2558 	  2.1946 	  
24.45 	 2.2491 	  2.1927 	  
24.55 	 2.2416 	  2.1905 	  
24.65 	 2.2332 	  2.188 	  
24.75 	 2.2242 	  2.1852 	  
24.85 	 2.2146 	  2.1821 	  
24.95 	 2.2045 	  2.1788 	  
25.05 	 2.1939 	  2.1752 	  
25.15 	 2.183 	  2.1713 	  
25.25 	 2.1718 	  2.1672 	  
25.35 	 2.1605 	  2.1628 	  
25.45 	 2.1491 	  2.1582 	  
25.55 	 2.1377 	  2.1533 	  
25.65 	 2.1264 	  2.1482 	  
25.75 	 2.1152 	  2.1429 	  
25.85 	 2.1041 	  2.1374 	  
25.95 	 2.0932 	  2.1317 	  
26.05 	 2.0827 	  2.1258 	  
26.15 	 2.0724 	  2.1196 	  
26.25 	 2.0626 	  2.1134 	  
26.35 	 2.0532 	  2.1069 	  
26.45 	 2.0442 	  2.1003 	  
26.55 	 2.0357 	  2.0935 	  
26.65 	 2.0277 	  2.0866 	  
26.75 	 2.0201 	  2.0795 	  
26.85 	 2.0132 	  2.0724 	  
26.95 	 2.0067 	  2.0651 	  
27.05 	 2.0007 	  2.0577 	  
27.15 	 1.9952 	  2.0503 	  
27.25 	 1.9901 	  2.0427 	  
27.35 	 1.9855 	  2.0351 	  
27.45 	 1.9814 	  2.0275 	  
27.55 	 1.9775 	  2.0198 	  
27.65 	 1.974 	  2.0121 	  
27.75 	 1.9709 	  2.0043 	  
27.85 	 1.9679 	  1.9966 	  
27.95 	 1.9652 	  1.9889 	  
28.05 	 1.9626 	  1.9811 	  
28.15 	 1.9601 	  1.9734 	  
28.25 	 1.9577 	  1.9658 	  
28.35 	 1.9553 	  1.9582 	  
28.45 	 1.9529 	  1.9506 	  
28.55 	 1.9504 	  1.9432 	  
28.65 	 1.9477 	  1.9358 	  
28.75 	 1.9449 	  1.9285 	  
28.85 	 1.9419 	  1.9213 	  
28.95 	 1.9388 	  1.9143 	  
29.05 	 1.9353 	  1.9073 	  
29.15 	 1.9317 	  1.9006 	  
29.25 	 1.9277 	  1.8939 	  
29.35 	 1.9236 	  1.8874 	  
29.45 	 1.9192 	  1.8811 	  
29.55 	 1.9147 	  1.875 	  
29.65 	 1.9099 	  1.869 	  
29.75 	 1.905 	  1.8633 	  
29.85 	 1.9 	  1.8577 	  
29.95 	 1.895 	  1.8524 	  
30.05 	 1.8899 	  1.8473 	  
30.15 	 1.8848 	  1.8424 	  
30.25 	 1.8797 	  1.8377 	  
30.35 	 1.8747 	  1.8333 	  
30.45 	 1.8698 	  1.8292 	  
30.55 	 1.8651 	  1.8253 	  
30.65 	 1.8605 	  1.8216 	  
30.75 	 1.8561 	  1.8183 	  
30.85 	 1.8519 	  1.8152 	  
30.95 	 1.848 	  1.8124 	  
31.05 	 1.8444 	  1.8098 	  
31.15 	 1.841 	  1.8076 	  
31.25 	 1.838 	  1.8056 	  
31.35 	 1.8352 	  1.8039 	  
31.45 	 1.8328 	  1.8025 	  
31.55 	 1.8307 	  1.8015 	  
31.65 	 1.8289 	  1.8007 	  
31.75 	 1.8274 	  1.8002 	  
31.85 	 1.8262 	  1.8 	  
31.95 	 1.8254 	  1.8001 	  
32.05 	 1.8248 	  1.8005 	  
32.15 	 1.8245 	  1.8012 	  
32.25 	 1.8246 	  1.8022 	  
32.35 	 1.825 	  1.8036 	  
32.45 	 1.8257 	  1.8052 	  
32.55 	 1.8267 	  1.807 	  
32.65 	 1.8279 	  1.8092 	  
32.75 	 1.8294 	  1.8117 	  
32.85 	 1.8312 	  1.8144 	  
32.95 	 1.8332 	  1.8175 	  
33.05 	 1.8354 	  1.8208 	  
33.15 	 1.8379 	  1.8243 	  
33.25 	 1.8407 	  1.8282 	  
33.35 	 1.8436 	  1.8323 	  
33.45 	 1.8468 	  1.8366 	  
33.55 	 1.8502 	  1.8412 	  
33.65 	 1.8537 	  1.846 	  
33.75 	 1.8575 	  1.8511 	  
33.85 	 1.8615 	  1.8564 	  
33.95 	 1.8656 	  1.8619 	  
34.05 	 1.8698 	  1.8676 	  
34.15 	 1.8742 	  1.8735 	  
34.25 	 1.8787 	  1.8796 	  
34.35 	 1.8833 	  1.8858 	  
34.45 	 1.888 	  1.8923 	  
34.55 	 1.8927 	  1.8989 	  
34.65 	 1.8976 	  1.9056 	  
34.75 	 1.9024 	  1.9125 	  
34.85 	 1.9074 	  1.9196 	  
34.95 	 1.9123 	  1.9267 	  
35.05 	 1.9173 	  1.934 	  
35.15 	 1.9224 	  1.9413 	  
35.25 	 1.9275 	  1.9488 	  
35.35 	 1.9326 	  1.9563 	  
35.45 	 1.9378 	  1.9639 	  
35.55 	 1.9431 	  1.9715 	  
35.65 	 1.9485 	  1.9792 	  
35.75 	 1.9539 	  1.9869 	  
35.85 	 1.9595 	  1.9947 	  
35.95 	 1.9651 	  2.0024 	  
36.05 	 1.9708 	  2.0101 	  
36.15 	 1.9766 	  2.0179 	  
36.25 	 1.9825 	  2.0256 	  
36.35 	 1.9885 	  2.0332 	  
36.45 	 1.9946 	  2.0408 	  
36.55 	 2.0009 	  2.0484 	  
36.65 	 2.0074 	  2.0559 	  
36.75 	 2.014 	  2.0633 	  
36.85 	 2.0207 	  2.0706 	  
36.95 	 2.0277 	  2.0777 	  
37.05 	 2.0347 	  2.0848 	  
37.15 	 2.042 	  2.0918 	  
37.25 	 2.0494 	  2.0986 	  
37.35 	 2.057 	  2.1052 	  
37.45 	 2.0647 	  2.1117 	  
37.55 	 2.0725 	  2.1181 	  
37.65 	 2.0805 	  2.1242 	  
37.75 	 2.0886 	  2.1302 	  
37.85 	 2.0968 	  2.136 	  
37.95 	 2.1052 	  2.1416 	  
38.05 	 2.1136 	  2.1469 	  
38.15 	 2.122 	  2.1521 	  
38.25 	 2.1305 	  2.157 	  
38.35 	 2.139 	  2.1617 	  
38.45 	 2.1475 	  2.1661 	  
38.55 	 2.1558 	  2.1703 	  
38.65 	 2.164 	  2.1742 	  
38.75 	 2.1722 	  2.1779 	  
38.85 	 2.1801 	  2.1813 	  
38.95 	 2.1878 	  2.1844 	  
39.05 	 2.1953 	  2.1873 	  
39.15 	 2.2025 	  2.1899 	  
39.25 	 2.2094 	  2.1922 	  
39.35 	 2.2157 	  2.1942 	  
39.45 	 2.2216 	  2.1959 	  
39.55 	 2.2269 	  2.1973 	  
39.65 	 2.2316 	  2.1984 	  
39.75 	 2.2357 	  2.1992 	  
39.85 	 2.2391 	  2.1998 	  
39.95 	 2.2418 	  2.2 	  
40.05 	 2.2438 	  2.1999 	  
40.15 	 2.2451 	  2.1995 	  
40.25 	 2.2456 	  2.1989 	  
40.35 	 2.2454 	  2.1979 	  
40.45 	 2.2444 	  2.1966 	  
40.55 	 2.2427 	  2.1951 	  
40.65 	 2.2403 	  2.1932 	  
40.75 	 2.2371 	  2.1911 	  
40.85 	 2.2333 	  2.1886 	  
40.95 	 2.2287 	  2.1859 	  
41.05 	 2.2235 	  2.1829 	  
41.15 	 2.2177 	  2.1797 	  
41.25 	 2.2113 	  2.1761 	  
41.35 	 2.2044 	  2.1723 	  
41.45 	 2.1969 	  2.1683 	  
41.55 	 2.189 	  2.164 	  
41.65 	 2.1806 	  2.1594 	  
41.75 	 2.1719 	  2.1546 	  
41.85 	 2.1629 	  2.1496 	  
41.95 	 2.1536 	  2.1443 	  
42.05 	 2.144 	  2.1389 	  
42.15 	 2.1343 	  2.1332 	  
42.25 	 2.1244 	  2.1273 	  
42.35 	 2.1144 	  2.1212 	  
42.45 	 2.1043 	  2.115 	  
42.55 	 2.0942 	  2.1086 	  
42.65 	 2.0841 	  2.102 	  
42.75 	 2.0741 	  2.0952 	  
42.85 	 2.0641 	  2.0884 	  
42.95 	 2.0543 	  2.0814 	  
43.05 	 2.0447 	  2.0742 	  
43.15 	 2.0352 	  2.067 	  
43.25 	 2.0259 	  2.0596 	  
43.35 	 2.0168 	  2.0522 	  
43.45 	 2.0078 	  2.0447 	  
43.55 	 1.9992 	  2.0371 	  
43.65 	 1.9907 	  2.0295 	  
43.75 	 1.9825 	  2.0218 	  
43.85 	 1.9746 	  2.0141 	  
43.95 	 1.9669 	  2.0063 	  
44.05 	 1.9595 	  1.9986 	  
44.15 	 1.9524 	  1.9909 	  
44.25 	 1.9455 	  1.9831 	  
44.35 	 1.939 	  1.9754 	  
44.45 	 1.9327 	  1.9678 	  
44.55 	 1.9267 	  1.9601 	  
44.65 	 1.921 	  1.9526 	  
44.75 	 1.9155 	  1.9451 	  
44.85 	 1.9103 	  1.9377 	  
44.95 	 1.9054 	  1.9304 	  
45.05 	 1.9007 	  1.9232 	  
45.15 	 1.8963 	  1.9161 	  
45.25 	 1.8922 	  1.9091 	  
45.35 	 1.8883 	  1.9023 	  
45.45 	 1.8846 	  1.8956 	  
45.55 	 1.8812 	  1.8891 	  
45.65 	 1.878 	  1.8827 	  
45.75 	 1.8751 	  1.8765 	  
45.85 	 1.8723 	  1.8705 	  
45.95 	 1.8698 	  1.8647 	  
46.05 	 1.8676 	  1.8591 	  
46.15 	 1.8655 	  1.8537 	  
46.25 	 1.8637 	  1.8486 	  
46.35 	 1.862 	  1.8436 	  
46.45 	 1.8606 	  1.8389 	  
46.55 	 1.8593 	  1.8344 	  
46.65 	 1.8583 	  1.8302 	  
46.75 	 1.8574 	  1.8263 	  
46.85 	 1.8567 	  1.8226 	  
46.95 	 1.8562 	  1.8191 	  
47.05 	 1.8559 	  1.8159 	  
47.15 	 1.8558 	  1.8131 	  
47.25 	 1.8558 	  1.8104 	  
47.35 	 1.856 	  1.8081 	  
47.45 	 1.8563 	  1.8061 	  
47.55 	 1.8568 	  1.8043 	  
47.65 	 1.8575 	  1.8029 	  
47.75 	 1.8583 	  1.8017 	  
47.85 	 1.8592 	  1.8009 	  
47.95 	 1.8603 	  1.8003 	  
48.05 	 1.8615 	  1.8 	  
48.15 	 1.8629 	  1.8001 	  
48.25 	 1.8644 	  1.8004 	  
48.35 	 1.866 	  1.801 	  
48.45 	 1.8677 	  1.802 	  
48.55 	 1.8695 	  1.8032 	  
48.65 	 1.8715 	  1.8047 	  
48.75 	 1.8736 	  1.8065 	  
48.85 	 1.8758 	  1.8086 	  
48.95 	 1.8781 	  1.811 	  
49.05 	 1.8805 	  1.8137 	  
49.15 	 1.883 	  1.8167 	  
49.25 	 1.8856 	  1.8199 	  
49.35 	 1.8883 	  1.8234 	  
49.45 	 1.8911 	  1.8272 	  
49.55 	 1.894 	  1.8312 	  
49.65 	 1.897 	  1.8355 	  
49.75 	 1.9001 	  1.84 	  
49.85 	 1.9032 	  1.8448 	  
49.95 	 1.9065 	  1.8498 	  
50.05 	 1.9098 	  1.855 	  
50.15 	 1.9132 	  1.8604 	  
50.25 	 1.9167 	  1.8661 	  
50.35 	 1.9203 	  1.8719 	  
50.45 	 1.9239 	  1.878 	  
50.55 	 1.9277 	  1.8842 	  
50.65 	 1.9315 	  1.8906 	  
50.75 	 1.9353 	  1.8972 	  
50.85 	 1.9392 	  1.9039 	  
50.95 	 1.9432 	  1.9107 	  
51.05 	 1.9472 	  1.9177 	  
51.15 	 1.9513 	  1.9249 	  
51.25 	 1.9554 	  1.9321 	  
51.35 	 1.9596 	  1.9394 	  
51.45 	 1.9639 	  1.9468 	  
51.55 	 1.9681 	  1.9544 	  
51.65 	 1.9724 	  1.9619 	  
51.75 	 1.9768 	  1.9696 	  
51.85 	 1.9811 	  1.9772 	  
51.95 	 1.9855 	  1.9849 	  
52.05 	 1.9899 	  1.9927 	  
52.15 	 1.9943 	  2.0004 	  
52.25 	 1.9988 	  2.0082 	  
52.35 	 2.0032 	  2.0159 	  
52.45 	 2.0076 	  2.0236 	  
52.55 	 2.0121 	  2.0313 	  
52.65 	 2.0165 	  2.0389 	  
52.75 	 2.0209 	  2.0465 	  
52.85 	 2.0252 	  2.0539 	  
52.95 	 2.0296 	  2.0614 	  
53.05 	 2.0339 	  2.0687 	  
53.15 	 2.0382 	  2.0759 	  
53.25 	 2.0424 	  2.083 	  
53.35 	 2.0466 	  2.09 	  
53.45 	 2.0508 	  2.0968 	  
53.55 	 2.0549 	  2.1035 	  
53.65 	 2.0589 	  2.1101 	  
53.75 	 2.0628 	  2.1165 	  
53.85 	 2.0666 	  2.1227 	  
53.95 	 2.0704 	  2.1287 	  
54.05 	 2.0741 	  2.1345 	  
54.15 	 2.0777 	  2.1402 	  
54.25 	 2.0812 	  2.1456 	  
54.35 	 2.0845 	  2.1508 	  
54.45 	 2.0878 	  2.1558 	  
54.55 	 2.091 	  2.1605 	  
54.65 	 2.094 	  2.165 	  
54.75 	 2.0969 	  2.1692 	  
54.85 	 2.0997 	  2.1732 	  
54.95 	 2.1023 	  2.177 	  
55.05 	 2.1049 	  2.1805 	  
55.15 	 2.1072 	  2.1837 	  
55.25 	 2.1095 	  2.1866 	  
55.35 	 2.1116 	  2.1892 	  
55.45 	 2.1135 	  2.1916 	  
55.55 	 2.1153 	  2.1937 	  
55.65 	 2.117 	  2.1955 	  
55.75 	 2.1185 	  2.197 	  
55.85 	 2.1199 	  2.1982 	  
55.95 	 2.1211 	  2.1991 	  
56.05 	 2.1222 	  2.1997 	  
56.15 	 2.1231 	  2.2 	  
56.25 	 2.1239 	  2.2 	  
56.35 	 2.1245 	  2.1997 	  
56.45 	 2.125 	  2.1991 	  
56.55 	 2.1254 	  2.1982 	  
56.65 	 2.1256 	  2.197 	  
56.75 	 2.1257 	  2.1955 	  
56.85 	 2.1257 	  2.1937 	  
56.95 	 2.1256 	  2.1916 	  
57.05 	 2.1253 	  2.1893 	  
57.15 	 2.1249 	  2.1866 	  
57.25 	 2.1244 	  2.1837 	  
57.35 	 2.1238 	  2.1805 	  
57.45 	 2.1231 	  2.1771 	  
57.55 	 2.1223 	  2.1733 	  
57.65 	 2.1214 	  2.1693 	  
57.75 	 2.1204 	  2.1651 	  
57.85 	 2.1194 	  2.1606 	  
57.95 	 2.1182 	  2.1559 	  
58.05 	 2.1169 	  2.1509 	  
58.15 	 2.1156 	  2.1457 	  
58.25 	 2.1142 	  2.1403 	  
58.35 	 2.1127 	  2.1347 	  
58.45 	 2.1112 	  2.1288 	  
58.55 	 2.1097 	  2.1228 	  
58.65 	 2.108 	  2.1166 	  
58.75 	 2.1064 	  2.1102 	  
58.85 	 2.1047 	  2.1037 	  
58.95 	 2.1029 	  2.097 	  
59.05 	 2.1011 	  2.0901 	  
59.15 	 2.0993 	  2.0832 	  
59.25 	 2.0975 	  2.0761 	  
59.35 	 2.0956 	  2.0688 	  
59.45 	 2.0938 	  2.0615 	  
59.55 	 2.0919 	  2.0541 	  
59.65 	 2.0901 	  2.0466 	  
59.75 	 2.0882 	  2.0391 	  
59.85 	 2.0864 	  2.0314 	  
59.95 	 2.0845 	  2.0238 	  
60.05 	 2.0827 	  2.0161 	  
60.15 	 2.0808 	  2.0083 	  
60.25 	 2.0789 	  2.0006 	  
60.35 	 2.077 	  1.9928 	  
60.45 	 2.0752 	  1.9851 	  
60.55 	 2.0734 	  1.9774 	  
60.65 	 2.0717 	  1.9697 	  
60.75 	 2.0699 	  1.9621 	  
60.85 	 2.0682 	  1.9545 	  
60.95 	 2.0665 	  1.947 	  
61.05 	 2.0649 	  1.9396 	  
61.15 	 2.0633 	  1.9322 	  
61.25 	 2.0618 	  1.925 	  
61.35 	 2.0602 	  1.9179 	  
61.45 	 2.0588 	  1.9109 	  
61.55 	 2.0575 	  1.904 	  
61.65 	 2.0559 	  1.8973 	  
61.75 	 2.0545 	  1.8907 	  
61.85 	 2.0528 	  1.8843 	  
61.95 	 2.0505 	  1.8781 	  
62.05 	 2.0454 	  1.8721 	  
62.15 	 2.0412 	  1.8662 	  
62.25 	 2.0373 	  1.8605 	  
62.35 	 2.0335 	  1.8551 	  
62.45 	 2.0296 	  1.8499 	  
62.55 	 2.0254 	  1.8449 	  
62.65 	 2.0235 	  1.8401 	  
62.75 	 2.0218 	  1.8356 	  
62.85 	 2.0204 	  1.8313 	  
62.95 	 2.0194 	  1.8273 	  
63.05 	 2.0182 	  1.8235 	  
63.15 	 2.0172 	  1.82 	  
63.25 	 2.0161 	  1.8167 	  
63.35 	 2.0151 	  1.8138 	  
63.45 	 2.0141 	  1.8111 	  
63.55 	 2.0132 	  1.8087 	  
63.65 	 2.0123 	  1.8066 	  
63.75 	 2.0114 	  1.8048 	  
63.85 	 2.0106 	  1.8032 	  
63.95 	 2.0099 	  1.802 	  
64.05 	 2.0091 	  1.801 	  
64.15 	 2.0083 	  1.8004 	  
64.25 	 2.0076 	  1.8001 	  
64.35 	 2.0069 	  1.8 	  
64.45 	 2.0063 	  1.8003 	  
64.55 	 2.0057 	  1.8008 	  
64.65 	 2.005 	  1.8017 	  
64.75 	 2.0044 	  1.8028 	  
64.85 	 2.0039 	  1.8043 	  
64.95 	 2.0033 	  1.806 	  
65.05 	 2.0028 	  1.8081 	  
65.15 	 2.0023 	  1.8104 	  
65.25 	 2.0018 	  1.813 	  
65.35 	 2.0014 	  1.8159 	  
65.45 	 2.0009 	  1.819 	  
65.55 	 2.0005 	  1.8225 	  
65.65 	 2.0002 	  1.8262 	  
65.75 	 1.9998 	  1.8301 	  
65.85 	 1.9994 	  1.8343 	  
65.95 	 1.9991 	  1.8388 	  
66.05 	 1.9988 	  1.8435 	  
66.15 	 1.9985 	  1.8485 	  
66.25 	 1.9982 	  1.8536 	  
66.35 	 1.998 	  1.859 	  
66.45 	 1.9977 	  1.8646 	  
66.55 	 1.9975 	  1.8704 	  
66.65 	 1.9973 	  1.8764 	  
66.75 	 1.9971 	  1.8826 	  
66.85 	 1.9969 	  1.8889 	  
66.95 	 1.9967 	  1.8955 	  
67.05 	 1.9965 	  1.9021 	  
67.15 	 1.9963 	  1.909 	  
67.25 	 1.9962 	  1.9159 	  
67.35 	 1.9961 	  1.923 	  
67.45 	 1.9959 	  1.9302 	  
67.55 	 1.9958 	  1.9375 	  
67.65 	 1.9957 	  1.9449 	  
67.75 	 1.9956 	  1.9524 	  
67.85 	 1.9955 	  1.96 	  
67.95 	 1.9954 	  1.9676 	  
68.05 	 1.9953 	  1.9753 	  
68.15 	 1.9952 	  1.983 	  
68.25 	 1.9952 	  1.9907 	  
68.35 	 1.9951 	  1.9984 	  
68.45 	 1.9951 	  2.0062 	  
68.55 	 1.995 	  2.0139 	  
68.65 	 1.995 	  2.0216 	  
68.75 	 1.995 	  2.0293 	  
68.85 	 1.995 	  2.0369 	  
68.95 	 1.995 	  2.0445 	  
69.05 	 1.995 	  2.052 	  
69.15 	 1.995 	  2.0595 	  
69.25 	 1.995 	  2.0668 	  
69.35 	 1.995 	  2.0741 	  
69.45 	 1.995 	  2.0812 	  
69.55 	 1.995 	  2.0882 	  
69.65 	 1.995 	  2.0951 	  
69.75 	 1.995 	  2.1018 	  
69.85 	 1.995 	  2.1084 	  
69.95 	 1.9951 	  2.1148 	  
70.05 	 1.9951 	  2.1211 	  
70.15 	 1.9951 	  2.1272 	  
70.25 	 1.9952 	  2.1331 	  
70.35 	 1.9952 	  2.1387 	  
70.45 	 1.9953 	  2.1442 	  
70.55 	 1.9953 	  2.1495 	  
70.65 	 1.9954 	  2.1545 	  
70.75 	 1.9954 	  2.1593 	  
70.85 	 1.9955 	  2.1639 	  
70.95 	 1.9955 	  2.1682 	  
71.05 	 1.9956 	  2.1722 	  
71.15 	 1.9956 	  2.176 	  
71.25 	 1.9957 	  2.1796 	  
71.35 	 1.9958 	  2.1829 	  
71.45 	 1.9958 	  2.1859 	  
71.55 	 1.9959 	  2.1886 	  
71.65 	 1.9959 	  2.191 	  
71.75 	 1.996 	  2.1932 	  
71.85 	 1.9961 	  2.195 	  
71.95 	 1.9961 	  2.1966 	  
72.05 	 1.9962 	  2.1979 	  
72.15 	 1.9963 	  2.1989 	  
72.25 	 1.9963 	  2.1995 	  
72.35 	 1.9964 	  2.1999 	  
72.45 	 1.9965 	  2.2 	  
72.55 	 1.9965 	  2.1998 	  
72.65 	 1.9966 	  2.1993 	  
72.75 	 1.9966 	  2.1984 	  
72.85 	 1.9967 	  2.1973 	  
72.95 	 1.9968 	  2.1959 	  
73.05 	 1.9968 	  2.1942 	  
73.15 	 1.9969 	  2.1922 	  
73.25 	 1.997 	  2.1899 	  
73.35 	 1.997 	  2.1874 	  
73.45 	 1.9971 	  2.1845 	  
73.55 	 1.9971 	  2.1814 	  
73.65 	 1.9972 	  2.178 	  
73.75 	 1.9973 	  2.1743 	  
73.85 	 1.9973 	  2.1704 	  
73.95 	 1.9974 	  2.1662 	  
74.05 	 1.9974 	  2.1618 	  
74.15 	 1.9975 	  2.1571 	  
74.25 	 1.9975 	  2.1522 	  
74.35 	 1.9976 	  2.1471 	  
74.45 	 1.9977 	  2.1417 	  
74.55 	 1.9977 	  2.1361 	  
74.65 	 1.9978 	  2.1304 	  
74.75 	 1.9978 	  2.1244 	  
74.85 	 1.9979 	  2.1182 	  
74.95 	 1.9979 	  2.1119 	  
75.05 	 1.998 	  2.1054 	  
75.15 	 1.998 	  2.0987 	  
75.25 	 1.9981 	  2.0919 	  
75.35 	 1.9981 	  2.085 	  
75.45 	 1.9982 	  2.0779 	  
75.55 	 1.9982 	  2.0707 	  
75.65 	 1.9983 	  2.0634 	  
75.75 	 1.9983 	  2.056 	  
75.85 	 1.9984 	  2.0486 	  
75.95 	 1.9984 	  2.041 	  
76.05 	 1.9985 	  2.0334 	  
76.15 	 1.9985 	  2.0257 	  
76.25 	 1.9985 	  2.018 	  
76.35 	 1.9986 	  2.0103 	  
76.45 	 1.9986 	  2.0026 	  
76.55 	 1.9987 	  1.9948 	  
76.65 	 1.9987 	  1.9871 	  
76.75 	 1.9987 	  1.9794 	  
76.85 	 1.9988 	  1.9717 	  
76.95 	 1.9988 	  1.964 	  
77.05 	 1.9988 	  1.9565 	  
77.15 	 1.9989 	  1.9489 	  
77.25 	 1.9989 	  1.9415 	  
77.35 	 1.9989 	  1.9341 	  
77.45 	 1.999 	  1.9269 	  
77.55 	 1.999 	  1.9197 	  
77.65 	 1.999 	  1.9127 	  
77.75 	 1.9991 	  1.9058 	  
77.85 	 1.9991 	  1.899 	  
77.95 	 1.9991 	  1.8924 	  
78.05 	 1.9992 	  1.886 	  
78.15 	 1.9992 	  1.8797 	  
78.25 	 1.9992 	  1.8736 	  
78.35 	 1.9992 	  1.8677 	  
78.45 	 1.9993 	  1.862 	  
78.55 	 1.9993 	  1.8565 	  
78.65 	 1.9993 	  1.8512 	  
78.75 	 1.9993 	  1.8461 	  
78.85 	 1.9993 	  1.8413 	  
78.95 	 1.9994 	  1.8367 	  
79.05 	 1.9994 	  1.8324 	  
79.15 	 1.9994 	  1.8283 	  
79.25 	 1.9994 	  1.8244 	  
79.35 	 1.9994 	  1.8208 	  
79.45 	 1.9995 	  1.8175 	  
79.55 	 1.9995 	  1.8145 	  
79.65 	 1.9995 	  1.8118 	  
79.75 	 1.9995 	  1.8093 	  
79.85 	 1.9995 	  1.8071 	  
79.95 	 1.9995 	  1.8052 	  
80.05 	 1.9996 	  1.8036 	  
80.15 	 1.9996 	  1.8023 	  
80.25 	 1.9996 	  1.8013 	  
80.35 	 1.9996 	  1.8005 	  
80.45 	 1.9996 	  1.8001 	  
80.55 	 1.9996 	  1.8 	  
80.65 	 1.9996 	  1.8002 	  
80.75 	 1.9996 	  1.8007 	  
80.85 	 1.9997 	  1.8014 	  
80.95 	 1.9997 	  1.8025 	  
81.05 	 1.9997 	  1.8039 	  
81.15 	 1.9997 	  1.8056 	  
81.25 	 1.9997 	  1.8075 	  
81.35 	 1.9997 	  1.8098 	  
81.45 	 1.9997 	  1.8123 	  
81.55 	 1.9997 	  1.8151 	  
81.65 	 1.9997 	  1.8182 	  
81.75 	 1.9997 	  1.8216 	  
81.85 	 1.9997 	  1.8252 	  
81.95 	 1.9997 	  1.8291 	  
82.05 	 1.9998 	  1.8332 	  
82.15 	 1.9998 	  1.8376 	  
82.25 	 1.9998 	  1.8423 	  
82.35 	 1.9998 	  1.8472 	  
82.45 	 1.9998 	  1.8523 	  
82.55 	 1.9998 	  1.8576 	  
82.65 	 1.9998 	  1.8631 	  
82.75 	 1.9998 	  1.8689 	  
82.85 	 1.9998 	  1.8748 	  
82.95 	 1.9998 	  1.881 	  
83.05 	 1.9998 	  1.8873 	  
83.15 	 1.9998 	  1.8938 	  
83.25 	 1.9998 	  1.9004 	  
83.35 	 1.9998 	  1.9072 	  
83.45 	 1.9998 	  1.9141 	  
83.55 	 1.9998 	  1.9212 	  
83.65 	 1.9998 	  1.9284 	  
83.75 	 1.9998 	  1.9356 	  
83.85 	 1.9998 	  1.943 	  
83.95 	 1.9998 	  1.9505 	  
84.05 	 1.9998 	  1.958 	  
84.15 	 1.9999 	  1.9656 	  
84.25 	 1.9999 	  1.9733 	  
84.35 	 1.9999 	  1.981 	  
84.45 	 1.9999 	  1.9887 	  
84.55 	 1.9999 	  1.9964 	  
84.65 	 1.9999 	  2.0042 	  
84.75 	 1.9999 	  2.0119 	  
84.85 	 1.9999 	  2.0196 	  
84.95 	 1.9999 	  2.0273 	  
85.05 	 1.9999 	  2.035 	  
85.15 	 1.9999 	  2.0426 	  
85.25 	 1.9999 	  2.0501 	  
85.35 	 1.9999 	  2.0576 	  
85.45 	 1.9999 	  2.0649 	  
85.55 	 1.9999 	  2.0722 	  
85.65 	 1.9999 	  2.0794 	  
85.75 	 1.9999 	  2.0864 	  
85.85 	 1.9999 	  2.0933 	  
85.95 	 1.9999 	  2.1001 	  
86.05 	 1.9999 	  2.1067 	  
86.15 	 1.9999 	  2.1132 	  
86.25 	 1.9999 	  2.1195 	  
86.35 	 1.9999 	  2.1256 	  
86.45 	 1.9999 	  2.1316 	  
86.55 	 1.9999 	  2.1373 	  
86.65 	 1.9999 	  2.1428 	  
86.75 	 1.9999 	  2.1481 	  
86.85 	 1.9999 	  2.1532 	  
86.95 	 1.9999 	  2.1581 	  
87.05 	 1.9999 	  2.1627 	  
87.15 	 1.9999 	  2.1671 	  
87.25 	 1.9999 	  2.1712 	  
87.35 	 1.9999 	  2.1751 	  
87.45 	 2 	  2.1787 	  
87.55 	 2 	  2.182 	  
87.65 	 2 	  2.1851 	  
87.75 	 2 	  2.1879 	  
87.85 	 2 	  2.1904 	  
87.95 	 2 	  2.1926 	  
88.05 	 2 	  2.1946 	  
88.15 	 2 	  2.1962 	  
88.25 	 2 	  2.1976 	  
88.35 	 2 	  2.1986 	  
88.45 	 2 	  2.1994 	  
88.55 	 2 	  2.1998 	  
88.65 	 2 	  2.2 	  
88.75 	 2 	  2.1999 	  
88.85 	 2 	  2.1994 	  
88.95 	 2 	  2.1987 	  
89.05 	 2 	  2.1976 	  
89.15 	 2 	  2.1963 	  
89.25 	 2 	  2.1947 	  
89.35 	 2 	  2.1927 	  
89.45 	 2 	  2.1905 	  
89.55 	 2 	  2.188 	  
89.65 	 2 	  2.1853 	  
89.75 	 2 	  2.1822 	  
89.85 	 2 	  2.1789 	  
89.95 	 2 	  2.1753 	  
90.05 	 2 	  2.1714 	  
90.15 	 2 	  2.1673 	  
90.25 	 2 	  2.1629 	  
90.35 	 2 	  2.1583 	  
90.45 	 2 	  2.1535 	  
90.55 	 2 	  2.1484 	  
90.65 	 2 	  2.1431 	  
90.75 	 2 	  2.1376 	  
90.85 	 2 	  2.1319 	  
90.95 	 2 	  2.1259 	  
91.05 	 2 	  2.1198 	  
91.15 	 2 	  2.1135 	  
91.25 	 2 	  2.1071 	  
91.35 	 2 	  2.1005 	  
91.45 	 2 	  2.0937 	  
91.55 	 2 	  2.0868 	  
91.65 	 2 	  2.0797 	  
91.75 	 2 	  2.0726 	  
91.85 	 2 	  2.0653 	  
91.95 	 2 	  2.0579 	  
92.05 	 2 	  2.0505 	  
92.15 	 2 	  2.043 	  
92.25 	 2 	  2.0354 	  
92.35 	 2 	  2.0277 	  
92.45 	 2 	  2.02 	  
92.55 	 2 	  2.0123 	  
92.65 	 2 	  2.0046 	  
92.75 	 2 	  1.9968 	  
92.85 	 2 	  1.9891 	  
92.95 	 2 	  1.9814 	  
93.05 	 2 	  1.9737 	  
93.15 	 2 	  1.966 	  
93.25 	 2 	  1.9584 	  
93.35 	 2 	  1.9509 	  
93.45 	 2 	  1.9434 	  
93.55 	 2 	  1.936 	  
93.65 	 2 	  1.9287 	  
93.75 	 2 	  1.9215 	  
93.85 	 2 	  1.9145 	  
93.95 	 2 	  1.9075 	  
94.05 	 2 	  1.9007 	  
94.15 	 2 	  1.8941 	  
94.25 	 2 	  1.8876 	  
94.35 	 2 	  1.8813 	  
94.45 	 2 	  1.8751 	  
94.55 	 2 	  1.8692 	  
94.65 	 2 	  1.8634 	  
94.75 	 2 	  1.8579 	  
94.85 	 2 	  1.8525 	  
94.95 	 2 	  1.8474 	  
95.05 	 2 	  1.8425 	  
95.15 	 2 	  1.8379 	  
95.25 	 2 	  1.8335 	  
95.35 	 2 	  1.8293 	  
95.45 	 2 	  1.8254 	  
95.55 	 2 	  1.8217 	  
95.65 	 2 	  1.8184 	  
95.75 	 2 	  1.8153 	  
95.85 	 2 	  1.8124 	  
95.95 	 2 	  1.8099 	  
96.05 	 2 	  1.8076 	  
96.15 	 2 	  1.8057 	  
96.25 	 2 	  1.804 	  
96.35 	 2 	  1.8026 	  
96.45 	 2 	  1.8015 	  
96.55 	 2 	  1.8007 	  
96.65 	 2 	  1.8002 	  
96.75 	 2 	  1.8 	  
96.85 	 2 	  1.8001 	  
96.95 	 2 	  1.8005 	  
97.05 	 2 	  1.8012 	  
97.15 	 2 	  1.8022 	  
97.25 	 2 	  1.8035 	  
97.35 	 2 	  1.8051 	  
97.45 	 2 	  1.807 	  
97.55 	 2 	  1.8092 	  
97.65 	 2 	  1.8116 	  
97.75 	 2 	  1.8144 	  
97.85 	 2 	  1.8174 	  
97.95 	 2 	  1.8207 	  
98.05 	 2 	  1.8242 	  
98.15 	 2 	  1.8281 	  
98.25 	 2 	  1.8322 	  
98.35 	 2 	  1.8365 	  
98.45 	 2 	  1.8411 	  
98.55 	 2 	  1.8459 	  
98.65 	 2 	  1.8509 	  
98.75 	 2 	  1.8562 	  
98.85 	 2 	  1.8617 	  
98.95 	 2 	  1.8674 	  
99.05 	 2 	  1.8733 	  
99.15 	 2 	  1.8794 	  
99.25 	 2 	  1.8856 	  
99.35 	 2 	  1.8921 	  
99.45 	 2 	  1.8987 	  
99.55 	 2 	  1.9054 	  
99.65 	 2 	  1.9123 	  
99.75 	 2 	  1.9194 	  
99.85 	 2 	  1.9265 	  
99.95 	 2 	  1.9338 	  
100.05 	 2 	  1.9411 	  
100.15 	 2 	  1.9486 	  
100.25 	 2 	  1.9561 	  
100.35 	 2 	  1.9637 	  
100.45 	 2 	  1.9713 	  
100.55 	 2 	  1.979 	  
100.65 	 2 	  1.9867 	  
100.75 	 2 	  1.9944 	  
100.85 	 2 	  2.0022 	  
100.95 	 2 	  2.0099 	  
101.05 	 2 	  2.0177 	  
101.15 	 2 	  2.0254 	  
101.25 	 2 	  2.033 	  
101.35 	 2 	  2.0406 	  
101.45 	 2 	  2.0482 	  
101.55 	 1.9999 	  2.0557 	  
101.65 	 1.9999 	  2.063 	  
101.75 	 1.9999 	  2.0703 	  
101.85 	 1.9999 	  2.0775 	  
101.95 	 1.9999 	  2.0846 	  
102.05 	 1.9999 	  2.0916 	  
102.15 	 1.9999 	  2.0984 	  
102.25 	 1.9999 	  2.1051 	  
102.35 	 1.9999 	  2.1116 	  
102.45 	 1.9999 	  2.1179 	  
102.55 	 1.9999 	  2.1241 	  
102.65 	 1.9999 	  2.1301 	  
102.75 	 1.9999 	  2.1358 	  
102.85 	 1.9999 	  2.1414 	  
102.95 	 1.9999 	  2.1468 	  
103.05 	 1.9999 	  2.1519 	  
103.15 	 1.9999 	  2.1569 	  
103.25 	 1.9999 	  2.1615 	  
103.35 	 1.9999 	  2.166 	  
103.45 	 1.9999 	  2.1702 	  
103.55 	 1.9999 	  2.1741 	  
103.65 	 1.9999 	  2.1778 	  
103.75 	 1.9999 	  2.1812 	  
103.85 	 1.9999 	  2.1844 	  
103.95 	 1.9999 	  2.1872 	  
104.05 	 1.9999 	  2.1898 	  
104.15 	 1.9999 	  2.1921 	  
104.25 	 1.9999 	  2.1941 	  
104.35 	 1.9999 	  2.1958 	  
104.45 	 1.9999 	  2.1973 	  
104.55 	 1.9999 	  2.1984 	  
104.65 	 1.9999 	  2.1992 	  
104.75 	 1.9999 	  2.1998 	  
104.85 	 1.9999 	  2.2 	  
104.95 	 1.9999 	  2.1999 	  
105.05 	 1.9999 	  2.1996 	  
105.15 	 1.9999 	  2.1989 	  
105.25 	 1.9999 	  2.1979 	  
105.35 	 1.9999 	  2.1967 	  
105.45 	 1.9999 	  2.1951 	  
105.55 	 1.9999 	  2.1933 	  
105.65 	 1.9999 	  2.1911 	  
105.75 	 1.9999 	  2.1887 	  
105.85 	 1.9999 	  2.186 	  
105.95 	 1.9999 	  2.183 	  
106.05 	 1.9999 	  2.1798 	  
106.15 	 1.9999 	  2.1762 	  
106.25 	 1.9999 	  2.1724 	  
106.35 	 1.9999 	  2.1684 	  
106.45 	 1.9999 	  2.1641 	  
106.55 	 1.9999 	  2.1595 	  
106.65 	 1.9999 	  2.1547 	  
106.75 	 1.9999 	  2.1497 	  
106.85 	 1.9999 	  2.1445 	  
106.95 	 1.9999 	  2.139 	  
107.05 	 1.9999 	  2.1333 	  
107.15 	 1.9999 	  2.1275 	  
107.25 	 1.9999 	  2.1214 	  
107.35 	 1.9999 	  2.1152 	  
107.45 	 1.9999 	  2.1088 	  
107.55 	 1.9999 	  2.1022 	  
107.65 	 1.9999 	  2.0954 	  
107.75 	 1.9999 	  2.0886 	  
107.85 	 1.9999 	  2.0816 	  
107.95 	 1.9999 	  2.0744 	  
108.05 	 1.9999 	  2.0672 	  
108.15 	 1.9999 	  2.0598 	  
108.25 	 2 	  2.0524 	  
108.35 	 2 	  2.0449 	  
108.45 	 2 	  2.0373 	  
108.55 	 2 	  2.0297 	  
108.65 	 2 	  2.022 	  
108.75 	 2 	  2.0143 	  
108.85 	 2 	  2.0066 	  
108.95 	 2 	  1.9988 	  
