simtime:  1.7866
number of wsf-lines:  1

line_No     y_coord
1	 1.5
2	  Wave Theory 


X 1	 P 1 	 	 	 	 W 1

0.05 	 1.9245 	  1.9306 	  
0.15 	 1.9175 	  1.9234 	  
0.25 	 1.9106 	  1.9163 	  
0.35 	 1.9039 	  1.9093 	  
0.45 	 1.8973 	  1.9025 	  
0.55 	 1.8908 	  1.8958 	  
0.65 	 1.8845 	  1.8892 	  
0.75 	 1.8783 	  1.8829 	  
0.85 	 1.8724 	  1.8767 	  
0.95 	 1.8666 	  1.8707 	  
1.05 	 1.861 	  1.8649 	  
1.15 	 1.8556 	  1.8593 	  
1.25 	 1.8504 	  1.8539 	  
1.35 	 1.8454 	  1.8487 	  
1.45 	 1.8406 	  1.8437 	  
1.55 	 1.8361 	  1.839 	  
1.65 	 1.8318 	  1.8346 	  
1.75 	 1.8278 	  1.8303 	  
1.85 	 1.824 	  1.8264 	  
1.95 	 1.8205 	  1.8226 	  
2.05 	 1.8173 	  1.8192 	  
2.15 	 1.8143 	  1.816 	  
2.25 	 1.8116 	  1.8131 	  
2.35 	 1.8092 	  1.8105 	  
2.45 	 1.807 	  1.8082 	  
2.55 	 1.8052 	  1.8061 	  
2.65 	 1.8036 	  1.8044 	  
2.75 	 1.8024 	  1.8029 	  
2.85 	 1.8014 	  1.8017 	  
2.95 	 1.8007 	  1.8009 	  
3.05 	 1.8004 	  1.8003 	  
3.15 	 1.8003 	  1.8 	  
3.25 	 1.8005 	  1.8001 	  
3.35 	 1.8011 	  1.8004 	  
3.45 	 1.8019 	  1.801 	  
3.55 	 1.803 	  1.8019 	  
3.65 	 1.8045 	  1.8032 	  
3.75 	 1.8062 	  1.8047 	  
3.85 	 1.8082 	  1.8065 	  
3.95 	 1.8105 	  1.8086 	  
4.05 	 1.8131 	  1.811 	  
4.15 	 1.816 	  1.8136 	  
4.25 	 1.8191 	  1.8166 	  
4.35 	 1.8225 	  1.8198 	  
4.45 	 1.8262 	  1.8233 	  
4.55 	 1.8302 	  1.8271 	  
4.65 	 1.8344 	  1.8311 	  
4.75 	 1.8388 	  1.8354 	  
4.85 	 1.8435 	  1.8399 	  
4.95 	 1.8484 	  1.8446 	  
5.05 	 1.8536 	  1.8496 	  
5.15 	 1.8589 	  1.8549 	  
5.25 	 1.8645 	  1.8603 	  
5.35 	 1.8702 	  1.8659 	  
5.45 	 1.8762 	  1.8718 	  
5.55 	 1.8823 	  1.8778 	  
5.65 	 1.8886 	  1.884 	  
5.75 	 1.895 	  1.8904 	  
5.85 	 1.9016 	  1.897 	  
5.95 	 1.9084 	  1.9037 	  
6.05 	 1.9152 	  1.9106 	  
6.15 	 1.9222 	  1.9176 	  
6.25 	 1.9293 	  1.9247 	  
6.35 	 1.9365 	  1.9319 	  
6.45 	 1.9438 	  1.9392 	  
6.55 	 1.9511 	  1.9467 	  
6.65 	 1.9585 	  1.9542 	  
6.75 	 1.9659 	  1.9617 	  
6.85 	 1.9734 	  1.9694 	  
6.95 	 1.9809 	  1.977 	  
7.05 	 1.9885 	  1.9847 	  
7.15 	 1.996 	  1.9925 	  
7.25 	 2.0035 	  2.0002 	  
7.35 	 2.0111 	  2.008 	  
7.45 	 2.0186 	  2.0157 	  
7.55 	 2.026 	  2.0234 	  
7.65 	 2.0334 	  2.0311 	  
7.75 	 2.0408 	  2.0387 	  
7.85 	 2.0481 	  2.0463 	  
7.95 	 2.0553 	  2.0538 	  
8.05 	 2.0624 	  2.0612 	  
8.15 	 2.0695 	  2.0685 	  
8.25 	 2.0765 	  2.0757 	  
8.35 	 2.0834 	  2.0828 	  
8.45 	 2.0901 	  2.0898 	  
8.55 	 2.0968 	  2.0967 	  
8.65 	 2.1034 	  2.1034 	  
8.75 	 2.1098 	  2.1099 	  
8.85 	 2.1161 	  2.1163 	  
8.95 	 2.1222 	  2.1225 	  
9.05 	 2.1282 	  2.1286 	  
9.15 	 2.134 	  2.1344 	  
9.25 	 2.1397 	  2.14 	  
9.35 	 2.1452 	  2.1454 	  
9.45 	 2.1505 	  2.1507 	  
9.55 	 2.1556 	  2.1556 	  
9.65 	 2.1605 	  2.1604 	  
9.75 	 2.1653 	  2.1649 	  
9.85 	 2.1698 	  2.1691 	  
9.95 	 2.1742 	  2.1731 	  
10.05 	 2.1783 	  2.1769 	  
10.15 	 2.1822 	  2.1804 	  
10.25 	 2.1858 	  2.1836 	  
10.35 	 2.1892 	  2.1865 	  
10.45 	 2.1924 	  2.1892 	  
10.55 	 2.1953 	  2.1915 	  
10.65 	 2.1979 	  2.1936 	  
10.75 	 2.2002 	  2.1954 	  
10.85 	 2.2022 	  2.1969 	  
10.95 	 2.2039 	  2.1981 	  
11.05 	 2.2053 	  2.199 	  
11.15 	 2.2064 	  2.1996 	  
11.25 	 2.2071 	  2.2 	  
11.35 	 2.2076 	  2.2 	  
11.45 	 2.2078 	  2.1997 	  
11.55 	 2.2078 	  2.1991 	  
11.65 	 2.2074 	  2.1982 	  
11.75 	 2.2067 	  2.197 	  
11.85 	 2.2056 	  2.1955 	  
11.95 	 2.2043 	  2.1938 	  
12.05 	 2.2027 	  2.1917 	  
12.15 	 2.2008 	  2.1894 	  
12.25 	 2.1986 	  2.1867 	  
12.35 	 2.196 	  2.1838 	  
12.45 	 2.1932 	  2.1806 	  
12.55 	 2.19 	  2.1772 	  
12.65 	 2.1864 	  2.1734 	  
12.75 	 2.1825 	  2.1694 	  
12.85 	 2.178 	  2.1652 	  
12.95 	 2.1732 	  2.1607 	  
13.05 	 2.1678 	  2.156 	  
13.15 	 2.1619 	  2.151 	  
13.25 	 2.1554 	  2.1458 	  
13.35 	 2.1483 	  2.1404 	  
13.45 	 2.1406 	  2.1348 	  
13.55 	 2.1323 	  2.129 	  
13.65 	 2.1234 	  2.123 	  
13.75 	 2.1141 	  2.1168 	  
13.85 	 2.1044 	  2.1104 	  
13.95 	 2.0943 	  2.1039 	  
14.05 	 2.0839 	  2.0972 	  
14.15 	 2.0734 	  2.0903 	  
14.25 	 2.0628 	  2.0833 	  
14.35 	 2.0522 	  2.0762 	  
14.45 	 2.0419 	  2.069 	  
14.55 	 2.0317 	  2.0617 	  
14.65 	 2.0219 	  2.0543 	  
14.75 	 2.0125 	  2.0468 	  
14.85 	 2.0035 	  2.0392 	  
14.95 	 1.995 	  2.0316 	  
15.05 	 1.987 	  2.024 	  
15.15 	 1.9796 	  2.0163 	  
15.25 	 1.9727 	  2.0085 	  
15.35 	 1.9664 	  2.0008 	  
15.45 	 1.9607 	  1.993 	  
15.55 	 1.9555 	  1.9853 	  
15.65 	 1.9509 	  1.9776 	  
15.75 	 1.9468 	  1.9699 	  
15.85 	 1.9433 	  1.9623 	  
15.95 	 1.9402 	  1.9547 	  
16.05 	 1.9377 	  1.9472 	  
16.15 	 1.9355 	  1.9398 	  
16.25 	 1.9338 	  1.9324 	  
16.35 	 1.9325 	  1.9252 	  
16.45 	 1.9315 	  1.9181 	  
16.55 	 1.9309 	  1.9111 	  
16.65 	 1.9305 	  1.9042 	  
16.75 	 1.9305 	  1.8975 	  
16.85 	 1.9306 	  1.8909 	  
16.95 	 1.931 	  1.8845 	  
17.05 	 1.9316 	  1.8783 	  
17.15 	 1.9324 	  1.8722 	  
17.25 	 1.9333 	  1.8664 	  
17.35 	 1.9343 	  1.8607 	  
17.45 	 1.9355 	  1.8552 	  
17.55 	 1.9368 	  1.85 	  
17.65 	 1.9381 	  1.845 	  
17.75 	 1.9395 	  1.8402 	  
17.85 	 1.941 	  1.8357 	  
17.95 	 1.9425 	  1.8314 	  
18.05 	 1.9441 	  1.8274 	  
18.15 	 1.9456 	  1.8236 	  
18.25 	 1.9472 	  1.8201 	  
18.35 	 1.9488 	  1.8168 	  
18.45 	 1.9504 	  1.8138 	  
18.55 	 1.9519 	  1.8112 	  
18.65 	 1.9535 	  1.8087 	  
18.75 	 1.9551 	  1.8066 	  
18.85 	 1.9566 	  1.8048 	  
18.95 	 1.9581 	  1.8033 	  
19.05 	 1.9596 	  1.802 	  
19.15 	 1.9611 	  1.8011 	  
19.25 	 1.9625 	  1.8004 	  
19.35 	 1.9639 	  1.8001 	  
19.45 	 1.9653 	  1.8 	  
19.55 	 1.9667 	  1.8003 	  
19.65 	 1.968 	  1.8008 	  
19.75 	 1.9692 	  1.8017 	  
19.85 	 1.9705 	  1.8028 	  
19.95 	 1.9717 	  1.8043 	  
20.05 	 1.9728 	  1.806 	  
20.15 	 1.974 	  1.808 	  
20.25 	 1.9751 	  1.8103 	  
20.35 	 1.9761 	  1.8129 	  
20.45 	 1.9771 	  1.8158 	  
20.55 	 1.9781 	  1.819 	  
20.65 	 1.9791 	  1.8224 	  
20.75 	 1.98 	  1.8261 	  
20.85 	 1.9809 	  1.83 	  
20.95 	 1.9818 	  1.8342 	  
21.05 	 1.9826 	  1.8387 	  
21.15 	 1.9834 	  1.8434 	  
21.25 	 1.9841 	  1.8483 	  
21.35 	 1.9849 	  1.8535 	  
21.45 	 1.9856 	  1.8589 	  
21.55 	 1.9862 	  1.8645 	  
21.65 	 1.9869 	  1.8703 	  
21.75 	 1.9875 	  1.8762 	  
21.85 	 1.9881 	  1.8824 	  
21.95 	 1.9887 	  1.8888 	  
22.05 	 1.9892 	  1.8953 	  
22.15 	 1.9897 	  1.902 	  
22.25 	 1.9902 	  1.9088 	  
22.35 	 1.9907 	  1.9157 	  
22.45 	 1.9912 	  1.9228 	  
22.55 	 1.9916 	  1.93 	  
22.65 	 1.992 	  1.9373 	  
22.75 	 1.9924 	  1.9447 	  
22.85 	 1.9928 	  1.9522 	  
22.95 	 1.9932 	  1.9598 	  
23.05 	 1.9935 	  1.9674 	  
23.15 	 1.9938 	  1.9751 	  
23.25 	 1.9941 	  1.9828 	  
23.35 	 1.9944 	  1.9905 	  
23.45 	 1.9947 	  1.9982 	  
23.55 	 1.995 	  2.006 	  
23.65 	 1.9953 	  2.0137 	  
23.75 	 1.9955 	  2.0214 	  
23.85 	 1.9957 	  2.0291 	  
23.95 	 1.996 	  2.0367 	  
24.05 	 1.9962 	  2.0443 	  
24.15 	 1.9964 	  2.0518 	  
24.25 	 1.9966 	  2.0593 	  
24.35 	 1.9967 	  2.0666 	  
24.45 	 1.9969 	  2.0739 	  
24.55 	 1.9971 	  2.081 	  
24.65 	 1.9972 	  2.088 	  
24.75 	 1.9974 	  2.0949 	  
24.85 	 1.9975 	  2.1017 	  
24.95 	 1.9977 	  2.1083 	  
25.05 	 1.9978 	  2.1147 	  
25.15 	 1.9979 	  2.1209 	  
25.25 	 1.998 	  2.127 	  
25.35 	 1.9981 	  2.1329 	  
25.45 	 1.9982 	  2.1386 	  
25.55 	 1.9983 	  2.1441 	  
25.65 	 1.9984 	  2.1493 	  
25.75 	 1.9985 	  2.1544 	  
25.85 	 1.9986 	  2.1592 	  
25.95 	 1.9987 	  2.1637 	  
26.05 	 1.9987 	  2.1681 	  
26.15 	 1.9988 	  2.1721 	  
26.25 	 1.9989 	  2.176 	  
26.35 	 1.9989 	  2.1795 	  
26.45 	 1.999 	  2.1828 	  
26.55 	 1.9991 	  2.1858 	  
26.65 	 1.9991 	  2.1885 	  
26.75 	 1.9992 	  2.191 	  
26.85 	 1.9992 	  2.1931 	  
26.95 	 1.9992 	  2.195 	  
27.05 	 1.9993 	  2.1966 	  
27.15 	 1.9993 	  2.1978 	  
27.25 	 1.9994 	  2.1988 	  
27.35 	 1.9994 	  2.1995 	  
27.45 	 1.9994 	  2.1999 	  
27.55 	 1.9995 	  2.2 	  
27.65 	 1.9995 	  2.1998 	  
27.75 	 1.9995 	  2.1993 	  
27.85 	 1.9996 	  2.1985 	  
27.95 	 1.9996 	  2.1974 	  
28.05 	 1.9996 	  2.1959 	  
28.15 	 1.9996 	  2.1943 	  
28.25 	 1.9997 	  2.1923 	  
28.35 	 1.9997 	  2.19 	  
28.45 	 1.9997 	  2.1874 	  
28.55 	 1.9997 	  2.1846 	  
28.65 	 1.9997 	  2.1815 	  
28.75 	 1.9997 	  2.1781 	  
28.85 	 1.9998 	  2.1744 	  
28.95 	 1.9998 	  2.1705 	  
29.05 	 1.9998 	  2.1663 	  
29.15 	 1.9998 	  2.1619 	  
29.25 	 1.9998 	  2.1572 	  
29.35 	 1.9998 	  2.1523 	  
29.45 	 1.9998 	  2.1472 	  
29.55 	 1.9998 	  2.1418 	  
29.65 	 1.9998 	  2.1363 	  
29.75 	 1.9999 	  2.1305 	  
29.85 	 1.9999 	  2.1245 	  
29.95 	 1.9999 	  2.1184 	  
30.05 	 1.9999 	  2.1121 	  
30.15 	 1.9999 	  2.1056 	  
30.25 	 1.9999 	  2.0989 	  
30.35 	 1.9999 	  2.0921 	  
30.45 	 1.9999 	  2.0852 	  
30.55 	 1.9999 	  2.0781 	  
30.65 	 1.9999 	  2.0709 	  
30.75 	 1.9999 	  2.0636 	  
30.85 	 1.9999 	  2.0562 	  
30.95 	 1.9999 	  2.0487 	  
31.05 	 1.9999 	  2.0412 	  
31.15 	 1.9999 	  2.0336 	  
31.25 	 1.9999 	  2.0259 	  
31.35 	 1.9999 	  2.0182 	  
31.45 	 1.9999 	  2.0105 	  
31.55 	 2 	  2.0028 	  
31.65 	 2 	  1.995 	  
31.75 	 2 	  1.9873 	  
31.85 	 2 	  1.9796 	  
31.95 	 2 	  1.9719 	  
32.05 	 2 	  1.9642 	  
32.15 	 2 	  1.9566 	  
32.25 	 2 	  1.9491 	  
32.35 	 2 	  1.9417 	  
32.45 	 2 	  1.9343 	  
32.55 	 2 	  1.927 	  
32.65 	 2 	  1.9199 	  
32.75 	 2 	  1.9129 	  
32.85 	 2 	  1.906 	  
32.95 	 2 	  1.8992 	  
33.05 	 2 	  1.8926 	  
33.15 	 2 	  1.8861 	  
33.25 	 2 	  1.8798 	  
33.35 	 2 	  1.8737 	  
33.45 	 2 	  1.8678 	  
33.55 	 2 	  1.8621 	  
33.65 	 2 	  1.8566 	  
33.75 	 2 	  1.8513 	  
33.85 	 2 	  1.8463 	  
33.95 	 2 	  1.8414 	  
34.05 	 2 	  1.8368 	  
34.15 	 2 	  1.8325 	  
34.25 	 2 	  1.8284 	  
34.35 	 2 	  1.8245 	  
34.45 	 2 	  1.8209 	  
34.55 	 2 	  1.8176 	  
34.65 	 2 	  1.8146 	  
34.75 	 2 	  1.8118 	  
34.85 	 2 	  1.8093 	  
34.95 	 2 	  1.8071 	  
35.05 	 2 	  1.8052 	  
35.15 	 2 	  1.8036 	  
35.25 	 2 	  1.8023 	  
35.35 	 2 	  1.8013 	  
35.45 	 2 	  1.8006 	  
35.55 	 2 	  1.8001 	  
35.65 	 2 	  1.8 	  
35.75 	 2 	  1.8002 	  
35.85 	 2 	  1.8006 	  
35.95 	 2 	  1.8014 	  
36.05 	 2 	  1.8025 	  
36.15 	 2 	  1.8039 	  
36.25 	 2 	  1.8055 	  
36.35 	 2 	  1.8075 	  
36.45 	 2 	  1.8097 	  
36.55 	 2 	  1.8122 	  
36.65 	 2 	  1.815 	  
36.75 	 2 	  1.8181 	  
36.85 	 2 	  1.8215 	  
36.95 	 2 	  1.8251 	  
37.05 	 2 	  1.829 	  
37.15 	 2 	  1.8331 	  
37.25 	 2 	  1.8375 	  
37.35 	 2 	  1.8422 	  
37.45 	 2 	  1.847 	  
37.55 	 2 	  1.8521 	  
37.65 	 2 	  1.8575 	  
37.75 	 2 	  1.863 	  
37.85 	 2 	  1.8687 	  
37.95 	 2 	  1.8747 	  
38.05 	 2 	  1.8808 	  
38.15 	 2 	  1.8871 	  
38.25 	 2 	  1.8936 	  
38.35 	 2 	  1.9002 	  
38.45 	 2 	  1.907 	  
38.55 	 2 	  1.9139 	  
38.65 	 2 	  1.921 	  
38.75 	 2 	  1.9282 	  
38.85 	 2 	  1.9355 	  
38.95 	 2 	  1.9428 	  
39.05 	 2 	  1.9503 	  
39.15 	 2 	  1.9578 	  
39.25 	 2 	  1.9654 	  
39.35 	 2 	  1.9731 	  
39.45 	 2 	  1.9808 	  
39.55 	 2 	  1.9885 	  
39.65 	 2 	  1.9962 	  
39.75 	 2 	  2.004 	  
39.85 	 2 	  2.0117 	  
39.95 	 2 	  2.0194 	  
40.05 	 2 	  2.0271 	  
40.15 	 2 	  2.0348 	  
40.25 	 2 	  2.0424 	  
40.35 	 2 	  2.0499 	  
40.45 	 2 	  2.0574 	  
40.55 	 2 	  2.0647 	  
40.65 	 2 	  2.072 	  
40.75 	 2 	  2.0792 	  
40.85 	 2 	  2.0862 	  
40.95 	 2 	  2.0932 	  
41.05 	 2 	  2.0999 	  
41.15 	 2 	  2.1066 	  
41.25 	 2 	  2.1131 	  
41.35 	 2 	  2.1194 	  
41.45 	 2 	  2.1255 	  
41.55 	 2 	  2.1314 	  
41.65 	 2 	  2.1372 	  
41.75 	 2 	  2.1427 	  
41.85 	 2 	  2.148 	  
41.95 	 2 	  2.1531 	  
42.05 	 2 	  2.158 	  
42.15 	 2 	  2.1626 	  
42.25 	 2 	  2.167 	  
42.35 	 2 	  2.1711 	  
42.45 	 2 	  2.175 	  
42.55 	 2 	  2.1786 	  
42.65 	 2 	  2.182 	  
42.75 	 2 	  2.185 	  
42.85 	 2 	  2.1878 	  
42.95 	 2 	  2.1904 	  
43.05 	 2 	  2.1926 	  
43.15 	 2 	  2.1945 	  
43.25 	 2 	  2.1962 	  
43.35 	 2 	  2.1975 	  
43.45 	 2 	  2.1986 	  
43.55 	 2 	  2.1994 	  
43.65 	 2 	  2.1998 	  
43.75 	 2 	  2.2 	  
43.85 	 2 	  2.1999 	  
43.95 	 2 	  2.1994 	  
44.05 	 2 	  2.1987 	  
44.15 	 2 	  2.1977 	  
44.25 	 2 	  2.1963 	  
44.35 	 2 	  2.1947 	  
44.45 	 2 	  2.1928 	  
44.55 	 2 	  2.1906 	  
44.65 	 2 	  2.1881 	  
44.75 	 2 	  2.1853 	  
44.85 	 2 	  2.1823 	  
44.95 	 2 	  2.179 	  
45.05 	 2 	  2.1754 	  
45.15 	 2 	  2.1715 	  
45.25 	 2 	  2.1674 	  
45.35 	 2 	  2.1631 	  
45.45 	 2 	  2.1584 	  
45.55 	 2 	  2.1536 	  
45.65 	 2 	  2.1485 	  
45.75 	 2 	  2.1432 	  
45.85 	 2 	  2.1377 	  
45.95 	 2 	  2.132 	  
46.05 	 2 	  2.1261 	  
46.15 	 2 	  2.12 	  
46.25 	 2 	  2.1137 	  
46.35 	 2 	  2.1072 	  
46.45 	 2 	  2.1006 	  
46.55 	 2 	  2.0939 	  
46.65 	 2 	  2.087 	  
46.75 	 2 	  2.0799 	  
46.85 	 2 	  2.0728 	  
46.95 	 2 	  2.0655 	  
47.05 	 2 	  2.0581 	  
47.15 	 2 	  2.0507 	  
47.25 	 2 	  2.0431 	  
47.35 	 2 	  2.0356 	  
47.45 	 2 	  2.0279 	  
47.55 	 2 	  2.0202 	  
47.65 	 2 	  2.0125 	  
47.75 	 2 	  2.0048 	  
47.85 	 2 	  1.997 	  
47.95 	 2 	  1.9893 	  
48.05 	 2 	  1.9816 	  
48.15 	 2 	  1.9739 	  
48.25 	 2 	  1.9662 	  
48.35 	 2 	  1.9586 	  
48.45 	 2 	  1.9511 	  
48.55 	 2 	  1.9436 	  
48.65 	 2 	  1.9362 	  
48.75 	 2 	  1.9289 	  
48.85 	 2 	  1.9217 	  
48.95 	 2 	  1.9147 	  
49.05 	 2 	  1.9077 	  
49.15 	 2 	  1.9009 	  
49.25 	 2 	  1.8943 	  
49.35 	 2 	  1.8878 	  
49.45 	 2 	  1.8814 	  
49.55 	 2 	  1.8753 	  
49.65 	 2 	  1.8693 	  
49.75 	 2 	  1.8636 	  
49.85 	 2 	  1.858 	  
49.95 	 2 	  1.8527 	  
50.05 	 2 	  1.8475 	  
50.15 	 2 	  1.8426 	  
50.25 	 2 	  1.838 	  
50.35 	 2 	  1.8336 	  
50.45 	 2 	  1.8294 	  
50.55 	 2 	  1.8255 	  
50.65 	 2 	  1.8218 	  
50.75 	 2 	  1.8184 	  
50.85 	 2 	  1.8153 	  
50.95 	 2 	  1.8125 	  
51.05 	 2 	  1.8099 	  
51.15 	 2 	  1.8077 	  
51.25 	 2 	  1.8057 	  
51.35 	 2 	  1.804 	  
51.45 	 2 	  1.8026 	  
51.55 	 2 	  1.8015 	  
51.65 	 2 	  1.8007 	  
51.75 	 2 	  1.8002 	  
51.85 	 2 	  1.8 	  
51.95 	 2 	  1.8001 	  
52.05 	 2 	  1.8005 	  
52.15 	 2 	  1.8012 	  
52.25 	 2 	  1.8022 	  
52.35 	 2 	  1.8035 	  
52.45 	 2 	  1.8051 	  
52.55 	 2 	  1.8069 	  
52.65 	 2 	  1.8091 	  
52.75 	 2 	  1.8116 	  
52.85 	 2 	  1.8143 	  
52.95 	 2 	  1.8173 	  
53.05 	 2 	  1.8206 	  
53.15 	 2 	  1.8241 	  
53.25 	 2 	  1.828 	  
53.35 	 2 	  1.832 	  
53.45 	 2 	  1.8364 	  
53.55 	 2 	  1.8409 	  
53.65 	 2 	  1.8458 	  
53.75 	 2 	  1.8508 	  
53.85 	 2 	  1.8561 	  
53.95 	 2 	  1.8616 	  
54.05 	 2 	  1.8673 	  
54.15 	 2 	  1.8731 	  
54.25 	 2 	  1.8792 	  
54.35 	 2 	  1.8855 	  
54.45 	 2 	  1.8919 	  
54.55 	 2 	  1.8985 	  
54.65 	 2 	  1.9053 	  
54.75 	 2 	  1.9122 	  
54.85 	 2 	  1.9192 	  
54.95 	 2 	  1.9263 	  
55.05 	 2 	  1.9336 	  
55.15 	 2 	  1.9409 	  
55.25 	 2 	  1.9484 	  
55.35 	 2 	  1.9559 	  
55.45 	 2 	  1.9635 	  
55.55 	 2 	  1.9711 	  
55.65 	 2 	  1.9788 	  
55.75 	 2 	  1.9865 	  
55.85 	 2 	  1.9942 	  
55.95 	 2 	  2.002 	  
56.05 	 2 	  2.0097 	  
56.15 	 2 	  2.0175 	  
56.25 	 2 	  2.0252 	  
56.35 	 2 	  2.0328 	  
56.45 	 2 	  2.0404 	  
56.55 	 2 	  2.048 	  
56.65 	 2 	  2.0555 	  
56.75 	 2 	  2.0629 	  
56.85 	 2 	  2.0702 	  
56.95 	 2 	  2.0774 	  
57.05 	 2 	  2.0844 	  
57.15 	 2 	  2.0914 	  
57.25 	 2 	  2.0982 	  
57.35 	 2 	  2.1049 	  
57.45 	 2 	  2.1114 	  
57.55 	 2 	  2.1178 	  
57.65 	 2 	  2.1239 	  
57.75 	 2 	  2.1299 	  
57.85 	 2 	  2.1357 	  
57.95 	 2 	  2.1413 	  
58.05 	 2 	  2.1467 	  
58.15 	 2 	  2.1518 	  
58.25 	 2 	  2.1567 	  
58.35 	 2 	  2.1614 	  
58.45 	 2 	  2.1659 	  
58.55 	 2 	  2.1701 	  
58.65 	 2 	  2.174 	  
58.75 	 2 	  2.1777 	  
58.85 	 2 	  2.1811 	  
58.95 	 2 	  2.1843 	  
59.05 	 2 	  2.1871 	  
59.15 	 2 	  2.1897 	  
59.25 	 2 	  2.192 	  
59.35 	 2 	  2.1941 	  
59.45 	 2 	  2.1958 	  
59.55 	 2 	  2.1972 	  
59.65 	 2 	  2.1984 	  
59.75 	 2 	  2.1992 	  
59.85 	 2 	  2.1997 	  
59.95 	 2 	  2.2 	  
60.05 	 2 	  2.1999 	  
60.15 	 2 	  2.1996 	  
60.25 	 2 	  2.1989 	  
60.35 	 2 	  2.198 	  
60.45 	 2 	  2.1967 	  
60.55 	 2 	  2.1952 	  
60.65 	 2 	  2.1933 	  
60.75 	 2 	  2.1912 	  
60.85 	 2 	  2.1888 	  
60.95 	 2 	  2.1861 	  
61.05 	 2 	  2.1831 	  
61.15 	 2 	  2.1798 	  
61.25 	 2 	  2.1763 	  
61.35 	 2 	  2.1725 	  
61.45 	 2 	  2.1685 	  
61.55 	 2 	  2.1642 	  
61.65 	 2 	  2.1597 	  
61.75 	 2 	  2.1549 	  
61.85 	 2 	  2.1499 	  
61.95 	 2 	  2.1446 	  
62.05 	 2 	  2.1392 	  
62.15 	 2 	  2.1335 	  
62.25 	 2 	  2.1276 	  
62.35 	 2 	  2.1216 	  
62.45 	 2 	  2.1153 	  
62.55 	 2 	  2.1089 	  
62.65 	 2 	  2.1023 	  
62.75 	 2 	  2.0956 	  
62.85 	 2 	  2.0887 	  
62.95 	 2 	  2.0817 	  
63.05 	 2 	  2.0746 	  
63.15 	 2 	  2.0674 	  
63.25 	 2 	  2.06 	  
63.35 	 2 	  2.0526 	  
63.45 	 2 	  2.0451 	  
63.55 	 2 	  2.0375 	  
63.65 	 2 	  2.0299 	  
63.75 	 2 	  2.0222 	  
63.85 	 2 	  2.0145 	  
63.95 	 2 	  2.0068 	  
64.05 	 2 	  1.999 	  
64.15 	 2 	  1.9913 	  
64.25 	 2 	  1.9835 	  
64.35 	 2 	  1.9758 	  
64.45 	 2 	  1.9682 	  
64.55 	 2 	  1.9605 	  
64.65 	 2 	  1.953 	  
64.75 	 2 	  1.9455 	  
64.85 	 2 	  1.9381 	  
64.95 	 2 	  1.9308 	  
65.05 	 2 	  1.9236 	  
65.15 	 2 	  1.9165 	  
65.25 	 2 	  1.9095 	  
65.35 	 2 	  1.9026 	  
65.45 	 2 	  1.896 	  
65.55 	 2 	  1.8894 	  
65.65 	 2 	  1.8831 	  
65.75 	 2 	  1.8769 	  
65.85 	 2 	  1.8709 	  
65.95 	 2 	  1.865 	  
66.05 	 2 	  1.8594 	  
66.15 	 2 	  1.854 	  
66.25 	 2 	  1.8488 	  
66.35 	 2 	  1.8439 	  
66.45 	 2 	  1.8392 	  
66.55 	 2 	  1.8347 	  
66.65 	 2 	  1.8304 	  
66.75 	 2 	  1.8265 	  
66.85 	 2 	  1.8227 	  
66.95 	 2 	  1.8193 	  
67.05 	 2 	  1.8161 	  
67.15 	 2 	  1.8132 	  
67.25 	 2 	  1.8106 	  
67.35 	 2 	  1.8082 	  
67.45 	 2 	  1.8062 	  
67.55 	 2 	  1.8044 	  
67.65 	 2 	  1.8029 	  
67.75 	 2 	  1.8018 	  
67.85 	 2 	  1.8009 	  
67.95 	 2 	  1.8003 	  
68.05 	 2 	  1.8 	  
68.15 	 2 	  1.8 	  
68.25 	 2 	  1.8004 	  
68.35 	 2 	  1.801 	  
68.45 	 2 	  1.8019 	  
68.55 	 2 	  1.8031 	  
68.65 	 2 	  1.8046 	  
68.75 	 2 	  1.8064 	  
68.85 	 2 	  1.8085 	  
68.95 	 2 	  1.8109 	  
69.05 	 2 	  1.8136 	  
69.15 	 2 	  1.8165 	  
69.25 	 2 	  1.8197 	  
69.35 	 2 	  1.8232 	  
69.45 	 2 	  1.827 	  
69.55 	 2 	  1.831 	  
69.65 	 2 	  1.8352 	  
69.75 	 2 	  1.8398 	  
69.85 	 2 	  1.8445 	  
69.95 	 2 	  1.8495 	  
70.05 	 2 	  1.8547 	  
70.15 	 2 	  1.8601 	  
70.25 	 2 	  1.8658 	  
70.35 	 2 	  1.8716 	  
70.45 	 2 	  1.8776 	  
70.55 	 2 	  1.8839 	  
70.65 	 2 	  1.8903 	  
70.75 	 2 	  1.8968 	  
70.85 	 2 	  1.9035 	  
70.95 	 2 	  1.9104 	  
71.05 	 2 	  1.9174 	  
71.15 	 2 	  1.9245 	  
71.25 	 2 	  1.9317 	  
71.35 	 2 	  1.939 	  
71.45 	 2 	  1.9464 	  
71.55 	 2 	  1.9539 	  
71.65 	 2 	  1.9615 	  
71.75 	 2 	  1.9691 	  
71.85 	 2 	  1.9768 	  
71.95 	 2 	  1.9845 	  
72.05 	 2 	  1.9923 	  
72.15 	 2 	  2 	  
72.25 	 2 	  2.0077 	  
72.35 	 2 	  2.0155 	  
72.45 	 2 	  2.0232 	  
72.55 	 2 	  2.0309 	  
72.65 	 2 	  2.0385 	  
72.75 	 2 	  2.046 	  
72.85 	 2 	  2.0535 	  
72.95 	 2 	  2.061 	  
73.05 	 2 	  2.0683 	  
73.15 	 2 	  2.0755 	  
73.25 	 2 	  2.0826 	  
73.35 	 2 	  2.0896 	  
73.45 	 2 	  2.0965 	  
73.55 	 2 	  2.1032 	  
73.65 	 2 	  2.1097 	  
73.75 	 2 	  2.1161 	  
73.85 	 2 	  2.1224 	  
73.95 	 2 	  2.1284 	  
74.05 	 2 	  2.1342 	  
74.15 	 2 	  2.1399 	  
74.25 	 2 	  2.1453 	  
74.35 	 2 	  2.1505 	  
74.45 	 2 	  2.1555 	  
74.55 	 2 	  2.1602 	  
74.65 	 2 	  2.1648 	  
74.75 	 2 	  2.169 	  
74.85 	 2 	  2.173 	  
74.95 	 2 	  2.1768 	  
75.05 	 2 	  2.1803 	  
75.15 	 2 	  2.1835 	  
75.25 	 2 	  2.1864 	  
75.35 	 2 	  2.1891 	  
75.45 	 2 	  2.1915 	  
75.55 	 2 	  2.1936 	  
75.65 	 2 	  2.1954 	  
75.75 	 2 	  2.1969 	  
75.85 	 2 	  2.1981 	  
75.95 	 2 	  2.199 	  
76.05 	 2 	  2.1996 	  
76.15 	 2 	  2.2 	  
76.25 	 2 	  2.2 	  
76.35 	 2 	  2.1997 	  
76.45 	 2 	  2.1991 	  
76.55 	 2 	  2.1982 	  
76.65 	 2 	  2.1971 	  
76.75 	 2 	  2.1956 	  
76.85 	 2 	  2.1938 	  
76.95 	 2 	  2.1918 	  
77.05 	 2 	  2.1894 	  
77.15 	 2 	  2.1868 	  
77.25 	 2 	  2.1839 	  
77.35 	 2 	  2.1807 	  
77.45 	 2 	  2.1773 	  
77.55 	 2 	  2.1735 	  
77.65 	 2 	  2.1696 	  
77.75 	 2 	  2.1653 	  
77.85 	 2 	  2.1608 	  
77.95 	 2 	  2.1561 	  
78.05 	 2 	  2.1512 	  
78.15 	 2 	  2.146 	  
78.25 	 2 	  2.1406 	  
78.35 	 2 	  2.135 	  
78.45 	 2 	  2.1292 	  
78.55 	 2 	  2.1231 	  
78.65 	 2 	  2.1169 	  
78.75 	 2 	  2.1106 	  
78.85 	 2 	  2.104 	  
78.95 	 2 	  2.0974 	  
79.05 	 2 	  2.0905 	  
79.15 	 2 	  2.0835 	  
79.25 	 2 	  2.0764 	  
79.35 	 2 	  2.0692 	  
79.45 	 2 	  2.0619 	  
79.55 	 2 	  2.0545 	  
79.65 	 2 	  2.047 	  
79.75 	 2 	  2.0395 	  
79.85 	 2 	  2.0318 	  
79.95 	 2 	  2.0242 	  
80.05 	 2 	  2.0165 	  
80.15 	 2 	  2.0087 	  
80.25 	 2 	  2.001 	  
80.35 	 2 	  1.9933 	  
80.45 	 2 	  1.9855 	  
80.55 	 2 	  1.9778 	  
80.65 	 2 	  1.9701 	  
80.75 	 2 	  1.9625 	  
80.85 	 2 	  1.9549 	  
80.95 	 2 	  1.9474 	  
81.05 	 2 	  1.94 	  
81.15 	 2 	  1.9326 	  
81.25 	 2 	  1.9254 	  
81.35 	 2 	  1.9183 	  
81.45 	 2 	  1.9113 	  
81.55 	 2 	  1.9044 	  
81.65 	 2 	  1.8977 	  
81.75 	 2 	  1.8911 	  
81.85 	 2 	  1.8847 	  
81.95 	 2 	  1.8784 	  
82.05 	 2 	  1.8724 	  
82.15 	 2 	  1.8665 	  
82.25 	 2 	  1.8608 	  
82.35 	 2 	  1.8554 	  
82.45 	 2 	  1.8501 	  
82.55 	 2 	  1.8451 	  
82.65 	 2 	  1.8404 	  
82.75 	 2 	  1.8358 	  
82.85 	 2 	  1.8315 	  
82.95 	 2 	  1.8275 	  
83.05 	 2 	  1.8237 	  
83.15 	 2 	  1.8202 	  
83.25 	 2 	  1.8169 	  
83.35 	 2 	  1.8139 	  
83.45 	 2 	  1.8112 	  
83.55 	 2 	  1.8088 	  
83.65 	 2 	  1.8067 	  
83.75 	 2 	  1.8048 	  
83.85 	 2 	  1.8033 	  
83.95 	 2 	  1.802 	  
84.05 	 2 	  1.8011 	  
84.15 	 2 	  1.8004 	  
84.25 	 2 	  1.8001 	  
84.35 	 2 	  1.8 	  
84.45 	 2 	  1.8003 	  
84.55 	 2 	  1.8008 	  
84.65 	 2 	  1.8016 	  
84.75 	 2 	  1.8028 	  
84.85 	 2 	  1.8042 	  
84.95 	 2 	  1.8059 	  
85.05 	 2 	  1.808 	  
85.15 	 2 	  1.8103 	  
85.25 	 2 	  1.8128 	  
85.35 	 2 	  1.8157 	  
85.45 	 2 	  1.8189 	  
85.55 	 2 	  1.8223 	  
85.65 	 2 	  1.826 	  
85.75 	 2 	  1.8299 	  
85.85 	 2 	  1.8341 	  
85.95 	 2 	  1.8386 	  
86.05 	 2 	  1.8433 	  
86.15 	 2 	  1.8482 	  
86.25 	 2 	  1.8533 	  
86.35 	 2 	  1.8587 	  
86.45 	 2 	  1.8643 	  
86.55 	 2 	  1.8701 	  
86.65 	 2 	  1.8761 	  
86.75 	 2 	  1.8822 	  
86.85 	 2 	  1.8886 	  
86.95 	 2 	  1.8951 	  
87.05 	 2 	  1.9018 	  
87.15 	 2 	  1.9086 	  
87.25 	 2 	  1.9155 	  
87.35 	 2 	  1.9226 	  
87.45 	 2 	  1.9298 	  
87.55 	 2 	  1.9371 	  
87.65 	 2 	  1.9445 	  
87.75 	 2 	  1.952 	  
87.85 	 2 	  1.9596 	  
87.95 	 2 	  1.9672 	  
88.05 	 2 	  1.9748 	  
88.15 	 2 	  1.9825 	  
88.25 	 2 	  1.9903 	  
88.35 	 2 	  1.998 	  
88.45 	 2 	  2.0058 	  
88.55 	 2 	  2.0135 	  
88.65 	 2 	  2.0212 	  
88.75 	 2 	  2.0289 	  
88.85 	 2 	  2.0365 	  
88.95 	 2 	  2.0441 	  
89.05 	 2 	  2.0516 	  
89.15 	 2 	  2.0591 	  
89.25 	 2 	  2.0664 	  
89.35 	 2 	  2.0737 	  
89.45 	 2 	  2.0808 	  
89.55 	 2 	  2.0878 	  
89.65 	 2 	  2.0947 	  
89.75 	 2 	  2.1015 	  
89.85 	 2 	  2.1081 	  
89.95 	 2 	  2.1145 	  
90.05 	 2 	  2.1208 	  
90.15 	 2 	  2.1269 	  
90.25 	 2 	  2.1327 	  
90.35 	 2 	  2.1384 	  
90.45 	 2 	  2.1439 	  
90.55 	 2 	  2.1492 	  
90.65 	 2 	  2.1542 	  
90.75 	 2 	  2.159 	  
90.85 	 2 	  2.1636 	  
90.95 	 2 	  2.168 	  
91.05 	 2 	  2.172 	  
91.15 	 2 	  2.1759 	  
91.25 	 2 	  2.1794 	  
91.35 	 2 	  2.1827 	  
91.45 	 2 	  2.1857 	  
91.55 	 2 	  2.1884 	  
91.65 	 2 	  2.1909 	  
91.75 	 2 	  2.1931 	  
91.85 	 2 	  2.1949 	  
91.95 	 2 	  2.1965 	  
92.05 	 2 	  2.1978 	  
92.15 	 2 	  2.1988 	  
92.25 	 2 	  2.1995 	  
92.35 	 2 	  2.1999 	  
92.45 	 2 	  2.2 	  
92.55 	 2 	  2.1998 	  
92.65 	 2 	  2.1993 	  
92.75 	 2 	  2.1985 	  
92.85 	 2 	  2.1974 	  
92.95 	 2 	  2.196 	  
93.05 	 2 	  2.1943 	  
93.15 	 2 	  2.1923 	  
93.25 	 2 	  2.1901 	  
93.35 	 2 	  2.1875 	  
93.45 	 2 	  2.1847 	  
93.55 	 2 	  2.1816 	  
93.65 	 2 	  2.1782 	  
93.75 	 2 	  2.1745 	  
93.85 	 2 	  2.1706 	  
93.95 	 2 	  2.1664 	  
94.05 	 2 	  2.162 	  
94.15 	 2 	  2.1574 	  
94.25 	 2 	  2.1525 	  
94.35 	 2 	  2.1473 	  
94.45 	 2 	  2.142 	  
94.55 	 2 	  2.1364 	  
94.65 	 2 	  2.1307 	  
94.75 	 2 	  2.1247 	  
94.85 	 2 	  2.1186 	  
94.95 	 2 	  2.1122 	  
95.05 	 2 	  2.1057 	  
95.15 	 2 	  2.0991 	  
95.25 	 2 	  2.0923 	  
95.35 	 2 	  2.0854 	  
95.45 	 2 	  2.0783 	  
95.55 	 2 	  2.0711 	  
95.65 	 2 	  2.0638 	  
95.75 	 2 	  2.0564 	  
95.85 	 2 	  2.049 	  
95.95 	 2 	  2.0414 	  
96.05 	 2 	  2.0338 	  
96.15 	 2 	  2.0261 	  
96.25 	 2 	  2.0185 	  
96.35 	 2 	  2.0107 	  
96.45 	 2 	  2.003 	  
96.55 	 2 	  1.9952 	  
96.65 	 2 	  1.9875 	  
96.75 	 2 	  1.9798 	  
96.85 	 2 	  1.9721 	  
96.95 	 2 	  1.9645 	  
97.05 	 2 	  1.9569 	  
97.15 	 2 	  1.9493 	  
97.25 	 2 	  1.9419 	  
97.35 	 2 	  1.9345 	  
97.45 	 2 	  1.9272 	  
97.55 	 2 	  1.9201 	  
97.65 	 2 	  1.9131 	  
97.75 	 2 	  1.9061 	  
97.85 	 2 	  1.8994 	  
97.95 	 2 	  1.8928 	  
98.05 	 2 	  1.8863 	  
98.15 	 2 	  1.88 	  
98.25 	 2 	  1.8739 	  
98.35 	 2 	  1.868 	  
98.45 	 2 	  1.8623 	  
98.55 	 2 	  1.8568 	  
98.65 	 2 	  1.8515 	  
98.75 	 2 	  1.8464 	  
98.85 	 2 	  1.8416 	  
98.95 	 2 	  1.837 	  
99.05 	 2 	  1.8326 	  
99.15 	 2 	  1.8285 	  
99.25 	 2 	  1.8246 	  
99.35 	 2 	  1.821 	  
99.45 	 2 	  1.8177 	  
99.55 	 2 	  1.8147 	  
99.65 	 2 	  1.8119 	  
99.75 	 2 	  1.8094 	  
99.85 	 2 	  1.8072 	  
99.95 	 2 	  1.8053 	  
100.05 	 2 	  1.8037 	  
100.15 	 2 	  1.8023 	  
100.25 	 1.9999 	  1.8013 	  
100.35 	 1.9999 	  1.8006 	  
100.45 	 1.9999 	  1.8001 	  
100.55 	 1.9999 	  1.8 	  
100.65 	 1.9999 	  1.8002 	  
100.75 	 1.9999 	  1.8006 	  
100.85 	 1.9999 	  1.8014 	  
100.95 	 1.9999 	  1.8025 	  
101.05 	 1.9999 	  1.8038 	  
101.15 	 1.9999 	  1.8055 	  
101.25 	 1.9999 	  1.8074 	  
101.35 	 1.9999 	  1.8096 	  
101.45 	 1.9999 	  1.8122 	  
101.55 	 1.9999 	  1.815 	  
101.65 	 1.9999 	  1.818 	  
101.75 	 1.9999 	  1.8214 	  
101.85 	 1.9999 	  1.825 	  
101.95 	 1.9999 	  1.8289 	  
102.05 	 1.9999 	  1.833 	  
102.15 	 1.9999 	  1.8374 	  
102.25 	 1.9999 	  1.842 	  
102.35 	 1.9999 	  1.8469 	  
102.45 	 1.9999 	  1.852 	  
102.55 	 1.9999 	  1.8573 	  
102.65 	 1.9999 	  1.8628 	  
102.75 	 1.9999 	  1.8686 	  
102.85 	 1.9999 	  1.8745 	  
102.95 	 1.9999 	  1.8806 	  
103.05 	 1.9999 	  1.8869 	  
103.15 	 1.9999 	  1.8934 	  
103.25 	 1.9999 	  1.9 	  
103.35 	 1.9999 	  1.9068 	  
103.45 	 1.9999 	  1.9137 	  
103.55 	 1.9999 	  1.9208 	  
103.65 	 1.9999 	  1.928 	  
103.75 	 1.9999 	  1.9352 	  
103.85 	 1.9999 	  1.9426 	  
103.95 	 1.9999 	  1.9501 	  
104.05 	 1.9999 	  1.9576 	  
104.15 	 1.9999 	  1.9652 	  
104.25 	 1.9999 	  1.9729 	  
104.35 	 1.9999 	  1.9806 	  
104.45 	 1.9999 	  1.9883 	  
104.55 	 1.9999 	  1.996 	  
104.65 	 1.9999 	  2.0038 	  
104.75 	 1.9999 	  2.0115 	  
104.85 	 1.9999 	  2.0192 	  
104.95 	 1.9999 	  2.0269 	  
105.05 	 1.9999 	  2.0346 	  
105.15 	 1.9999 	  2.0422 	  
105.25 	 1.9999 	  2.0497 	  
105.35 	 1.9999 	  2.0572 	  
105.45 	 1.9999 	  2.0645 	  
105.55 	 1.9999 	  2.0718 	  
105.65 	 1.9998 	  2.079 	  
105.75 	 1.9998 	  2.086 	  
105.85 	 1.9998 	  2.093 	  
105.95 	 1.9998 	  2.0998 	  
106.05 	 1.9998 	  2.1064 	  
106.15 	 1.9998 	  2.1129 	  
106.25 	 1.9998 	  2.1192 	  
106.35 	 1.9998 	  2.1253 	  
106.45 	 1.9998 	  2.1312 	  
106.55 	 1.9998 	  2.137 	  
106.65 	 1.9998 	  2.1425 	  
106.75 	 1.9998 	  2.1479 	  
106.85 	 1.9998 	  2.153 	  
106.95 	 1.9999 	  2.1578 	  
107.05 	 1.9999 	  2.1625 	  
107.15 	 1.9999 	  2.1669 	  
107.25 	 1.9999 	  2.171 	  
107.35 	 1.9999 	  2.1749 	  
107.45 	 1.9999 	  2.1785 	  
107.55 	 1.9999 	  2.1819 	  
107.65 	 1.9999 	  2.185 	  
107.75 	 1.9999 	  2.1878 	  
107.85 	 1.9999 	  2.1903 	  
107.95 	 1.9999 	  2.1925 	  
108.05 	 1.9999 	  2.1945 	  
108.15 	 1.9999 	  2.1961 	  
108.25 	 1.9999 	  2.1975 	  
108.35 	 2 	  2.1986 	  
108.45 	 2 	  2.1994 	  
108.55 	 2 	  2.1998 	  
108.65 	 2 	  2.2 	  
108.75 	 2 	  2.1999 	  
108.85 	 2 	  2.1994 	  
108.95 	 2 	  2.1987 	  
