simtime:  11.933
number of wsf-lines:  1

line_No     y_coord
1	 1.5
2	  Wave Theory 


X 1	 P 1 	 	 	 	 W 1

0.05 	 2.0316 	  2.0249 	  
0.15 	 2.0391 	  2.0325 	  
0.25 	 2.0465 	  2.0402 	  
0.35 	 2.0538 	  2.0477 	  
0.45 	 2.0611 	  2.0552 	  
0.55 	 2.0683 	  2.0626 	  
0.65 	 2.0753 	  2.0699 	  
0.75 	 2.0823 	  2.0771 	  
0.85 	 2.0892 	  2.0842 	  
0.95 	 2.0959 	  2.0912 	  
1.05 	 2.1025 	  2.098 	  
1.15 	 2.109 	  2.1047 	  
1.25 	 2.1153 	  2.1112 	  
1.35 	 2.1214 	  2.1175 	  
1.45 	 2.1274 	  2.1237 	  
1.55 	 2.1332 	  2.1297 	  
1.65 	 2.1387 	  2.1355 	  
1.75 	 2.1441 	  2.1411 	  
1.85 	 2.1493 	  2.1465 	  
1.95 	 2.1542 	  2.1516 	  
2.05 	 2.159 	  2.1566 	  
2.15 	 2.1635 	  2.1613 	  
2.25 	 2.1677 	  2.1657 	  
2.35 	 2.1718 	  2.1699 	  
2.45 	 2.1755 	  2.1739 	  
2.55 	 2.179 	  2.1776 	  
2.65 	 2.1823 	  2.181 	  
2.75 	 2.1853 	  2.1842 	  
2.85 	 2.188 	  2.1871 	  
2.95 	 2.1904 	  2.1897 	  
3.05 	 2.1926 	  2.192 	  
3.15 	 2.1945 	  2.194 	  
3.25 	 2.1961 	  2.1957 	  
3.35 	 2.1974 	  2.1972 	  
3.45 	 2.1985 	  2.1983 	  
3.55 	 2.1992 	  2.1992 	  
3.65 	 2.1996 	  2.1997 	  
3.75 	 2.1998 	  2.2 	  
3.85 	 2.1996 	  2.1999 	  
3.95 	 2.1992 	  2.1996 	  
4.05 	 2.1985 	  2.1989 	  
4.15 	 2.1975 	  2.198 	  
4.25 	 2.1962 	  2.1968 	  
4.35 	 2.1946 	  2.1952 	  
4.45 	 2.1927 	  2.1934 	  
4.55 	 2.1905 	  2.1913 	  
4.65 	 2.1881 	  2.1889 	  
4.75 	 2.1853 	  2.1862 	  
4.85 	 2.1823 	  2.1832 	  
4.95 	 2.179 	  2.18 	  
5.05 	 2.1755 	  2.1765 	  
5.15 	 2.1717 	  2.1727 	  
5.25 	 2.1676 	  2.1686 	  
5.35 	 2.1632 	  2.1644 	  
5.45 	 2.1586 	  2.1598 	  
5.55 	 2.1538 	  2.155 	  
5.65 	 2.1487 	  2.15 	  
5.75 	 2.1435 	  2.1448 	  
5.85 	 2.1379 	  2.1394 	  
5.95 	 2.1322 	  2.1337 	  
6.05 	 2.1262 	  2.1278 	  
6.15 	 2.1201 	  2.1218 	  
6.25 	 2.1137 	  2.1156 	  
6.35 	 2.1072 	  2.1091 	  
6.45 	 2.1005 	  2.1026 	  
6.55 	 2.0936 	  2.0959 	  
6.65 	 2.0865 	  2.089 	  
6.75 	 2.0793 	  2.082 	  
6.85 	 2.072 	  2.0749 	  
6.95 	 2.0645 	  2.0676 	  
7.05 	 2.0569 	  2.0603 	  
7.15 	 2.0492 	  2.0529 	  
7.25 	 2.0414 	  2.0454 	  
7.35 	 2.0335 	  2.0378 	  
7.45 	 2.0256 	  2.0301 	  
7.55 	 2.0176 	  2.0225 	  
7.65 	 2.0096 	  2.0148 	  
7.75 	 2.0015 	  2.007 	  
7.85 	 1.9934 	  1.9993 	  
7.95 	 1.9853 	  1.9915 	  
8.05 	 1.9772 	  1.9838 	  
8.15 	 1.9691 	  1.9761 	  
8.25 	 1.9611 	  1.9684 	  
8.35 	 1.9532 	  1.9608 	  
8.45 	 1.9453 	  1.9533 	  
8.55 	 1.9375 	  1.9458 	  
8.65 	 1.9298 	  1.9383 	  
8.75 	 1.9223 	  1.931 	  
8.85 	 1.9148 	  1.9238 	  
8.95 	 1.9076 	  1.9167 	  
9.05 	 1.9005 	  1.9097 	  
9.15 	 1.8936 	  1.9029 	  
9.25 	 1.8869 	  1.8962 	  
9.35 	 1.8803 	  1.8897 	  
9.45 	 1.874 	  1.8833 	  
9.55 	 1.8679 	  1.8771 	  
9.65 	 1.862 	  1.8711 	  
9.75 	 1.8563 	  1.8652 	  
9.85 	 1.8509 	  1.8596 	  
9.95 	 1.8458 	  1.8542 	  
10.05 	 1.8409 	  1.849 	  
10.15 	 1.8364 	  1.8441 	  
10.25 	 1.8321 	  1.8393 	  
10.35 	 1.8281 	  1.8348 	  
10.45 	 1.8244 	  1.8306 	  
10.55 	 1.8209 	  1.8266 	  
10.65 	 1.8178 	  1.8229 	  
10.75 	 1.815 	  1.8194 	  
10.85 	 1.8125 	  1.8162 	  
10.95 	 1.8103 	  1.8133 	  
11.05 	 1.8084 	  1.8107 	  
11.15 	 1.8069 	  1.8083 	  
11.25 	 1.8057 	  1.8062 	  
11.35 	 1.8048 	  1.8045 	  
11.45 	 1.8042 	  1.803 	  
11.55 	 1.8039 	  1.8018 	  
11.65 	 1.804 	  1.8009 	  
11.75 	 1.8044 	  1.8003 	  
11.85 	 1.805 	  1.8 	  
11.95 	 1.806 	  1.8 	  
12.05 	 1.8073 	  1.8003 	  
12.15 	 1.8088 	  1.801 	  
12.25 	 1.8107 	  1.8019 	  
12.35 	 1.8129 	  1.8031 	  
12.45 	 1.8154 	  1.8046 	  
12.55 	 1.8182 	  1.8064 	  
12.65 	 1.8212 	  1.8084 	  
12.75 	 1.8245 	  1.8108 	  
12.85 	 1.828 	  1.8135 	  
12.95 	 1.8318 	  1.8164 	  
13.05 	 1.8358 	  1.8196 	  
13.15 	 1.8399 	  1.8231 	  
13.25 	 1.8443 	  1.8268 	  
13.35 	 1.8489 	  1.8308 	  
13.45 	 1.8536 	  1.8351 	  
13.55 	 1.8586 	  1.8396 	  
13.65 	 1.8636 	  1.8443 	  
13.75 	 1.8688 	  1.8493 	  
13.85 	 1.8742 	  1.8545 	  
13.95 	 1.8796 	  1.8599 	  
14.05 	 1.8852 	  1.8656 	  
14.15 	 1.8908 	  1.8714 	  
14.25 	 1.8965 	  1.8774 	  
14.35 	 1.9023 	  1.8836 	  
14.45 	 1.9081 	  1.89 	  
14.55 	 1.9139 	  1.8966 	  
14.65 	 1.9197 	  1.9033 	  
14.75 	 1.9255 	  1.9101 	  
14.85 	 1.9312 	  1.9171 	  
14.95 	 1.9369 	  1.9242 	  
15.05 	 1.9426 	  1.9314 	  
15.15 	 1.9483 	  1.9388 	  
15.25 	 1.9539 	  1.9462 	  
15.35 	 1.9597 	  1.9537 	  
15.45 	 1.9655 	  1.9612 	  
15.55 	 1.9714 	  1.9689 	  
15.65 	 1.9772 	  1.9765 	  
15.75 	 1.9831 	  1.9842 	  
15.85 	 1.989 	  1.992 	  
15.95 	 1.9948 	  1.9997 	  
16.05 	 2.0006 	  2.0075 	  
16.15 	 2.0062 	  2.0152 	  
16.25 	 2.0117 	  2.0229 	  
16.35 	 2.0171 	  2.0306 	  
16.45 	 2.0225 	  2.0382 	  
16.55 	 2.0278 	  2.0458 	  
16.65 	 2.033 	  2.0533 	  
16.75 	 2.0381 	  2.0607 	  
16.85 	 2.0431 	  2.068 	  
16.95 	 2.048 	  2.0753 	  
17.05 	 2.0527 	  2.0824 	  
17.15 	 2.0575 	  2.0894 	  
17.25 	 2.0622 	  2.0962 	  
17.35 	 2.0671 	  2.103 	  
17.45 	 2.072 	  2.1095 	  
17.55 	 2.0771 	  2.1159 	  
17.65 	 2.0825 	  2.1221 	  
17.75 	 2.0881 	  2.1282 	  
17.85 	 2.0939 	  2.134 	  
17.95 	 2.1 	  2.1397 	  
18.05 	 2.1063 	  2.1451 	  
18.15 	 2.1131 	  2.1503 	  
18.25 	 2.1202 	  2.1553 	  
18.35 	 2.1277 	  2.1601 	  
18.45 	 2.1355 	  2.1646 	  
18.55 	 2.1437 	  2.1689 	  
18.65 	 2.1521 	  2.1729 	  
18.75 	 2.1607 	  2.1767 	  
18.85 	 2.1696 	  2.1802 	  
18.95 	 2.1786 	  2.1834 	  
19.05 	 2.1878 	  2.1863 	  
19.15 	 2.197 	  2.189 	  
19.25 	 2.2061 	  2.1914 	  
19.35 	 2.2149 	  2.1935 	  
19.45 	 2.2233 	  2.1953 	  
19.55 	 2.2312 	  2.1968 	  
19.65 	 2.2385 	  2.1981 	  
19.75 	 2.245 	  2.199 	  
19.85 	 2.2507 	  2.1996 	  
19.95 	 2.2554 	  2.1999 	  
20.05 	 2.2592 	  2.2 	  
20.15 	 2.2621 	  2.1997 	  
20.25 	 2.264 	  2.1991 	  
20.35 	 2.265 	  2.1983 	  
20.45 	 2.2651 	  2.1971 	  
20.55 	 2.2641 	  2.1956 	  
20.65 	 2.2622 	  2.1939 	  
20.75 	 2.2592 	  2.1918 	  
20.85 	 2.2553 	  2.1895 	  
20.95 	 2.2504 	  2.1869 	  
21.05 	 2.2446 	  2.184 	  
21.15 	 2.2377 	  2.1808 	  
21.25 	 2.2299 	  2.1774 	  
21.35 	 2.2212 	  2.1737 	  
21.45 	 2.2116 	  2.1697 	  
21.55 	 2.2012 	  2.1655 	  
21.65 	 2.19 	  2.161 	  
21.75 	 2.1783 	  2.1563 	  
21.85 	 2.1661 	  2.1513 	  
21.95 	 2.1535 	  2.1462 	  
22.05 	 2.1407 	  2.1408 	  
22.15 	 2.1278 	  2.1352 	  
22.25 	 2.1149 	  2.1294 	  
22.35 	 2.1021 	  2.1234 	  
22.45 	 2.0895 	  2.1172 	  
22.55 	 2.0772 	  2.1108 	  
22.65 	 2.0652 	  2.1043 	  
22.75 	 2.0536 	  2.0976 	  
22.85 	 2.0425 	  2.0908 	  
22.95 	 2.0318 	  2.0838 	  
23.05 	 2.0215 	  2.0767 	  
23.15 	 2.0117 	  2.0695 	  
23.25 	 2.0024 	  2.0622 	  
23.35 	 1.9935 	  2.0548 	  
23.45 	 1.985 	  2.0473 	  
23.55 	 1.9769 	  2.0397 	  
23.65 	 1.9692 	  2.0321 	  
23.75 	 1.962 	  2.0244 	  
23.85 	 1.9552 	  2.0167 	  
23.95 	 1.9488 	  2.009 	  
24.05 	 1.9429 	  2.0013 	  
24.15 	 1.9374 	  1.9935 	  
24.25 	 1.9324 	  1.9858 	  
24.35 	 1.9277 	  1.9781 	  
24.45 	 1.9234 	  1.9704 	  
24.55 	 1.9195 	  1.9628 	  
24.65 	 1.916 	  1.9552 	  
24.75 	 1.9128 	  1.9477 	  
24.85 	 1.91 	  1.9402 	  
24.95 	 1.9074 	  1.9329 	  
25.05 	 1.9052 	  1.9257 	  
25.15 	 1.9033 	  1.9185 	  
25.25 	 1.9016 	  1.9115 	  
25.35 	 1.9002 	  1.9046 	  
25.45 	 1.899 	  1.8979 	  
25.55 	 1.898 	  1.8913 	  
25.65 	 1.8971 	  1.8849 	  
25.75 	 1.8963 	  1.8787 	  
25.85 	 1.8957 	  1.8726 	  
25.95 	 1.895 	  1.8667 	  
26.05 	 1.8944 	  1.861 	  
26.15 	 1.8937 	  1.8556 	  
26.25 	 1.8929 	  1.8503 	  
26.35 	 1.892 	  1.8453 	  
26.45 	 1.891 	  1.8405 	  
26.55 	 1.8898 	  1.836 	  
26.65 	 1.8884 	  1.8317 	  
26.75 	 1.8867 	  1.8276 	  
26.85 	 1.8849 	  1.8238 	  
26.95 	 1.8829 	  1.8203 	  
27.05 	 1.8806 	  1.817 	  
27.15 	 1.8782 	  1.814 	  
27.25 	 1.8755 	  1.8113 	  
27.35 	 1.8726 	  1.8089 	  
27.45 	 1.8696 	  1.8068 	  
27.55 	 1.8664 	  1.8049 	  
27.65 	 1.8632 	  1.8033 	  
27.75 	 1.8599 	  1.8021 	  
27.85 	 1.8565 	  1.8011 	  
27.95 	 1.8532 	  1.8004 	  
28.05 	 1.8499 	  1.8001 	  
28.15 	 1.8467 	  1.8 	  
28.25 	 1.8437 	  1.8002 	  
28.35 	 1.8409 	  1.8008 	  
28.45 	 1.8382 	  1.8016 	  
28.55 	 1.8358 	  1.8027 	  
28.65 	 1.8336 	  1.8042 	  
28.75 	 1.8318 	  1.8059 	  
28.85 	 1.8302 	  1.8079 	  
28.95 	 1.829 	  1.8102 	  
29.05 	 1.8281 	  1.8128 	  
29.15 	 1.8276 	  1.8156 	  
29.25 	 1.8275 	  1.8187 	  
29.35 	 1.8277 	  1.8222 	  
29.45 	 1.8283 	  1.8258 	  
29.55 	 1.8294 	  1.8298 	  
29.65 	 1.8308 	  1.834 	  
29.75 	 1.8326 	  1.8384 	  
29.85 	 1.8349 	  1.8431 	  
29.95 	 1.8375 	  1.848 	  
30.05 	 1.8405 	  1.8532 	  
30.15 	 1.8438 	  1.8585 	  
30.25 	 1.8476 	  1.8641 	  
30.35 	 1.8516 	  1.8699 	  
30.45 	 1.856 	  1.8759 	  
30.55 	 1.8608 	  1.882 	  
30.65 	 1.8658 	  1.8884 	  
30.75 	 1.8711 	  1.8949 	  
30.85 	 1.8767 	  1.9015 	  
30.95 	 1.8825 	  1.9083 	  
31.05 	 1.8885 	  1.9153 	  
31.15 	 1.8948 	  1.9224 	  
31.25 	 1.9012 	  1.9296 	  
31.35 	 1.9078 	  1.9369 	  
31.45 	 1.9146 	  1.9443 	  
31.55 	 1.9215 	  1.9517 	  
31.65 	 1.9285 	  1.9593 	  
31.75 	 1.9357 	  1.9669 	  
31.85 	 1.943 	  1.9746 	  
31.95 	 1.9503 	  1.9823 	  
32.05 	 1.9578 	  1.99 	  
32.15 	 1.9653 	  1.9977 	  
32.25 	 1.9729 	  2.0055 	  
32.35 	 1.9805 	  2.0132 	  
32.45 	 1.9881 	  2.0209 	  
32.55 	 1.9958 	  2.0286 	  
32.65 	 2.0035 	  2.0363 	  
32.75 	 2.0111 	  2.0438 	  
32.85 	 2.0187 	  2.0514 	  
32.95 	 2.0263 	  2.0588 	  
33.05 	 2.0338 	  2.0662 	  
33.15 	 2.0412 	  2.0734 	  
33.25 	 2.0486 	  2.0806 	  
33.35 	 2.056 	  2.0876 	  
33.45 	 2.0632 	  2.0945 	  
33.55 	 2.0705 	  2.1012 	  
33.65 	 2.0777 	  2.1078 	  
33.75 	 2.0849 	  2.1143 	  
33.85 	 2.0921 	  2.1205 	  
33.95 	 2.0993 	  2.1266 	  
34.05 	 2.1064 	  2.1325 	  
34.15 	 2.1136 	  2.1382 	  
34.25 	 2.1208 	  2.1437 	  
34.35 	 2.1279 	  2.149 	  
34.45 	 2.1351 	  2.1541 	  
34.55 	 2.1422 	  2.1589 	  
34.65 	 2.1493 	  2.1635 	  
34.75 	 2.1563 	  2.1678 	  
34.85 	 2.1633 	  2.1719 	  
34.95 	 2.1701 	  2.1757 	  
35.05 	 2.1768 	  2.1793 	  
35.15 	 2.1834 	  2.1826 	  
35.25 	 2.1899 	  2.1856 	  
35.35 	 2.1961 	  2.1884 	  
35.45 	 2.2021 	  2.1908 	  
35.55 	 2.2079 	  2.193 	  
35.65 	 2.2133 	  2.1949 	  
35.75 	 2.2182 	  2.1965 	  
35.85 	 2.2228 	  2.1978 	  
35.95 	 2.2269 	  2.1988 	  
36.05 	 2.2304 	  2.1995 	  
36.15 	 2.2334 	  2.1999 	  
36.25 	 2.2359 	  2.2 	  
36.35 	 2.2377 	  2.1998 	  
36.45 	 2.239 	  2.1993 	  
36.55 	 2.2396 	  2.1985 	  
36.65 	 2.2396 	  2.1974 	  
36.75 	 2.2388 	  2.196 	  
36.85 	 2.2375 	  2.1944 	  
36.95 	 2.2354 	  2.1924 	  
37.05 	 2.2326 	  2.1901 	  
37.15 	 2.2292 	  2.1876 	  
37.25 	 2.2251 	  2.1848 	  
37.35 	 2.2203 	  2.1817 	  
37.45 	 2.215 	  2.1783 	  
37.55 	 2.209 	  2.1747 	  
37.65 	 2.2025 	  2.1708 	  
37.75 	 2.1955 	  2.1666 	  
37.85 	 2.188 	  2.1622 	  
37.95 	 2.18 	  2.1575 	  
38.05 	 2.1717 	  2.1526 	  
38.15 	 2.163 	  2.1475 	  
38.25 	 2.154 	  2.1422 	  
38.35 	 2.1447 	  2.1366 	  
38.45 	 2.1353 	  2.1309 	  
38.55 	 2.1256 	  2.1249 	  
38.65 	 2.1158 	  2.1188 	  
38.75 	 2.1059 	  2.1125 	  
38.85 	 2.096 	  2.106 	  
38.95 	 2.086 	  2.0993 	  
39.05 	 2.0759 	  2.0925 	  
39.15 	 2.066 	  2.0856 	  
39.25 	 2.0561 	  2.0785 	  
39.35 	 2.0463 	  2.0714 	  
39.45 	 2.0367 	  2.0641 	  
39.55 	 2.0272 	  2.0567 	  
39.65 	 2.0178 	  2.0492 	  
39.75 	 2.0087 	  2.0417 	  
39.85 	 1.9997 	  2.0341 	  
39.95 	 1.991 	  2.0264 	  
40.05 	 1.9824 	  2.0187 	  
40.15 	 1.9742 	  2.011 	  
40.25 	 1.9661 	  2.0033 	  
40.35 	 1.9584 	  1.9955 	  
40.45 	 1.9509 	  1.9878 	  
40.55 	 1.9437 	  1.9801 	  
40.65 	 1.9367 	  1.9724 	  
40.75 	 1.9301 	  1.9647 	  
40.85 	 1.9237 	  1.9571 	  
40.95 	 1.9176 	  1.9496 	  
41.05 	 1.9118 	  1.9421 	  
41.15 	 1.9062 	  1.9348 	  
41.25 	 1.901 	  1.9275 	  
41.35 	 1.896 	  1.9203 	  
41.45 	 1.8913 	  1.9133 	  
41.55 	 1.8869 	  1.9064 	  
41.65 	 1.8827 	  1.8996 	  
41.75 	 1.8788 	  1.893 	  
41.85 	 1.8751 	  1.8865 	  
41.95 	 1.8717 	  1.8802 	  
42.05 	 1.8686 	  1.8741 	  
42.15 	 1.8657 	  1.8682 	  
42.25 	 1.863 	  1.8625 	  
42.35 	 1.8606 	  1.857 	  
42.45 	 1.8584 	  1.8517 	  
42.55 	 1.8565 	  1.8466 	  
42.65 	 1.8547 	  1.8417 	  
42.75 	 1.8532 	  1.8371 	  
42.85 	 1.8518 	  1.8327 	  
42.95 	 1.8507 	  1.8286 	  
43.05 	 1.8498 	  1.8248 	  
43.15 	 1.849 	  1.8212 	  
43.25 	 1.8485 	  1.8178 	  
43.35 	 1.8481 	  1.8148 	  
43.45 	 1.8479 	  1.812 	  
43.55 	 1.8479 	  1.8095 	  
43.65 	 1.8481 	  1.8073 	  
43.75 	 1.8484 	  1.8053 	  
43.85 	 1.8489 	  1.8037 	  
43.95 	 1.8496 	  1.8024 	  
44.05 	 1.8504 	  1.8013 	  
44.15 	 1.8514 	  1.8006 	  
44.25 	 1.8525 	  1.8001 	  
44.35 	 1.8538 	  1.8 	  
44.45 	 1.8552 	  1.8002 	  
44.55 	 1.8567 	  1.8006 	  
44.65 	 1.8584 	  1.8014 	  
44.75 	 1.8603 	  1.8024 	  
44.85 	 1.8623 	  1.8038 	  
44.95 	 1.8644 	  1.8054 	  
45.05 	 1.8666 	  1.8073 	  
45.15 	 1.869 	  1.8096 	  
45.25 	 1.8715 	  1.8121 	  
45.35 	 1.8741 	  1.8148 	  
45.45 	 1.8769 	  1.8179 	  
45.55 	 1.8797 	  1.8213 	  
45.65 	 1.8827 	  1.8249 	  
45.75 	 1.8858 	  1.8287 	  
45.85 	 1.889 	  1.8329 	  
45.95 	 1.8923 	  1.8372 	  
46.05 	 1.8957 	  1.8419 	  
46.15 	 1.8992 	  1.8467 	  
46.25 	 1.9028 	  1.8518 	  
46.35 	 1.9065 	  1.8571 	  
46.45 	 1.9103 	  1.8626 	  
46.55 	 1.9141 	  1.8684 	  
46.65 	 1.9181 	  1.8743 	  
46.75 	 1.9221 	  1.8804 	  
46.85 	 1.9262 	  1.8867 	  
46.95 	 1.9304 	  1.8932 	  
47.05 	 1.9347 	  1.8998 	  
47.15 	 1.939 	  1.9066 	  
47.25 	 1.9434 	  1.9135 	  
47.35 	 1.9478 	  1.9205 	  
47.45 	 1.9523 	  1.9277 	  
47.55 	 1.9569 	  1.935 	  
47.65 	 1.9615 	  1.9424 	  
47.75 	 1.9661 	  1.9498 	  
47.85 	 1.9708 	  1.9573 	  
47.95 	 1.9755 	  1.9649 	  
48.05 	 1.9802 	  1.9726 	  
48.15 	 1.985 	  1.9803 	  
48.25 	 1.9898 	  1.988 	  
48.35 	 1.9946 	  1.9957 	  
48.45 	 1.9994 	  2.0035 	  
48.55 	 2.0043 	  2.0112 	  
48.65 	 2.0091 	  2.0189 	  
48.75 	 2.0139 	  2.0266 	  
48.85 	 2.0187 	  2.0343 	  
48.95 	 2.0234 	  2.0419 	  
49.05 	 2.0282 	  2.0494 	  
49.15 	 2.0329 	  2.0569 	  
49.25 	 2.0375 	  2.0643 	  
49.35 	 2.0422 	  2.0716 	  
49.45 	 2.0468 	  2.0787 	  
49.55 	 2.0513 	  2.0858 	  
49.65 	 2.0558 	  2.0927 	  
49.75 	 2.0601 	  2.0995 	  
49.85 	 2.0644 	  2.1062 	  
49.95 	 2.0687 	  2.1126 	  
50.05 	 2.0728 	  2.119 	  
50.15 	 2.0768 	  2.1251 	  
50.25 	 2.0807 	  2.131 	  
50.35 	 2.0845 	  2.1368 	  
50.45 	 2.0882 	  2.1423 	  
50.55 	 2.0917 	  2.1477 	  
50.65 	 2.0952 	  2.1528 	  
50.75 	 2.0984 	  2.1577 	  
50.85 	 2.1016 	  2.1623 	  
50.95 	 2.1046 	  2.1667 	  
51.05 	 2.1074 	  2.1709 	  
51.15 	 2.1101 	  2.1748 	  
51.25 	 2.1126 	  2.1784 	  
51.35 	 2.115 	  2.1818 	  
51.45 	 2.1172 	  2.1849 	  
51.55 	 2.1192 	  2.1877 	  
51.65 	 2.1211 	  2.1902 	  
51.75 	 2.1227 	  2.1925 	  
51.85 	 2.1243 	  2.1944 	  
51.95 	 2.1256 	  2.1961 	  
52.05 	 2.1268 	  2.1975 	  
52.15 	 2.1278 	  2.1985 	  
52.25 	 2.1287 	  2.1993 	  
52.35 	 2.1293 	  2.1998 	  
52.45 	 2.1299 	  2.2 	  
52.55 	 2.1302 	  2.1999 	  
52.65 	 2.1304 	  2.1995 	  
52.75 	 2.1305 	  2.1988 	  
52.85 	 2.1304 	  2.1977 	  
52.95 	 2.1302 	  2.1964 	  
53.05 	 2.1298 	  2.1948 	  
53.15 	 2.1292 	  2.1929 	  
53.25 	 2.1286 	  2.1907 	  
53.35 	 2.1278 	  2.1883 	  
53.45 	 2.1269 	  2.1855 	  
53.55 	 2.1259 	  2.1825 	  
53.65 	 2.1248 	  2.1792 	  
53.75 	 2.1235 	  2.1756 	  
53.85 	 2.1222 	  2.1718 	  
53.95 	 2.1208 	  2.1677 	  
54.05 	 2.1192 	  2.1633 	  
54.15 	 2.1176 	  2.1587 	  
54.25 	 2.1159 	  2.1539 	  
54.35 	 2.1142 	  2.1489 	  
54.45 	 2.1123 	  2.1436 	  
54.55 	 2.1104 	  2.1381 	  
54.65 	 2.1085 	  2.1324 	  
54.75 	 2.1064 	  2.1265 	  
54.85 	 2.1044 	  2.1204 	  
54.95 	 2.1023 	  2.1141 	  
55.05 	 2.1001 	  2.1077 	  
55.15 	 2.0979 	  2.1011 	  
55.25 	 2.0957 	  2.0943 	  
55.35 	 2.0935 	  2.0874 	  
55.45 	 2.0912 	  2.0804 	  
55.55 	 2.0889 	  2.0732 	  
55.65 	 2.0866 	  2.066 	  
55.75 	 2.0843 	  2.0586 	  
55.85 	 2.082 	  2.0512 	  
55.95 	 2.0797 	  2.0436 	  
56.05 	 2.0774 	  2.036 	  
56.15 	 2.0752 	  2.0284 	  
56.25 	 2.0729 	  2.0207 	  
56.35 	 2.0706 	  2.013 	  
56.45 	 2.0684 	  2.0053 	  
56.55 	 2.0662 	  1.9975 	  
56.65 	 2.064 	  1.9898 	  
56.75 	 2.0618 	  1.982 	  
56.85 	 2.0596 	  1.9744 	  
56.95 	 2.0575 	  1.9667 	  
57.05 	 2.0554 	  1.9591 	  
57.15 	 2.0534 	  1.9515 	  
57.25 	 2.0513 	  1.9441 	  
57.35 	 2.0494 	  1.9367 	  
57.45 	 2.0474 	  1.9294 	  
57.55 	 2.0455 	  1.9222 	  
57.65 	 2.0436 	  1.9151 	  
57.75 	 2.0418 	  1.9082 	  
57.85 	 2.04 	  1.9013 	  
57.95 	 2.0382 	  1.8947 	  
58.05 	 2.0365 	  1.8882 	  
58.15 	 2.0348 	  1.8818 	  
58.25 	 2.0332 	  1.8757 	  
58.35 	 2.0316 	  1.8697 	  
58.45 	 2.0301 	  1.8639 	  
58.55 	 2.0286 	  1.8584 	  
58.65 	 2.0271 	  1.853 	  
58.75 	 2.0257 	  1.8479 	  
58.85 	 2.0243 	  1.843 	  
58.95 	 2.023 	  1.8383 	  
59.05 	 2.0217 	  1.8338 	  
59.15 	 2.0205 	  1.8297 	  
59.25 	 2.0192 	  1.8257 	  
59.35 	 2.0181 	  1.8221 	  
59.45 	 2.017 	  1.8187 	  
59.55 	 2.0159 	  1.8155 	  
59.65 	 2.0148 	  1.8127 	  
59.75 	 2.0139 	  1.8101 	  
59.85 	 2.0129 	  1.8078 	  
59.95 	 2.012 	  1.8058 	  
60.05 	 2.0111 	  1.8041 	  
60.15 	 2.0102 	  1.8027 	  
60.25 	 2.0094 	  1.8016 	  
60.35 	 2.0086 	  1.8008 	  
60.45 	 2.0078 	  1.8002 	  
60.55 	 2.0071 	  1.8 	  
60.65 	 2.0065 	  1.8001 	  
60.75 	 2.0059 	  1.8005 	  
60.85 	 2.0052 	  1.8011 	  
60.95 	 2.0048 	  1.8021 	  
61.05 	 2.0043 	  1.8034 	  
61.15 	 2.0037 	  1.8049 	  
61.25 	 2.0033 	  1.8068 	  
61.35 	 2.0028 	  1.809 	  
61.45 	 2.0024 	  1.8114 	  
61.55 	 2.002 	  1.8141 	  
61.65 	 2.0017 	  1.8171 	  
61.75 	 2.0012 	  1.8204 	  
61.85 	 2.0008 	  1.8239 	  
61.95 	 2.0004 	  1.8277 	  
62.05 	 1.9997 	  1.8318 	  
62.15 	 1.999 	  1.8361 	  
62.25 	 1.9983 	  1.8406 	  
62.35 	 1.9975 	  1.8454 	  
62.45 	 1.9968 	  1.8505 	  
62.55 	 1.9962 	  1.8557 	  
62.65 	 1.9958 	  1.8612 	  
62.75 	 1.9956 	  1.8669 	  
62.85 	 1.9955 	  1.8728 	  
62.95 	 1.9952 	  1.8788 	  
63.05 	 1.9952 	  1.8851 	  
63.15 	 1.9951 	  1.8915 	  
63.25 	 1.995 	  1.8981 	  
63.35 	 1.9949 	  1.9048 	  
63.45 	 1.9948 	  1.9117 	  
63.55 	 1.9947 	  1.9187 	  
63.65 	 1.9946 	  1.9259 	  
63.75 	 1.9945 	  1.9331 	  
63.85 	 1.9944 	  1.9405 	  
63.95 	 1.9944 	  1.9479 	  
64.05 	 1.9944 	  1.9554 	  
64.15 	 1.9943 	  1.963 	  
64.25 	 1.9943 	  1.9706 	  
64.35 	 1.9943 	  1.9783 	  
64.45 	 1.9943 	  1.986 	  
64.55 	 1.9943 	  1.9937 	  
64.65 	 1.9943 	  2.0015 	  
64.75 	 1.9943 	  2.0092 	  
64.85 	 1.9943 	  2.017 	  
64.95 	 1.9943 	  2.0247 	  
65.05 	 1.9943 	  2.0323 	  
65.15 	 1.9944 	  2.0399 	  
65.25 	 1.9944 	  2.0475 	  
65.35 	 1.9944 	  2.055 	  
65.45 	 1.9944 	  2.0624 	  
65.55 	 1.9945 	  2.0697 	  
65.65 	 1.9945 	  2.0769 	  
65.75 	 1.9945 	  2.084 	  
65.85 	 1.9946 	  2.091 	  
65.95 	 1.9946 	  2.0978 	  
66.05 	 1.9946 	  2.1045 	  
66.15 	 1.9947 	  2.111 	  
66.25 	 1.9947 	  2.1173 	  
66.35 	 1.9948 	  2.1235 	  
66.45 	 1.9949 	  2.1295 	  
66.55 	 1.9949 	  2.1353 	  
66.65 	 1.995 	  2.1409 	  
66.75 	 1.9951 	  2.1463 	  
66.85 	 1.9951 	  2.1515 	  
66.95 	 1.9952 	  2.1564 	  
67.05 	 1.9953 	  2.1611 	  
67.15 	 1.9953 	  2.1656 	  
67.25 	 1.9954 	  2.1698 	  
67.35 	 1.9955 	  2.1738 	  
67.45 	 1.9956 	  2.1775 	  
67.55 	 1.9957 	  2.1809 	  
67.65 	 1.9957 	  2.1841 	  
67.75 	 1.9958 	  2.187 	  
67.85 	 1.9959 	  2.1896 	  
67.95 	 1.9959 	  2.1919 	  
68.05 	 1.996 	  2.1939 	  
68.15 	 1.9961 	  2.1957 	  
68.25 	 1.9962 	  2.1971 	  
68.35 	 1.9962 	  2.1983 	  
68.45 	 1.9963 	  2.1992 	  
68.55 	 1.9964 	  2.1997 	  
68.65 	 1.9964 	  2.2 	  
68.75 	 1.9965 	  2.1999 	  
68.85 	 1.9966 	  2.1996 	  
68.95 	 1.9967 	  2.199 	  
69.05 	 1.9967 	  2.198 	  
69.15 	 1.9968 	  2.1968 	  
69.25 	 1.9969 	  2.1953 	  
69.35 	 1.997 	  2.1934 	  
69.45 	 1.997 	  2.1913 	  
69.55 	 1.9971 	  2.1889 	  
69.65 	 1.9972 	  2.1863 	  
69.75 	 1.9972 	  2.1833 	  
69.85 	 1.9973 	  2.1801 	  
69.95 	 1.9974 	  2.1766 	  
70.05 	 1.9974 	  2.1728 	  
70.15 	 1.9975 	  2.1688 	  
70.25 	 1.9976 	  2.1645 	  
70.35 	 1.9976 	  2.16 	  
70.45 	 1.9977 	  2.1552 	  
70.55 	 1.9977 	  2.1502 	  
70.65 	 1.9978 	  2.145 	  
70.75 	 1.9978 	  2.1395 	  
70.85 	 1.9979 	  2.1339 	  
70.95 	 1.9979 	  2.128 	  
71.05 	 1.998 	  2.122 	  
71.15 	 1.998 	  2.1157 	  
71.25 	 1.9981 	  2.1093 	  
71.35 	 1.9981 	  2.1028 	  
71.45 	 1.9982 	  2.096 	  
71.55 	 1.9982 	  2.0892 	  
71.65 	 1.9983 	  2.0822 	  
71.75 	 1.9983 	  2.0751 	  
71.85 	 1.9984 	  2.0678 	  
71.95 	 1.9984 	  2.0605 	  
72.05 	 1.9985 	  2.0531 	  
72.15 	 1.9985 	  2.0456 	  
72.25 	 1.9986 	  2.038 	  
72.35 	 1.9986 	  2.0304 	  
72.45 	 1.9986 	  2.0227 	  
72.55 	 1.9987 	  2.015 	  
72.65 	 1.9987 	  2.0072 	  
72.75 	 1.9988 	  1.9995 	  
72.85 	 1.9988 	  1.9918 	  
72.95 	 1.9988 	  1.984 	  
73.05 	 1.9989 	  1.9763 	  
73.15 	 1.9989 	  1.9687 	  
73.25 	 1.9989 	  1.961 	  
73.35 	 1.999 	  1.9535 	  
73.45 	 1.999 	  1.946 	  
73.55 	 1.999 	  1.9386 	  
73.65 	 1.9991 	  1.9312 	  
73.75 	 1.9991 	  1.924 	  
73.85 	 1.9991 	  1.9169 	  
73.95 	 1.9991 	  1.9099 	  
74.05 	 1.9992 	  1.9031 	  
74.15 	 1.9992 	  1.8964 	  
74.25 	 1.9992 	  1.8898 	  
74.35 	 1.9993 	  1.8835 	  
74.45 	 1.9993 	  1.8773 	  
74.55 	 1.9993 	  1.8712 	  
74.65 	 1.9993 	  1.8654 	  
74.75 	 1.9993 	  1.8598 	  
74.85 	 1.9994 	  1.8544 	  
74.95 	 1.9994 	  1.8492 	  
75.05 	 1.9994 	  1.8442 	  
75.15 	 1.9994 	  1.8395 	  
75.25 	 1.9994 	  1.835 	  
75.35 	 1.9995 	  1.8307 	  
75.45 	 1.9995 	  1.8267 	  
75.55 	 1.9995 	  1.823 	  
75.65 	 1.9995 	  1.8195 	  
75.75 	 1.9995 	  1.8163 	  
75.85 	 1.9995 	  1.8134 	  
75.95 	 1.9996 	  1.8107 	  
76.05 	 1.9996 	  1.8084 	  
76.15 	 1.9996 	  1.8063 	  
76.25 	 1.9996 	  1.8045 	  
76.35 	 1.9996 	  1.803 	  
76.45 	 1.9996 	  1.8018 	  
76.55 	 1.9996 	  1.8009 	  
76.65 	 1.9996 	  1.8003 	  
76.75 	 1.9997 	  1.8 	  
76.85 	 1.9997 	  1.8 	  
76.95 	 1.9997 	  1.8003 	  
77.05 	 1.9997 	  1.8009 	  
77.15 	 1.9997 	  1.8018 	  
77.25 	 1.9997 	  1.803 	  
77.35 	 1.9997 	  1.8045 	  
77.45 	 1.9997 	  1.8063 	  
77.55 	 1.9997 	  1.8084 	  
77.65 	 1.9997 	  1.8107 	  
77.75 	 1.9997 	  1.8134 	  
77.85 	 1.9998 	  1.8163 	  
77.95 	 1.9998 	  1.8195 	  
78.05 	 1.9998 	  1.823 	  
78.15 	 1.9998 	  1.8267 	  
78.25 	 1.9998 	  1.8307 	  
78.35 	 1.9998 	  1.835 	  
78.45 	 1.9998 	  1.8395 	  
78.55 	 1.9998 	  1.8442 	  
78.65 	 1.9998 	  1.8492 	  
78.75 	 1.9998 	  1.8544 	  
78.85 	 1.9998 	  1.8598 	  
78.95 	 1.9998 	  1.8654 	  
79.05 	 1.9998 	  1.8712 	  
79.15 	 1.9998 	  1.8773 	  
79.25 	 1.9998 	  1.8835 	  
79.35 	 1.9998 	  1.8898 	  
79.45 	 1.9998 	  1.8964 	  
79.55 	 1.9998 	  1.9031 	  
79.65 	 1.9998 	  1.9099 	  
79.75 	 1.9998 	  1.9169 	  
79.85 	 1.9999 	  1.924 	  
79.95 	 1.9999 	  1.9312 	  
80.05 	 1.9999 	  1.9386 	  
80.15 	 1.9999 	  1.946 	  
80.25 	 1.9999 	  1.9535 	  
80.35 	 1.9999 	  1.961 	  
80.45 	 1.9999 	  1.9687 	  
80.55 	 1.9999 	  1.9763 	  
80.65 	 1.9999 	  1.984 	  
80.75 	 1.9999 	  1.9918 	  
80.85 	 1.9999 	  1.9995 	  
80.95 	 1.9999 	  2.0072 	  
81.05 	 1.9999 	  2.015 	  
81.15 	 1.9999 	  2.0227 	  
81.25 	 1.9999 	  2.0304 	  
81.35 	 1.9999 	  2.038 	  
81.45 	 1.9999 	  2.0456 	  
81.55 	 1.9999 	  2.0531 	  
81.65 	 1.9999 	  2.0605 	  
81.75 	 1.9999 	  2.0678 	  
81.85 	 1.9999 	  2.0751 	  
81.95 	 1.9999 	  2.0822 	  
82.05 	 1.9999 	  2.0892 	  
82.15 	 1.9999 	  2.096 	  
82.25 	 1.9999 	  2.1028 	  
82.35 	 1.9999 	  2.1093 	  
82.45 	 1.9999 	  2.1157 	  
82.55 	 1.9999 	  2.122 	  
82.65 	 1.9999 	  2.128 	  
82.75 	 1.9999 	  2.1339 	  
82.85 	 1.9999 	  2.1395 	  
82.95 	 1.9999 	  2.145 	  
83.05 	 1.9999 	  2.1502 	  
83.15 	 1.9999 	  2.1552 	  
83.25 	 1.9999 	  2.1599 	  
83.35 	 1.9999 	  2.1645 	  
83.45 	 1.9999 	  2.1688 	  
83.55 	 1.9999 	  2.1728 	  
83.65 	 1.9999 	  2.1766 	  
83.75 	 2 	  2.1801 	  
83.85 	 2 	  2.1833 	  
83.95 	 2 	  2.1863 	  
84.05 	 2 	  2.1889 	  
84.15 	 2 	  2.1913 	  
84.25 	 2 	  2.1934 	  
84.35 	 2 	  2.1953 	  
84.45 	 2 	  2.1968 	  
84.55 	 2 	  2.198 	  
84.65 	 2 	  2.199 	  
84.75 	 2 	  2.1996 	  
84.85 	 2 	  2.1999 	  
84.95 	 2 	  2.2 	  
85.05 	 2 	  2.1997 	  
85.15 	 2 	  2.1992 	  
85.25 	 2 	  2.1983 	  
85.35 	 2 	  2.1971 	  
85.45 	 2 	  2.1957 	  
85.55 	 2 	  2.1939 	  
85.65 	 2 	  2.1919 	  
85.75 	 2 	  2.1896 	  
85.85 	 2 	  2.187 	  
85.95 	 2 	  2.1841 	  
86.05 	 2 	  2.1809 	  
86.15 	 2 	  2.1775 	  
86.25 	 2 	  2.1738 	  
86.35 	 2 	  2.1698 	  
86.45 	 2 	  2.1656 	  
86.55 	 2 	  2.1611 	  
86.65 	 2 	  2.1564 	  
86.75 	 2 	  2.1515 	  
86.85 	 2 	  2.1463 	  
86.95 	 2 	  2.1409 	  
87.05 	 2 	  2.1353 	  
87.15 	 2 	  2.1295 	  
87.25 	 2 	  2.1235 	  
87.35 	 2 	  2.1174 	  
87.45 	 2 	  2.111 	  
87.55 	 2 	  2.1045 	  
87.65 	 2 	  2.0978 	  
87.75 	 2 	  2.091 	  
87.85 	 2 	  2.084 	  
87.95 	 2 	  2.0769 	  
88.05 	 2 	  2.0697 	  
88.15 	 2 	  2.0624 	  
88.25 	 2 	  2.055 	  
88.35 	 2 	  2.0475 	  
88.45 	 2 	  2.0399 	  
88.55 	 2 	  2.0323 	  
88.65 	 2 	  2.0247 	  
88.75 	 2 	  2.017 	  
88.85 	 2 	  2.0092 	  
88.95 	 2 	  2.0015 	  
89.05 	 2 	  1.9938 	  
89.15 	 2 	  1.986 	  
89.25 	 2 	  1.9783 	  
89.35 	 2 	  1.9706 	  
89.45 	 2 	  1.963 	  
89.55 	 2 	  1.9554 	  
89.65 	 2 	  1.9479 	  
89.75 	 2 	  1.9405 	  
89.85 	 2 	  1.9331 	  
89.95 	 2 	  1.9259 	  
90.05 	 2 	  1.9187 	  
90.15 	 2 	  1.9117 	  
90.25 	 2 	  1.9048 	  
90.35 	 2 	  1.8981 	  
90.45 	 2 	  1.8915 	  
90.55 	 2 	  1.8851 	  
90.65 	 2 	  1.8788 	  
90.75 	 2 	  1.8728 	  
90.85 	 2 	  1.8669 	  
90.95 	 2 	  1.8612 	  
91.05 	 2 	  1.8557 	  
91.15 	 2 	  1.8505 	  
91.25 	 2 	  1.8454 	  
91.35 	 2 	  1.8407 	  
91.45 	 2 	  1.8361 	  
91.55 	 2 	  1.8318 	  
91.65 	 2 	  1.8277 	  
91.75 	 2 	  1.8239 	  
91.85 	 2 	  1.8204 	  
91.95 	 2 	  1.8171 	  
92.05 	 2 	  1.8141 	  
92.15 	 2 	  1.8114 	  
92.25 	 2 	  1.809 	  
92.35 	 2 	  1.8068 	  
92.45 	 2 	  1.8049 	  
92.55 	 2 	  1.8034 	  
92.65 	 2 	  1.8021 	  
92.75 	 2 	  1.8011 	  
92.85 	 2 	  1.8005 	  
92.95 	 2 	  1.8001 	  
93.05 	 2 	  1.8 	  
93.15 	 2 	  1.8002 	  
93.25 	 2 	  1.8008 	  
93.35 	 2 	  1.8016 	  
93.45 	 2 	  1.8027 	  
93.55 	 2 	  1.8041 	  
93.65 	 2 	  1.8058 	  
93.75 	 2 	  1.8078 	  
93.85 	 2 	  1.8101 	  
93.95 	 2 	  1.8127 	  
94.05 	 2 	  1.8155 	  
94.15 	 2 	  1.8187 	  
94.25 	 2 	  1.8221 	  
94.35 	 2 	  1.8257 	  
94.45 	 2 	  1.8297 	  
94.55 	 2 	  1.8338 	  
94.65 	 2 	  1.8383 	  
94.75 	 2 	  1.843 	  
94.85 	 2 	  1.8479 	  
94.95 	 2 	  1.853 	  
95.05 	 2 	  1.8584 	  
95.15 	 2 	  1.8639 	  
95.25 	 2 	  1.8697 	  
95.35 	 2 	  1.8757 	  
95.45 	 2 	  1.8818 	  
95.55 	 2 	  1.8882 	  
95.65 	 2 	  1.8947 	  
95.75 	 2 	  1.9013 	  
95.85 	 2 	  1.9082 	  
95.95 	 2 	  1.9151 	  
96.05 	 2 	  1.9222 	  
96.15 	 2 	  1.9294 	  
96.25 	 2 	  1.9367 	  
96.35 	 2 	  1.9441 	  
96.45 	 2 	  1.9515 	  
96.55 	 2 	  1.9591 	  
96.65 	 2 	  1.9667 	  
96.75 	 2 	  1.9743 	  
96.85 	 2 	  1.982 	  
96.95 	 2 	  1.9898 	  
97.05 	 2 	  1.9975 	  
97.15 	 2 	  2.0053 	  
97.25 	 2 	  2.013 	  
97.35 	 2 	  2.0207 	  
97.45 	 2 	  2.0284 	  
97.55 	 2 	  2.036 	  
97.65 	 2 	  2.0436 	  
97.75 	 2 	  2.0511 	  
97.85 	 2 	  2.0586 	  
97.95 	 2 	  2.066 	  
98.05 	 2 	  2.0732 	  
98.15 	 2 	  2.0804 	  
98.25 	 2 	  2.0874 	  
98.35 	 2 	  2.0943 	  
98.45 	 2 	  2.1011 	  
98.55 	 2 	  2.1077 	  
98.65 	 2 	  2.1141 	  
98.75 	 2 	  2.1204 	  
98.85 	 2 	  2.1265 	  
98.95 	 2 	  2.1324 	  
99.05 	 2 	  2.1381 	  
99.15 	 2 	  2.1436 	  
99.25 	 2 	  2.1489 	  
99.35 	 2 	  2.1539 	  
99.45 	 2 	  2.1587 	  
99.55 	 2 	  2.1633 	  
99.65 	 2 	  2.1677 	  
99.75 	 2 	  2.1718 	  
99.85 	 2 	  2.1756 	  
99.95 	 1.9999 	  2.1792 	  
100.05 	 1.9999 	  2.1825 	  
100.15 	 1.9999 	  2.1855 	  
100.25 	 1.9999 	  2.1883 	  
100.35 	 1.9999 	  2.1907 	  
100.45 	 1.9999 	  2.1929 	  
100.55 	 1.9999 	  2.1948 	  
100.65 	 1.9999 	  2.1964 	  
100.75 	 1.9999 	  2.1977 	  
100.85 	 1.9999 	  2.1988 	  
100.95 	 1.9999 	  2.1995 	  
101.05 	 1.9999 	  2.1999 	  
101.15 	 1.9999 	  2.2 	  
101.25 	 1.9999 	  2.1998 	  
101.35 	 1.9999 	  2.1993 	  
101.45 	 1.9999 	  2.1985 	  
101.55 	 1.9999 	  2.1975 	  
101.65 	 1.9999 	  2.1961 	  
101.75 	 1.9999 	  2.1944 	  
101.85 	 1.9999 	  2.1925 	  
101.95 	 1.9999 	  2.1902 	  
102.05 	 1.9999 	  2.1877 	  
102.15 	 1.9999 	  2.1849 	  
102.25 	 1.9999 	  2.1818 	  
102.35 	 1.9999 	  2.1784 	  
102.45 	 1.9999 	  2.1748 	  
102.55 	 1.9999 	  2.1709 	  
102.65 	 1.9999 	  2.1667 	  
102.75 	 1.9999 	  2.1623 	  
102.85 	 1.9999 	  2.1577 	  
102.95 	 1.9999 	  2.1528 	  
103.05 	 1.9999 	  2.1477 	  
103.15 	 1.9999 	  2.1423 	  
103.25 	 1.9999 	  2.1368 	  
103.35 	 1.9999 	  2.131 	  
103.45 	 1.9999 	  2.1251 	  
103.55 	 1.9999 	  2.119 	  
103.65 	 1.9999 	  2.1126 	  
103.75 	 1.9999 	  2.1062 	  
103.85 	 1.9999 	  2.0995 	  
103.95 	 1.9999 	  2.0927 	  
104.05 	 1.9999 	  2.0858 	  
104.15 	 1.9999 	  2.0787 	  
104.25 	 1.9999 	  2.0716 	  
104.35 	 1.9999 	  2.0643 	  
104.45 	 1.9999 	  2.0569 	  
104.55 	 1.9999 	  2.0494 	  
104.65 	 1.9998 	  2.0419 	  
104.75 	 1.9998 	  2.0343 	  
104.85 	 1.9998 	  2.0266 	  
104.95 	 1.9998 	  2.0189 	  
105.05 	 1.9998 	  2.0112 	  
105.15 	 1.9998 	  2.0035 	  
105.25 	 1.9998 	  1.9957 	  
105.35 	 1.9998 	  1.988 	  
105.45 	 1.9998 	  1.9803 	  
105.55 	 1.9998 	  1.9726 	  
105.65 	 1.9998 	  1.9649 	  
105.75 	 1.9998 	  1.9573 	  
105.85 	 1.9998 	  1.9498 	  
105.95 	 1.9998 	  1.9424 	  
106.05 	 1.9998 	  1.935 	  
106.15 	 1.9998 	  1.9277 	  
106.25 	 1.9998 	  1.9205 	  
106.35 	 1.9998 	  1.9135 	  
106.45 	 1.9998 	  1.9066 	  
106.55 	 1.9998 	  1.8998 	  
106.65 	 1.9998 	  1.8932 	  
106.75 	 1.9998 	  1.8867 	  
106.85 	 1.9998 	  1.8804 	  
106.95 	 1.9998 	  1.8743 	  
107.05 	 1.9998 	  1.8684 	  
107.15 	 1.9998 	  1.8626 	  
107.25 	 1.9998 	  1.8571 	  
107.35 	 1.9998 	  1.8518 	  
107.45 	 1.9999 	  1.8467 	  
107.55 	 1.9999 	  1.8419 	  
107.65 	 1.9999 	  1.8372 	  
107.75 	 1.9999 	  1.8329 	  
107.85 	 1.9999 	  1.8287 	  
107.95 	 1.9999 	  1.8249 	  
108.05 	 1.9999 	  1.8213 	  
108.15 	 1.9999 	  1.8179 	  
108.25 	 1.9999 	  1.8149 	  
108.35 	 1.9999 	  1.8121 	  
108.45 	 2 	  1.8096 	  
108.55 	 2 	  1.8073 	  
108.65 	 2 	  1.8054 	  
108.75 	 2 	  1.8038 	  
108.85 	 2 	  1.8024 	  
108.95 	 2 	  1.8014 	  
