simtime:  11.717
number of wsf-lines:  1

line_No     y_coord
1	 1.5
2	  Wave Theory 


X 1	 P 1 	 	 	 	 W 1

0.05 	 2.0949 	  2.0894 	  
0.15 	 2.1014 	  2.0962 	  
0.25 	 2.1079 	  2.103 	  
0.35 	 2.1142 	  2.1095 	  
0.45 	 2.1203 	  2.1159 	  
0.55 	 2.1263 	  2.1221 	  
0.65 	 2.1321 	  2.1282 	  
0.75 	 2.1377 	  2.134 	  
0.85 	 2.1431 	  2.1397 	  
0.95 	 2.1483 	  2.1451 	  
1.05 	 2.1533 	  2.1503 	  
1.15 	 2.158 	  2.1553 	  
1.25 	 2.1626 	  2.1601 	  
1.35 	 2.1669 	  2.1646 	  
1.45 	 2.1709 	  2.1689 	  
1.55 	 2.1747 	  2.1729 	  
1.65 	 2.1783 	  2.1767 	  
1.75 	 2.1816 	  2.1802 	  
1.85 	 2.1846 	  2.1834 	  
1.95 	 2.1874 	  2.1863 	  
2.05 	 2.1899 	  2.189 	  
2.15 	 2.1921 	  2.1914 	  
2.25 	 2.1941 	  2.1935 	  
2.35 	 2.1957 	  2.1953 	  
2.45 	 2.1971 	  2.1968 	  
2.55 	 2.1981 	  2.1981 	  
2.65 	 2.1989 	  2.199 	  
2.75 	 2.1994 	  2.1996 	  
2.85 	 2.1996 	  2.1999 	  
2.95 	 2.1995 	  2.2 	  
3.05 	 2.1991 	  2.1997 	  
3.15 	 2.1985 	  2.1991 	  
3.25 	 2.1975 	  2.1983 	  
3.35 	 2.1962 	  2.1971 	  
3.45 	 2.1947 	  2.1956 	  
3.55 	 2.1928 	  2.1939 	  
3.65 	 2.1907 	  2.1918 	  
3.75 	 2.1883 	  2.1895 	  
3.85 	 2.1856 	  2.1869 	  
3.95 	 2.1826 	  2.184 	  
4.05 	 2.1794 	  2.1808 	  
4.15 	 2.1759 	  2.1774 	  
4.25 	 2.1721 	  2.1737 	  
4.35 	 2.1681 	  2.1697 	  
4.45 	 2.1638 	  2.1655 	  
4.55 	 2.1593 	  2.161 	  
4.65 	 2.1545 	  2.1563 	  
4.75 	 2.1495 	  2.1513 	  
4.85 	 2.1442 	  2.1462 	  
4.95 	 2.1388 	  2.1408 	  
5.05 	 2.1331 	  2.1352 	  
5.15 	 2.1272 	  2.1294 	  
5.25 	 2.1212 	  2.1234 	  
5.35 	 2.1149 	  2.1172 	  
5.45 	 2.1085 	  2.1108 	  
5.55 	 2.1018 	  2.1043 	  
5.65 	 2.095 	  2.0976 	  
5.75 	 2.0881 	  2.0908 	  
5.85 	 2.081 	  2.0838 	  
5.95 	 2.0738 	  2.0767 	  
6.05 	 2.0664 	  2.0695 	  
6.15 	 2.059 	  2.0622 	  
6.25 	 2.0514 	  2.0548 	  
6.35 	 2.0438 	  2.0473 	  
6.45 	 2.036 	  2.0397 	  
6.55 	 2.0282 	  2.0321 	  
6.65 	 2.0204 	  2.0245 	  
6.75 	 2.0125 	  2.0167 	  
6.85 	 2.0045 	  2.009 	  
6.95 	 1.9966 	  2.0013 	  
7.05 	 1.9886 	  1.9935 	  
7.15 	 1.9807 	  1.9858 	  
7.25 	 1.9727 	  1.9781 	  
7.35 	 1.9648 	  1.9704 	  
7.45 	 1.9569 	  1.9628 	  
7.55 	 1.9491 	  1.9552 	  
7.65 	 1.9414 	  1.9477 	  
7.75 	 1.9337 	  1.9402 	  
7.85 	 1.9262 	  1.9329 	  
7.95 	 1.9188 	  1.9257 	  
8.05 	 1.9115 	  1.9185 	  
8.15 	 1.9044 	  1.9115 	  
8.25 	 1.8974 	  1.9046 	  
8.35 	 1.8906 	  1.8979 	  
8.45 	 1.8839 	  1.8913 	  
8.55 	 1.8775 	  1.8849 	  
8.65 	 1.8712 	  1.8787 	  
8.75 	 1.8652 	  1.8726 	  
8.85 	 1.8595 	  1.8667 	  
8.95 	 1.8539 	  1.861 	  
9.05 	 1.8486 	  1.8556 	  
9.15 	 1.8436 	  1.8503 	  
9.25 	 1.8388 	  1.8453 	  
9.35 	 1.8344 	  1.8405 	  
9.45 	 1.8302 	  1.836 	  
9.55 	 1.8262 	  1.8317 	  
9.65 	 1.8226 	  1.8276 	  
9.75 	 1.8193 	  1.8238 	  
9.85 	 1.8163 	  1.8203 	  
9.95 	 1.8136 	  1.817 	  
10.05 	 1.8112 	  1.814 	  
10.15 	 1.8091 	  1.8113 	  
10.25 	 1.8073 	  1.8089 	  
10.35 	 1.8058 	  1.8068 	  
10.45 	 1.8047 	  1.8049 	  
10.55 	 1.8038 	  1.8033 	  
10.65 	 1.8033 	  1.8021 	  
10.75 	 1.8031 	  1.8011 	  
10.85 	 1.8032 	  1.8004 	  
10.95 	 1.8036 	  1.8001 	  
11.05 	 1.8044 	  1.8 	  
11.15 	 1.8054 	  1.8002 	  
11.25 	 1.8067 	  1.8008 	  
11.35 	 1.8083 	  1.8016 	  
11.45 	 1.8102 	  1.8027 	  
11.55 	 1.8124 	  1.8042 	  
11.65 	 1.8148 	  1.8059 	  
11.75 	 1.8176 	  1.8079 	  
11.85 	 1.8205 	  1.8102 	  
11.95 	 1.8238 	  1.8128 	  
12.05 	 1.8272 	  1.8156 	  
12.15 	 1.831 	  1.8187 	  
12.25 	 1.835 	  1.8222 	  
12.35 	 1.8392 	  1.8258 	  
12.45 	 1.8436 	  1.8298 	  
12.55 	 1.8482 	  1.834 	  
12.65 	 1.853 	  1.8384 	  
12.75 	 1.858 	  1.8431 	  
12.85 	 1.8632 	  1.848 	  
12.95 	 1.8684 	  1.8532 	  
13.05 	 1.8739 	  1.8585 	  
13.15 	 1.8794 	  1.8641 	  
13.25 	 1.8851 	  1.8699 	  
13.35 	 1.8909 	  1.8759 	  
13.45 	 1.8968 	  1.882 	  
13.55 	 1.9028 	  1.8884 	  
13.65 	 1.9088 	  1.8949 	  
13.75 	 1.9149 	  1.9015 	  
13.85 	 1.921 	  1.9083 	  
13.95 	 1.9272 	  1.9153 	  
14.05 	 1.9334 	  1.9224 	  
14.15 	 1.9395 	  1.9296 	  
14.25 	 1.9457 	  1.9369 	  
14.35 	 1.9519 	  1.9443 	  
14.45 	 1.958 	  1.9517 	  
14.55 	 1.964 	  1.9593 	  
14.65 	 1.97 	  1.9669 	  
14.75 	 1.9759 	  1.9746 	  
14.85 	 1.9818 	  1.9823 	  
14.95 	 1.9878 	  1.99 	  
15.05 	 1.9937 	  1.9977 	  
15.15 	 1.9996 	  2.0055 	  
15.25 	 2.0056 	  2.0132 	  
15.35 	 2.0116 	  2.0209 	  
15.45 	 2.0176 	  2.0286 	  
15.55 	 2.0235 	  2.0362 	  
15.65 	 2.0293 	  2.0438 	  
15.75 	 2.0351 	  2.0514 	  
15.85 	 2.0407 	  2.0588 	  
15.95 	 2.0463 	  2.0662 	  
16.05 	 2.0517 	  2.0734 	  
16.15 	 2.057 	  2.0806 	  
16.25 	 2.0623 	  2.0876 	  
16.35 	 2.0675 	  2.0945 	  
16.45 	 2.0726 	  2.1012 	  
16.55 	 2.0777 	  2.1078 	  
16.65 	 2.0828 	  2.1143 	  
16.75 	 2.0878 	  2.1205 	  
16.85 	 2.0928 	  2.1266 	  
16.95 	 2.0979 	  2.1325 	  
17.05 	 2.1032 	  2.1382 	  
17.15 	 2.1086 	  2.1437 	  
17.25 	 2.1143 	  2.149 	  
17.35 	 2.1202 	  2.1541 	  
17.45 	 2.1264 	  2.1589 	  
17.55 	 2.1329 	  2.1635 	  
17.65 	 2.1396 	  2.1678 	  
17.75 	 2.1465 	  2.1719 	  
17.85 	 2.1537 	  2.1757 	  
17.95 	 2.1613 	  2.1793 	  
18.05 	 2.169 	  2.1826 	  
18.15 	 2.177 	  2.1856 	  
18.25 	 2.1852 	  2.1883 	  
18.35 	 2.1934 	  2.1908 	  
18.45 	 2.2017 	  2.193 	  
18.55 	 2.2098 	  2.1949 	  
18.65 	 2.2178 	  2.1965 	  
18.75 	 2.2255 	  2.1978 	  
18.85 	 2.2327 	  2.1988 	  
18.95 	 2.2393 	  2.1995 	  
19.05 	 2.2452 	  2.1999 	  
19.15 	 2.2502 	  2.2 	  
19.25 	 2.2544 	  2.1998 	  
19.35 	 2.2576 	  2.1993 	  
19.45 	 2.2597 	  2.1985 	  
19.55 	 2.2608 	  2.1974 	  
19.65 	 2.2607 	  2.196 	  
19.75 	 2.2596 	  2.1944 	  
19.85 	 2.2574 	  2.1924 	  
19.95 	 2.2543 	  2.1901 	  
20.05 	 2.2503 	  2.1876 	  
20.15 	 2.2454 	  2.1848 	  
20.25 	 2.2396 	  2.1817 	  
20.35 	 2.233 	  2.1783 	  
20.45 	 2.2255 	  2.1747 	  
20.55 	 2.2172 	  2.1708 	  
20.65 	 2.2081 	  2.1666 	  
20.75 	 2.1983 	  2.1622 	  
20.85 	 2.1879 	  2.1575 	  
20.95 	 2.1768 	  2.1526 	  
21.05 	 2.1652 	  2.1475 	  
21.15 	 2.1532 	  2.1422 	  
21.25 	 2.1408 	  2.1366 	  
21.35 	 2.1282 	  2.1309 	  
21.45 	 2.1155 	  2.1249 	  
21.55 	 2.1026 	  2.1188 	  
21.65 	 2.0898 	  2.1125 	  
21.75 	 2.0771 	  2.106 	  
21.85 	 2.0647 	  2.0993 	  
21.95 	 2.0526 	  2.0925 	  
22.05 	 2.041 	  2.0856 	  
22.15 	 2.0297 	  2.0785 	  
22.25 	 2.019 	  2.0714 	  
22.35 	 2.0087 	  2.0641 	  
22.45 	 1.9989 	  2.0567 	  
22.55 	 1.9896 	  2.0492 	  
22.65 	 1.9809 	  2.0417 	  
22.75 	 1.9726 	  2.0341 	  
22.85 	 1.9647 	  2.0264 	  
22.95 	 1.9573 	  2.0187 	  
23.05 	 1.9504 	  2.011 	  
23.15 	 1.9439 	  2.0033 	  
23.25 	 1.9378 	  1.9955 	  
23.35 	 1.9321 	  1.9878 	  
23.45 	 1.9268 	  1.9801 	  
23.55 	 1.9219 	  1.9724 	  
23.65 	 1.9173 	  1.9647 	  
23.75 	 1.9132 	  1.9571 	  
23.85 	 1.9094 	  1.9496 	  
23.95 	 1.906 	  1.9421 	  
24.05 	 1.903 	  1.9348 	  
24.15 	 1.9003 	  1.9275 	  
24.25 	 1.8979 	  1.9203 	  
24.35 	 1.8958 	  1.9133 	  
24.45 	 1.894 	  1.9064 	  
24.55 	 1.8925 	  1.8996 	  
24.65 	 1.8912 	  1.893 	  
24.75 	 1.8901 	  1.8865 	  
24.85 	 1.8892 	  1.8802 	  
24.95 	 1.8884 	  1.8741 	  
25.05 	 1.8879 	  1.8682 	  
25.15 	 1.8874 	  1.8625 	  
25.25 	 1.8871 	  1.857 	  
25.35 	 1.8868 	  1.8517 	  
25.45 	 1.8866 	  1.8466 	  
25.55 	 1.8863 	  1.8417 	  
25.65 	 1.886 	  1.8371 	  
25.75 	 1.8856 	  1.8327 	  
25.85 	 1.885 	  1.8286 	  
25.95 	 1.8843 	  1.8248 	  
26.05 	 1.8835 	  1.8212 	  
26.15 	 1.8824 	  1.8178 	  
26.25 	 1.8812 	  1.8148 	  
26.35 	 1.8797 	  1.812 	  
26.45 	 1.878 	  1.8095 	  
26.55 	 1.876 	  1.8073 	  
26.65 	 1.8739 	  1.8053 	  
26.75 	 1.8716 	  1.8037 	  
26.85 	 1.8691 	  1.8024 	  
26.95 	 1.8664 	  1.8013 	  
27.05 	 1.8636 	  1.8006 	  
27.15 	 1.8607 	  1.8001 	  
27.25 	 1.8578 	  1.8 	  
27.35 	 1.8548 	  1.8002 	  
27.45 	 1.8518 	  1.8006 	  
27.55 	 1.849 	  1.8014 	  
27.65 	 1.8462 	  1.8024 	  
27.75 	 1.8435 	  1.8038 	  
27.85 	 1.8411 	  1.8054 	  
27.95 	 1.8388 	  1.8073 	  
28.05 	 1.8369 	  1.8096 	  
28.15 	 1.8352 	  1.8121 	  
28.25 	 1.8338 	  1.8148 	  
28.35 	 1.8327 	  1.8179 	  
28.45 	 1.832 	  1.8213 	  
28.55 	 1.8317 	  1.8249 	  
28.65 	 1.8318 	  1.8287 	  
28.75 	 1.8322 	  1.8329 	  
28.85 	 1.8331 	  1.8372 	  
28.95 	 1.8344 	  1.8419 	  
29.05 	 1.8361 	  1.8467 	  
29.15 	 1.8382 	  1.8518 	  
29.25 	 1.8407 	  1.8571 	  
29.35 	 1.8437 	  1.8626 	  
29.45 	 1.847 	  1.8684 	  
29.55 	 1.8508 	  1.8743 	  
29.65 	 1.8549 	  1.8804 	  
29.75 	 1.8594 	  1.8867 	  
29.85 	 1.8643 	  1.8932 	  
29.95 	 1.8695 	  1.8998 	  
30.05 	 1.875 	  1.9066 	  
30.15 	 1.8809 	  1.9135 	  
30.25 	 1.8871 	  1.9205 	  
30.35 	 1.8935 	  1.9277 	  
30.45 	 1.9002 	  1.935 	  
30.55 	 1.9071 	  1.9424 	  
30.65 	 1.9142 	  1.9498 	  
30.75 	 1.9215 	  1.9573 	  
30.85 	 1.929 	  1.9649 	  
30.95 	 1.9365 	  1.9726 	  
31.05 	 1.9442 	  1.9803 	  
31.15 	 1.952 	  1.988 	  
31.25 	 1.9599 	  1.9957 	  
31.35 	 1.9678 	  2.0035 	  
31.45 	 1.9758 	  2.0112 	  
31.55 	 1.9839 	  2.0189 	  
31.65 	 1.992 	  2.0266 	  
31.75 	 2.0001 	  2.0343 	  
31.85 	 2.0083 	  2.0419 	  
31.95 	 2.0163 	  2.0494 	  
32.05 	 2.0244 	  2.0569 	  
32.15 	 2.0324 	  2.0643 	  
32.25 	 2.0403 	  2.0716 	  
32.35 	 2.0482 	  2.0787 	  
32.45 	 2.056 	  2.0858 	  
32.55 	 2.0637 	  2.0927 	  
32.65 	 2.0713 	  2.0995 	  
32.75 	 2.0788 	  2.1062 	  
32.85 	 2.0862 	  2.1126 	  
32.95 	 2.0935 	  2.119 	  
33.05 	 2.1007 	  2.1251 	  
33.15 	 2.1078 	  2.131 	  
33.25 	 2.1148 	  2.1368 	  
33.35 	 2.1218 	  2.1423 	  
33.45 	 2.1287 	  2.1477 	  
33.55 	 2.1355 	  2.1528 	  
33.65 	 2.1422 	  2.1577 	  
33.75 	 2.1489 	  2.1623 	  
33.85 	 2.1555 	  2.1667 	  
33.95 	 2.162 	  2.1709 	  
34.05 	 2.1684 	  2.1748 	  
34.15 	 2.1748 	  2.1784 	  
34.25 	 2.1811 	  2.1818 	  
34.35 	 2.1872 	  2.1849 	  
34.45 	 2.1931 	  2.1877 	  
34.55 	 2.1988 	  2.1902 	  
34.65 	 2.2042 	  2.1925 	  
34.75 	 2.2093 	  2.1944 	  
34.85 	 2.2141 	  2.1961 	  
34.95 	 2.2186 	  2.1975 	  
35.05 	 2.2226 	  2.1985 	  
35.15 	 2.2263 	  2.1993 	  
35.25 	 2.2294 	  2.1998 	  
35.35 	 2.232 	  2.2 	  
35.45 	 2.2341 	  2.1999 	  
35.55 	 2.2355 	  2.1995 	  
35.65 	 2.2363 	  2.1988 	  
35.75 	 2.2366 	  2.1977 	  
35.85 	 2.2362 	  2.1964 	  
35.95 	 2.2351 	  2.1948 	  
36.05 	 2.2335 	  2.1929 	  
36.15 	 2.2311 	  2.1907 	  
36.25 	 2.2282 	  2.1883 	  
36.35 	 2.2246 	  2.1855 	  
36.45 	 2.2203 	  2.1825 	  
36.55 	 2.2154 	  2.1792 	  
36.65 	 2.21 	  2.1756 	  
36.75 	 2.2039 	  2.1718 	  
36.85 	 2.1974 	  2.1677 	  
36.95 	 2.1903 	  2.1633 	  
37.05 	 2.1828 	  2.1587 	  
37.15 	 2.1748 	  2.1539 	  
37.25 	 2.1665 	  2.1489 	  
37.35 	 2.1578 	  2.1436 	  
37.45 	 2.1488 	  2.1381 	  
37.55 	 2.1396 	  2.1324 	  
37.65 	 2.1301 	  2.1265 	  
37.75 	 2.1205 	  2.1204 	  
37.85 	 2.1108 	  2.1141 	  
37.95 	 2.1009 	  2.1077 	  
38.05 	 2.091 	  2.1011 	  
38.15 	 2.081 	  2.0943 	  
38.25 	 2.0711 	  2.0874 	  
38.35 	 2.0613 	  2.0804 	  
38.45 	 2.0515 	  2.0732 	  
38.55 	 2.0418 	  2.066 	  
38.65 	 2.0323 	  2.0586 	  
38.75 	 2.0229 	  2.0512 	  
38.85 	 2.0136 	  2.0436 	  
38.95 	 2.0046 	  2.036 	  
39.05 	 1.9957 	  2.0284 	  
39.15 	 1.987 	  2.0207 	  
39.25 	 1.9786 	  2.013 	  
39.35 	 1.9704 	  2.0053 	  
39.45 	 1.9625 	  1.9975 	  
39.55 	 1.9548 	  1.9898 	  
39.65 	 1.9474 	  1.982 	  
39.75 	 1.9403 	  1.9744 	  
39.85 	 1.9335 	  1.9667 	  
39.95 	 1.9269 	  1.9591 	  
40.05 	 1.9206 	  1.9515 	  
40.15 	 1.9146 	  1.9441 	  
40.25 	 1.9088 	  1.9367 	  
40.35 	 1.9033 	  1.9294 	  
40.45 	 1.8981 	  1.9222 	  
40.55 	 1.8932 	  1.9151 	  
40.65 	 1.8885 	  1.9082 	  
40.75 	 1.8842 	  1.9013 	  
40.85 	 1.88 	  1.8947 	  
40.95 	 1.8762 	  1.8882 	  
41.05 	 1.8726 	  1.8818 	  
41.15 	 1.8693 	  1.8757 	  
41.25 	 1.8662 	  1.8697 	  
41.35 	 1.8633 	  1.8639 	  
41.45 	 1.8607 	  1.8584 	  
41.55 	 1.8584 	  1.853 	  
41.65 	 1.8563 	  1.8479 	  
41.75 	 1.8544 	  1.843 	  
41.85 	 1.8527 	  1.8383 	  
41.95 	 1.8512 	  1.8338 	  
42.05 	 1.85 	  1.8297 	  
42.15 	 1.8489 	  1.8257 	  
42.25 	 1.8481 	  1.8221 	  
42.35 	 1.8474 	  1.8187 	  
42.45 	 1.8469 	  1.8155 	  
42.55 	 1.8467 	  1.8127 	  
42.65 	 1.8466 	  1.8101 	  
42.75 	 1.8466 	  1.8078 	  
42.85 	 1.8469 	  1.8058 	  
42.95 	 1.8473 	  1.8041 	  
43.05 	 1.8479 	  1.8027 	  
43.15 	 1.8486 	  1.8016 	  
43.25 	 1.8495 	  1.8008 	  
43.35 	 1.8506 	  1.8002 	  
43.45 	 1.8518 	  1.8 	  
43.55 	 1.8531 	  1.8001 	  
43.65 	 1.8546 	  1.8005 	  
43.75 	 1.8563 	  1.8011 	  
43.85 	 1.8581 	  1.8021 	  
43.95 	 1.86 	  1.8034 	  
44.05 	 1.862 	  1.8049 	  
44.15 	 1.8642 	  1.8068 	  
44.25 	 1.8666 	  1.809 	  
44.35 	 1.869 	  1.8114 	  
44.45 	 1.8716 	  1.8141 	  
44.55 	 1.8743 	  1.8171 	  
44.65 	 1.8771 	  1.8204 	  
44.75 	 1.8801 	  1.8239 	  
44.85 	 1.8832 	  1.8277 	  
44.95 	 1.8863 	  1.8318 	  
45.05 	 1.8896 	  1.8361 	  
45.15 	 1.893 	  1.8406 	  
45.25 	 1.8965 	  1.8454 	  
45.35 	 1.9002 	  1.8505 	  
45.45 	 1.9039 	  1.8557 	  
45.55 	 1.9077 	  1.8612 	  
45.65 	 1.9116 	  1.8669 	  
45.75 	 1.9156 	  1.8728 	  
45.85 	 1.9196 	  1.8788 	  
45.95 	 1.9238 	  1.8851 	  
46.05 	 1.928 	  1.8915 	  
46.15 	 1.9323 	  1.8981 	  
46.25 	 1.9367 	  1.9048 	  
46.35 	 1.9412 	  1.9117 	  
46.45 	 1.9457 	  1.9187 	  
46.55 	 1.9502 	  1.9259 	  
46.65 	 1.9549 	  1.9331 	  
46.75 	 1.9595 	  1.9404 	  
46.85 	 1.9643 	  1.9479 	  
46.95 	 1.969 	  1.9554 	  
47.05 	 1.9738 	  1.963 	  
47.15 	 1.9786 	  1.9706 	  
47.25 	 1.9835 	  1.9783 	  
47.35 	 1.9884 	  1.986 	  
47.45 	 1.9933 	  1.9937 	  
47.55 	 1.9982 	  2.0015 	  
47.65 	 2.0031 	  2.0092 	  
47.75 	 2.008 	  2.017 	  
47.85 	 2.0129 	  2.0247 	  
47.95 	 2.0178 	  2.0323 	  
48.05 	 2.0226 	  2.0399 	  
48.15 	 2.0275 	  2.0475 	  
48.25 	 2.0323 	  2.055 	  
48.35 	 2.037 	  2.0624 	  
48.45 	 2.0418 	  2.0697 	  
48.55 	 2.0464 	  2.0769 	  
48.65 	 2.0511 	  2.084 	  
48.75 	 2.0556 	  2.091 	  
48.85 	 2.0601 	  2.0978 	  
48.95 	 2.0645 	  2.1045 	  
49.05 	 2.0688 	  2.111 	  
49.15 	 2.073 	  2.1173 	  
49.25 	 2.0771 	  2.1235 	  
49.35 	 2.0811 	  2.1295 	  
49.45 	 2.085 	  2.1353 	  
49.55 	 2.0888 	  2.1409 	  
49.65 	 2.0924 	  2.1463 	  
49.75 	 2.0959 	  2.1515 	  
49.85 	 2.0993 	  2.1564 	  
49.95 	 2.1025 	  2.1611 	  
50.05 	 2.1056 	  2.1656 	  
50.15 	 2.1085 	  2.1698 	  
50.25 	 2.1112 	  2.1738 	  
50.35 	 2.1138 	  2.1775 	  
50.45 	 2.1162 	  2.1809 	  
50.55 	 2.1184 	  2.1841 	  
50.65 	 2.1205 	  2.187 	  
50.75 	 2.1224 	  2.1896 	  
50.85 	 2.1241 	  2.1919 	  
50.95 	 2.1257 	  2.1939 	  
51.05 	 2.127 	  2.1957 	  
51.15 	 2.1282 	  2.1971 	  
51.25 	 2.1293 	  2.1983 	  
51.35 	 2.1301 	  2.1992 	  
51.45 	 2.1308 	  2.1997 	  
51.55 	 2.1313 	  2.2 	  
51.65 	 2.1317 	  2.1999 	  
51.75 	 2.1319 	  2.1996 	  
51.85 	 2.1319 	  2.199 	  
51.95 	 2.1318 	  2.198 	  
52.05 	 2.1316 	  2.1968 	  
52.15 	 2.1312 	  2.1953 	  
52.25 	 2.1306 	  2.1934 	  
52.35 	 2.1299 	  2.1913 	  
52.45 	 2.1291 	  2.1889 	  
52.55 	 2.1282 	  2.1863 	  
52.65 	 2.1271 	  2.1833 	  
52.75 	 2.126 	  2.1801 	  
52.85 	 2.1247 	  2.1766 	  
52.95 	 2.1233 	  2.1728 	  
53.05 	 2.1218 	  2.1688 	  
53.15 	 2.1202 	  2.1645 	  
53.25 	 2.1186 	  2.16 	  
53.35 	 2.1168 	  2.1552 	  
53.45 	 2.115 	  2.1502 	  
53.55 	 2.1131 	  2.145 	  
53.65 	 2.1111 	  2.1395 	  
53.75 	 2.1091 	  2.1339 	  
53.85 	 2.1071 	  2.128 	  
53.95 	 2.1049 	  2.122 	  
54.05 	 2.1028 	  2.1157 	  
54.15 	 2.1006 	  2.1093 	  
54.25 	 2.0983 	  2.1028 	  
54.35 	 2.0961 	  2.096 	  
54.45 	 2.0938 	  2.0892 	  
54.55 	 2.0915 	  2.0822 	  
54.65 	 2.0891 	  2.0751 	  
54.75 	 2.0868 	  2.0678 	  
54.85 	 2.0845 	  2.0605 	  
54.95 	 2.0821 	  2.0531 	  
55.05 	 2.0798 	  2.0456 	  
55.15 	 2.0774 	  2.038 	  
55.25 	 2.0751 	  2.0304 	  
55.35 	 2.0728 	  2.0227 	  
55.45 	 2.0705 	  2.015 	  
55.55 	 2.0682 	  2.0072 	  
55.65 	 2.0659 	  1.9995 	  
55.75 	 2.0637 	  1.9918 	  
55.85 	 2.0614 	  1.984 	  
55.95 	 2.0592 	  1.9763 	  
56.05 	 2.0571 	  1.9687 	  
56.15 	 2.0549 	  1.961 	  
56.25 	 2.0528 	  1.9535 	  
56.35 	 2.0508 	  1.946 	  
56.45 	 2.0488 	  1.9386 	  
56.55 	 2.0468 	  1.9312 	  
56.65 	 2.0448 	  1.924 	  
56.75 	 2.0429 	  1.9169 	  
56.85 	 2.0411 	  1.9099 	  
56.95 	 2.0393 	  1.9031 	  
57.05 	 2.0375 	  1.8964 	  
57.15 	 2.0357 	  1.8898 	  
57.25 	 2.034 	  1.8835 	  
57.35 	 2.0324 	  1.8773 	  
57.45 	 2.0308 	  1.8712 	  
57.55 	 2.0292 	  1.8654 	  
57.65 	 2.0277 	  1.8598 	  
57.75 	 2.0262 	  1.8544 	  
57.85 	 2.0248 	  1.8492 	  
57.95 	 2.0234 	  1.8442 	  
58.05 	 2.022 	  1.8395 	  
58.15 	 2.0207 	  1.835 	  
58.25 	 2.0194 	  1.8307 	  
58.35 	 2.0182 	  1.8267 	  
58.45 	 2.017 	  1.823 	  
58.55 	 2.0158 	  1.8195 	  
58.65 	 2.0147 	  1.8163 	  
58.75 	 2.0137 	  1.8134 	  
58.85 	 2.0126 	  1.8107 	  
58.95 	 2.0117 	  1.8084 	  
59.05 	 2.0107 	  1.8063 	  
59.15 	 2.0098 	  1.8045 	  
59.25 	 2.0089 	  1.803 	  
59.35 	 2.008 	  1.8018 	  
59.45 	 2.0072 	  1.8009 	  
59.55 	 2.0064 	  1.8003 	  
59.65 	 2.0057 	  1.8 	  
59.75 	 2.005 	  1.8 	  
59.85 	 2.0043 	  1.8003 	  
59.95 	 2.0037 	  1.8009 	  
60.05 	 2.0031 	  1.8018 	  
60.15 	 2.0025 	  1.803 	  
60.25 	 2.002 	  1.8045 	  
60.35 	 2.0014 	  1.8063 	  
60.45 	 2.0009 	  1.8084 	  
60.55 	 2.0004 	  1.8107 	  
60.65 	 2 	  1.8134 	  
60.75 	 1.9995 	  1.8163 	  
60.85 	 1.9992 	  1.8195 	  
60.95 	 1.9988 	  1.823 	  
61.05 	 1.9985 	  1.8267 	  
61.15 	 1.9982 	  1.8307 	  
61.25 	 1.9979 	  1.835 	  
61.35 	 1.9977 	  1.8395 	  
61.45 	 1.9975 	  1.8442 	  
61.55 	 1.9972 	  1.8492 	  
61.65 	 1.997 	  1.8544 	  
61.75 	 1.9969 	  1.8598 	  
61.85 	 1.9968 	  1.8654 	  
61.95 	 1.9965 	  1.8712 	  
62.05 	 1.9962 	  1.8772 	  
62.15 	 1.9957 	  1.8835 	  
62.25 	 1.9953 	  1.8898 	  
62.35 	 1.995 	  1.8964 	  
62.45 	 1.9947 	  1.9031 	  
62.55 	 1.9945 	  1.9099 	  
62.65 	 1.9944 	  1.9169 	  
62.75 	 1.9944 	  1.924 	  
62.85 	 1.9944 	  1.9312 	  
62.95 	 1.9943 	  1.9386 	  
63.05 	 1.9941 	  1.946 	  
63.15 	 1.9941 	  1.9535 	  
63.25 	 1.9941 	  1.961 	  
63.35 	 1.9941 	  1.9687 	  
63.45 	 1.9941 	  1.9763 	  
63.55 	 1.9941 	  1.984 	  
63.65 	 1.9941 	  1.9918 	  
63.75 	 1.9941 	  1.9995 	  
63.85 	 1.9941 	  2.0072 	  
63.95 	 1.9941 	  2.015 	  
64.05 	 1.9941 	  2.0227 	  
64.15 	 1.9942 	  2.0304 	  
64.25 	 1.9942 	  2.038 	  
64.35 	 1.9942 	  2.0456 	  
64.45 	 1.9943 	  2.0531 	  
64.55 	 1.9943 	  2.0605 	  
64.65 	 1.9944 	  2.0678 	  
64.75 	 1.9944 	  2.0751 	  
64.85 	 1.9944 	  2.0822 	  
64.95 	 1.9945 	  2.0892 	  
65.05 	 1.9945 	  2.096 	  
65.15 	 1.9946 	  2.1028 	  
65.25 	 1.9946 	  2.1093 	  
65.35 	 1.9947 	  2.1157 	  
65.45 	 1.9947 	  2.122 	  
65.55 	 1.9948 	  2.128 	  
65.65 	 1.9949 	  2.1339 	  
65.75 	 1.9949 	  2.1395 	  
65.85 	 1.995 	  2.145 	  
65.95 	 1.9951 	  2.1502 	  
66.05 	 1.9951 	  2.1552 	  
66.15 	 1.9952 	  2.1599 	  
66.25 	 1.9953 	  2.1645 	  
66.35 	 1.9954 	  2.1688 	  
66.45 	 1.9954 	  2.1728 	  
66.55 	 1.9955 	  2.1766 	  
66.65 	 1.9956 	  2.1801 	  
66.75 	 1.9957 	  2.1833 	  
66.85 	 1.9958 	  2.1863 	  
66.95 	 1.9958 	  2.1889 	  
67.05 	 1.9959 	  2.1913 	  
67.15 	 1.996 	  2.1934 	  
67.25 	 1.9961 	  2.1953 	  
67.35 	 1.9962 	  2.1968 	  
67.45 	 1.9962 	  2.198 	  
67.55 	 1.9963 	  2.199 	  
67.65 	 1.9964 	  2.1996 	  
67.75 	 1.9965 	  2.1999 	  
67.85 	 1.9965 	  2.2 	  
67.95 	 1.9966 	  2.1997 	  
68.05 	 1.9967 	  2.1992 	  
68.15 	 1.9967 	  2.1983 	  
68.25 	 1.9968 	  2.1971 	  
68.35 	 1.9969 	  2.1957 	  
68.45 	 1.997 	  2.1939 	  
68.55 	 1.997 	  2.1919 	  
68.65 	 1.9971 	  2.1896 	  
68.75 	 1.9972 	  2.187 	  
68.85 	 1.9972 	  2.1841 	  
68.95 	 1.9973 	  2.1809 	  
69.05 	 1.9974 	  2.1775 	  
69.15 	 1.9975 	  2.1738 	  
69.25 	 1.9975 	  2.1698 	  
69.35 	 1.9976 	  2.1656 	  
69.45 	 1.9976 	  2.1611 	  
69.55 	 1.9977 	  2.1564 	  
69.65 	 1.9978 	  2.1515 	  
69.75 	 1.9978 	  2.1463 	  
69.85 	 1.9979 	  2.1409 	  
69.95 	 1.9979 	  2.1353 	  
70.05 	 1.998 	  2.1295 	  
70.15 	 1.998 	  2.1235 	  
70.25 	 1.9981 	  2.1174 	  
70.35 	 1.9981 	  2.111 	  
70.45 	 1.9982 	  2.1045 	  
70.55 	 1.9982 	  2.0978 	  
70.65 	 1.9983 	  2.091 	  
70.75 	 1.9983 	  2.084 	  
70.85 	 1.9984 	  2.0769 	  
70.95 	 1.9984 	  2.0697 	  
71.05 	 1.9985 	  2.0624 	  
71.15 	 1.9985 	  2.055 	  
71.25 	 1.9985 	  2.0475 	  
71.35 	 1.9986 	  2.0399 	  
71.45 	 1.9986 	  2.0323 	  
71.55 	 1.9987 	  2.0247 	  
71.65 	 1.9987 	  2.017 	  
71.75 	 1.9987 	  2.0092 	  
71.85 	 1.9988 	  2.0015 	  
71.95 	 1.9988 	  1.9938 	  
72.05 	 1.9988 	  1.986 	  
72.15 	 1.9989 	  1.9783 	  
72.25 	 1.9989 	  1.9706 	  
72.35 	 1.999 	  1.963 	  
72.45 	 1.999 	  1.9554 	  
72.55 	 1.999 	  1.9479 	  
72.65 	 1.999 	  1.9405 	  
72.75 	 1.9991 	  1.9331 	  
72.85 	 1.9991 	  1.9259 	  
72.95 	 1.9991 	  1.9187 	  
73.05 	 1.9992 	  1.9117 	  
73.15 	 1.9992 	  1.9048 	  
73.25 	 1.9992 	  1.8981 	  
73.35 	 1.9992 	  1.8915 	  
73.45 	 1.9993 	  1.8851 	  
73.55 	 1.9993 	  1.8788 	  
73.65 	 1.9993 	  1.8728 	  
73.75 	 1.9993 	  1.8669 	  
73.85 	 1.9994 	  1.8612 	  
73.95 	 1.9994 	  1.8557 	  
74.05 	 1.9994 	  1.8505 	  
74.15 	 1.9994 	  1.8454 	  
74.25 	 1.9994 	  1.8407 	  
74.35 	 1.9995 	  1.8361 	  
74.45 	 1.9995 	  1.8318 	  
74.55 	 1.9995 	  1.8277 	  
74.65 	 1.9995 	  1.8239 	  
74.75 	 1.9995 	  1.8204 	  
74.85 	 1.9995 	  1.8171 	  
74.95 	 1.9996 	  1.8141 	  
75.05 	 1.9996 	  1.8114 	  
75.15 	 1.9996 	  1.809 	  
75.25 	 1.9996 	  1.8068 	  
75.35 	 1.9996 	  1.805 	  
75.45 	 1.9996 	  1.8034 	  
75.55 	 1.9996 	  1.8021 	  
75.65 	 1.9996 	  1.8011 	  
75.75 	 1.9997 	  1.8005 	  
75.85 	 1.9997 	  1.8001 	  
75.95 	 1.9997 	  1.8 	  
76.05 	 1.9997 	  1.8002 	  
76.15 	 1.9997 	  1.8008 	  
76.25 	 1.9997 	  1.8016 	  
76.35 	 1.9997 	  1.8027 	  
76.45 	 1.9997 	  1.8041 	  
76.55 	 1.9997 	  1.8058 	  
76.65 	 1.9997 	  1.8078 	  
76.75 	 1.9997 	  1.8101 	  
76.85 	 1.9998 	  1.8127 	  
76.95 	 1.9998 	  1.8155 	  
77.05 	 1.9998 	  1.8187 	  
77.15 	 1.9998 	  1.8221 	  
77.25 	 1.9998 	  1.8257 	  
77.35 	 1.9998 	  1.8297 	  
77.45 	 1.9998 	  1.8338 	  
77.55 	 1.9998 	  1.8383 	  
77.65 	 1.9998 	  1.8429 	  
77.75 	 1.9998 	  1.8479 	  
77.85 	 1.9998 	  1.853 	  
77.95 	 1.9998 	  1.8584 	  
78.05 	 1.9998 	  1.8639 	  
78.15 	 1.9998 	  1.8697 	  
78.25 	 1.9998 	  1.8757 	  
78.35 	 1.9998 	  1.8818 	  
78.45 	 1.9998 	  1.8882 	  
78.55 	 1.9998 	  1.8947 	  
78.65 	 1.9998 	  1.9013 	  
78.75 	 1.9998 	  1.9082 	  
78.85 	 1.9999 	  1.9151 	  
78.95 	 1.9999 	  1.9222 	  
79.05 	 1.9999 	  1.9294 	  
79.15 	 1.9999 	  1.9367 	  
79.25 	 1.9999 	  1.9441 	  
79.35 	 1.9999 	  1.9515 	  
79.45 	 1.9999 	  1.9591 	  
79.55 	 1.9999 	  1.9667 	  
79.65 	 1.9999 	  1.9743 	  
79.75 	 1.9999 	  1.982 	  
79.85 	 1.9999 	  1.9898 	  
79.95 	 1.9999 	  1.9975 	  
80.05 	 1.9999 	  2.0053 	  
80.15 	 1.9999 	  2.013 	  
80.25 	 1.9999 	  2.0207 	  
80.35 	 1.9999 	  2.0284 	  
80.45 	 1.9999 	  2.036 	  
80.55 	 1.9999 	  2.0436 	  
80.65 	 1.9999 	  2.0511 	  
80.75 	 1.9999 	  2.0586 	  
80.85 	 1.9999 	  2.066 	  
80.95 	 1.9999 	  2.0732 	  
81.05 	 1.9999 	  2.0804 	  
81.15 	 1.9999 	  2.0874 	  
81.25 	 1.9999 	  2.0943 	  
81.35 	 1.9999 	  2.1011 	  
81.45 	 1.9999 	  2.1077 	  
81.55 	 1.9999 	  2.1141 	  
81.65 	 1.9999 	  2.1204 	  
81.75 	 1.9999 	  2.1265 	  
81.85 	 1.9999 	  2.1324 	  
81.95 	 1.9999 	  2.1381 	  
82.05 	 1.9999 	  2.1436 	  
82.15 	 1.9999 	  2.1489 	  
82.25 	 1.9999 	  2.1539 	  
82.35 	 1.9999 	  2.1587 	  
82.45 	 1.9999 	  2.1633 	  
82.55 	 1.9999 	  2.1677 	  
82.65 	 1.9999 	  2.1718 	  
82.75 	 1.9999 	  2.1756 	  
82.85 	 1.9999 	  2.1792 	  
82.95 	 2 	  2.1825 	  
83.05 	 2 	  2.1855 	  
83.15 	 2 	  2.1883 	  
83.25 	 2 	  2.1907 	  
83.35 	 2 	  2.1929 	  
83.45 	 2 	  2.1948 	  
83.55 	 2 	  2.1964 	  
83.65 	 2 	  2.1977 	  
83.75 	 2 	  2.1988 	  
83.85 	 2 	  2.1995 	  
83.95 	 2 	  2.1999 	  
84.05 	 2 	  2.2 	  
84.15 	 2 	  2.1998 	  
84.25 	 2 	  2.1993 	  
84.35 	 2 	  2.1985 	  
84.45 	 2 	  2.1975 	  
84.55 	 2 	  2.1961 	  
84.65 	 2 	  2.1944 	  
84.75 	 2 	  2.1925 	  
84.85 	 2 	  2.1902 	  
84.95 	 2 	  2.1877 	  
85.05 	 2 	  2.1849 	  
85.15 	 2 	  2.1818 	  
85.25 	 2 	  2.1784 	  
85.35 	 2 	  2.1748 	  
85.45 	 2 	  2.1709 	  
85.55 	 2 	  2.1667 	  
85.65 	 2 	  2.1623 	  
85.75 	 2 	  2.1577 	  
85.85 	 2 	  2.1528 	  
85.95 	 2 	  2.1477 	  
86.05 	 2 	  2.1423 	  
86.15 	 2 	  2.1368 	  
86.25 	 2 	  2.131 	  
86.35 	 2 	  2.1251 	  
86.45 	 2 	  2.119 	  
86.55 	 2 	  2.1126 	  
86.65 	 2 	  2.1062 	  
86.75 	 2 	  2.0995 	  
86.85 	 2 	  2.0927 	  
86.95 	 2 	  2.0858 	  
87.05 	 2 	  2.0787 	  
87.15 	 2 	  2.0716 	  
87.25 	 2 	  2.0643 	  
87.35 	 2 	  2.0569 	  
87.45 	 2 	  2.0494 	  
87.55 	 2 	  2.0419 	  
87.65 	 2 	  2.0343 	  
87.75 	 2 	  2.0266 	  
87.85 	 2 	  2.0189 	  
87.95 	 2 	  2.0112 	  
88.05 	 2 	  2.0035 	  
88.15 	 2 	  1.9957 	  
88.25 	 2 	  1.988 	  
88.35 	 2 	  1.9803 	  
88.45 	 2 	  1.9726 	  
88.55 	 2 	  1.9649 	  
88.65 	 2 	  1.9573 	  
88.75 	 2 	  1.9498 	  
88.85 	 2 	  1.9424 	  
88.95 	 2 	  1.935 	  
89.05 	 2 	  1.9277 	  
89.15 	 2 	  1.9205 	  
89.25 	 2 	  1.9135 	  
89.35 	 2 	  1.9066 	  
89.45 	 2 	  1.8998 	  
89.55 	 2 	  1.8932 	  
89.65 	 2 	  1.8867 	  
89.75 	 2 	  1.8804 	  
89.85 	 2 	  1.8743 	  
89.95 	 2 	  1.8684 	  
90.05 	 2 	  1.8626 	  
90.15 	 2 	  1.8571 	  
90.25 	 2 	  1.8518 	  
90.35 	 2 	  1.8467 	  
90.45 	 2 	  1.8419 	  
90.55 	 2 	  1.8372 	  
90.65 	 2 	  1.8329 	  
90.75 	 2 	  1.8287 	  
90.85 	 2 	  1.8249 	  
90.95 	 2 	  1.8213 	  
91.05 	 2 	  1.8179 	  
91.15 	 2 	  1.8149 	  
91.25 	 2 	  1.8121 	  
91.35 	 2 	  1.8096 	  
91.45 	 2 	  1.8073 	  
91.55 	 2 	  1.8054 	  
91.65 	 2 	  1.8038 	  
91.75 	 2 	  1.8024 	  
91.85 	 2 	  1.8014 	  
91.95 	 2 	  1.8006 	  
92.05 	 2 	  1.8002 	  
92.15 	 2 	  1.8 	  
92.25 	 1.9999 	  1.8001 	  
92.35 	 1.9999 	  1.8006 	  
92.45 	 1.9999 	  1.8013 	  
92.55 	 1.9999 	  1.8024 	  
92.65 	 1.9999 	  1.8037 	  
92.75 	 1.9999 	  1.8053 	  
92.85 	 1.9999 	  1.8073 	  
92.95 	 1.9999 	  1.8095 	  
93.05 	 1.9999 	  1.812 	  
93.15 	 1.9999 	  1.8148 	  
93.25 	 1.9999 	  1.8178 	  
93.35 	 1.9999 	  1.8212 	  
93.45 	 1.9999 	  1.8248 	  
93.55 	 1.9999 	  1.8286 	  
93.65 	 1.9999 	  1.8327 	  
93.75 	 1.9999 	  1.8371 	  
93.85 	 1.9999 	  1.8417 	  
93.95 	 1.9999 	  1.8466 	  
94.05 	 1.9999 	  1.8517 	  
94.15 	 1.9999 	  1.857 	  
94.25 	 1.9999 	  1.8625 	  
94.35 	 1.9999 	  1.8682 	  
94.45 	 1.9999 	  1.8741 	  
94.55 	 1.9999 	  1.8802 	  
94.65 	 1.9999 	  1.8865 	  
94.75 	 1.9999 	  1.893 	  
94.85 	 1.9999 	  1.8996 	  
94.95 	 1.9999 	  1.9064 	  
95.05 	 1.9999 	  1.9133 	  
95.15 	 1.9999 	  1.9203 	  
95.25 	 1.9999 	  1.9275 	  
95.35 	 1.9999 	  1.9348 	  
95.45 	 1.9999 	  1.9421 	  
95.55 	 1.9999 	  1.9496 	  
95.65 	 1.9999 	  1.9571 	  
95.75 	 1.9999 	  1.9647 	  
95.85 	 1.9999 	  1.9724 	  
95.95 	 1.9999 	  1.9801 	  
96.05 	 1.9999 	  1.9878 	  
96.15 	 1.9999 	  1.9955 	  
96.25 	 1.9999 	  2.0033 	  
96.35 	 2 	  2.011 	  
96.45 	 2 	  2.0187 	  
96.55 	 2 	  2.0264 	  
96.65 	 2 	  2.0341 	  
96.75 	 2 	  2.0417 	  
96.85 	 2 	  2.0492 	  
96.95 	 2 	  2.0567 	  
97.05 	 2 	  2.0641 	  
97.15 	 2 	  2.0714 	  
97.25 	 2 	  2.0785 	  
97.35 	 2 	  2.0856 	  
97.45 	 2 	  2.0925 	  
97.55 	 2 	  2.0993 	  
97.65 	 2 	  2.106 	  
97.75 	 2 	  2.1125 	  
97.85 	 2 	  2.1188 	  
97.95 	 2 	  2.1249 	  
98.05 	 2 	  2.1309 	  
98.15 	 2 	  2.1366 	  
98.25 	 2 	  2.1422 	  
98.35 	 2 	  2.1475 	  
98.45 	 2 	  2.1526 	  
98.55 	 2 	  2.1575 	  
98.65 	 2 	  2.1622 	  
98.75 	 2 	  2.1666 	  
98.85 	 2 	  2.1707 	  
98.95 	 2 	  2.1747 	  
99.05 	 2 	  2.1783 	  
99.15 	 2 	  2.1817 	  
99.25 	 2 	  2.1848 	  
99.35 	 2 	  2.1876 	  
99.45 	 2 	  2.1901 	  
99.55 	 2 	  2.1924 	  
99.65 	 2 	  2.1944 	  
99.75 	 2 	  2.196 	  
99.85 	 2 	  2.1974 	  
99.95 	 2 	  2.1985 	  
100.05 	 2 	  2.1993 	  
100.15 	 2 	  2.1998 	  
100.25 	 2 	  2.2 	  
100.35 	 2 	  2.1999 	  
100.45 	 2 	  2.1995 	  
100.55 	 2 	  2.1988 	  
100.65 	 1.9999 	  2.1978 	  
100.75 	 1.9999 	  2.1965 	  
100.85 	 1.9999 	  2.1949 	  
100.95 	 1.9999 	  2.193 	  
101.05 	 1.9999 	  2.1908 	  
101.15 	 1.9999 	  2.1884 	  
101.25 	 1.9999 	  2.1856 	  
101.35 	 1.9999 	  2.1826 	  
101.45 	 1.9999 	  2.1793 	  
101.55 	 1.9999 	  2.1757 	  
101.65 	 1.9999 	  2.1719 	  
101.75 	 1.9999 	  2.1678 	  
101.85 	 1.9999 	  2.1635 	  
101.95 	 1.9999 	  2.1589 	  
102.05 	 1.9999 	  2.1541 	  
102.15 	 1.9999 	  2.149 	  
102.25 	 1.9999 	  2.1437 	  
102.35 	 1.9999 	  2.1382 	  
102.45 	 1.9999 	  2.1325 	  
102.55 	 1.9999 	  2.1266 	  
102.65 	 1.9999 	  2.1206 	  
102.75 	 1.9999 	  2.1143 	  
102.85 	 1.9999 	  2.1078 	  
102.95 	 1.9999 	  2.1012 	  
103.05 	 1.9999 	  2.0945 	  
103.15 	 1.9999 	  2.0876 	  
103.25 	 1.9999 	  2.0806 	  
103.35 	 1.9999 	  2.0734 	  
103.45 	 1.9999 	  2.0662 	  
103.55 	 1.9999 	  2.0588 	  
103.65 	 1.9999 	  2.0514 	  
103.75 	 1.9999 	  2.0438 	  
103.85 	 1.9999 	  2.0363 	  
103.95 	 1.9999 	  2.0286 	  
104.05 	 1.9999 	  2.0209 	  
104.15 	 1.9999 	  2.0132 	  
104.25 	 1.9999 	  2.0055 	  
104.35 	 1.9999 	  1.9977 	  
104.45 	 1.9999 	  1.99 	  
104.55 	 1.9999 	  1.9823 	  
104.65 	 1.9999 	  1.9746 	  
104.75 	 1.9999 	  1.9669 	  
104.85 	 1.9999 	  1.9593 	  
104.95 	 1.9999 	  1.9517 	  
105.05 	 1.9999 	  1.9443 	  
105.15 	 1.9999 	  1.9369 	  
105.25 	 1.9999 	  1.9296 	  
105.35 	 1.9999 	  1.9224 	  
105.45 	 1.9999 	  1.9153 	  
105.55 	 1.9999 	  1.9084 	  
105.65 	 1.9999 	  1.9015 	  
105.75 	 1.9999 	  1.8949 	  
105.85 	 1.9999 	  1.8884 	  
105.95 	 1.9999 	  1.882 	  
106.05 	 1.9999 	  1.8759 	  
106.15 	 1.9999 	  1.8699 	  
106.25 	 1.9999 	  1.8641 	  
106.35 	 1.9999 	  1.8585 	  
106.45 	 1.9999 	  1.8532 	  
106.55 	 1.9999 	  1.848 	  
106.65 	 1.9999 	  1.8431 	  
106.75 	 1.9999 	  1.8384 	  
106.85 	 1.9999 	  1.834 	  
106.95 	 1.9999 	  1.8298 	  
107.05 	 1.9999 	  1.8258 	  
107.15 	 1.9999 	  1.8222 	  
107.25 	 1.9999 	  1.8188 	  
107.35 	 1.9999 	  1.8156 	  
107.45 	 1.9999 	  1.8128 	  
107.55 	 1.9999 	  1.8102 	  
107.65 	 1.9999 	  1.8079 	  
107.75 	 1.9999 	  1.8059 	  
107.85 	 1.9999 	  1.8042 	  
107.95 	 1.9999 	  1.8027 	  
108.05 	 1.9999 	  1.8016 	  
108.15 	 1.9999 	  1.8008 	  
108.25 	 1.9999 	  1.8002 	  
108.35 	 2 	  1.8 	  
108.45 	 2 	  1.8001 	  
108.55 	 2 	  1.8004 	  
108.65 	 2 	  1.8011 	  
108.75 	 2 	  1.8021 	  
108.85 	 2 	  1.8033 	  
108.95 	 2 	  1.8049 	  
