simtime:  8.5694
number of wsf-lines:  1

line_No     y_coord
1	 1.5
2	  Wave Theory 


X 1	 P 1 	 	 	 	 W 1

0.05 	 1.8502 	  1.8465 	  
0.15 	 1.8554 	  1.8516 	  
0.25 	 1.8608 	  1.8569 	  
0.35 	 1.8664 	  1.8624 	  
0.45 	 1.8723 	  1.8681 	  
0.55 	 1.8783 	  1.874 	  
0.65 	 1.8844 	  1.8801 	  
0.75 	 1.8908 	  1.8864 	  
0.85 	 1.8973 	  1.8929 	  
0.95 	 1.904 	  1.8995 	  
1.05 	 1.9108 	  1.9063 	  
1.15 	 1.9177 	  1.9132 	  
1.25 	 1.9248 	  1.9202 	  
1.35 	 1.932 	  1.9274 	  
1.45 	 1.9393 	  1.9346 	  
1.55 	 1.9466 	  1.942 	  
1.65 	 1.9541 	  1.9495 	  
1.75 	 1.9616 	  1.957 	  
1.85 	 1.9691 	  1.9646 	  
1.95 	 1.9767 	  1.9722 	  
2.05 	 1.9844 	  1.9799 	  
2.15 	 1.992 	  1.9876 	  
2.25 	 1.9997 	  1.9954 	  
2.35 	 2.0074 	  2.0031 	  
2.45 	 2.0151 	  2.0109 	  
2.55 	 2.0227 	  2.0186 	  
2.65 	 2.0303 	  2.0263 	  
2.75 	 2.0379 	  2.0339 	  
2.85 	 2.0454 	  2.0415 	  
2.95 	 2.0528 	  2.0491 	  
3.05 	 2.0601 	  2.0565 	  
3.15 	 2.0674 	  2.0639 	  
3.25 	 2.0746 	  2.0712 	  
3.35 	 2.0816 	  2.0784 	  
3.45 	 2.0886 	  2.0855 	  
3.55 	 2.0954 	  2.0924 	  
3.65 	 2.102 	  2.0992 	  
3.75 	 2.1086 	  2.1059 	  
3.85 	 2.1149 	  2.1123 	  
3.95 	 2.1211 	  2.1187 	  
4.05 	 2.1271 	  2.1248 	  
4.15 	 2.1329 	  2.1308 	  
4.25 	 2.1385 	  2.1365 	  
4.35 	 2.144 	  2.1421 	  
4.45 	 2.1492 	  2.1474 	  
4.55 	 2.1542 	  2.1525 	  
4.65 	 2.1589 	  2.1574 	  
4.75 	 2.1635 	  2.1621 	  
4.85 	 2.1678 	  2.1665 	  
4.95 	 2.1718 	  2.1707 	  
5.05 	 2.1756 	  2.1746 	  
5.15 	 2.1792 	  2.1782 	  
5.25 	 2.1825 	  2.1816 	  
5.35 	 2.1855 	  2.1847 	  
5.45 	 2.1883 	  2.1875 	  
5.55 	 2.1908 	  2.1901 	  
5.65 	 2.193 	  2.1924 	  
5.75 	 2.195 	  2.1943 	  
5.85 	 2.1966 	  2.196 	  
5.95 	 2.198 	  2.1974 	  
6.05 	 2.1991 	  2.1985 	  
6.15 	 2.1999 	  2.1993 	  
6.25 	 2.2004 	  2.1998 	  
6.35 	 2.2007 	  2.2 	  
6.45 	 2.2006 	  2.1999 	  
6.55 	 2.2003 	  2.1995 	  
6.65 	 2.1996 	  2.1988 	  
6.75 	 2.1987 	  2.1978 	  
6.85 	 2.1975 	  2.1965 	  
6.95 	 2.196 	  2.1949 	  
7.05 	 2.1942 	  2.193 	  
7.15 	 2.1921 	  2.1909 	  
7.25 	 2.1897 	  2.1884 	  
7.35 	 2.1871 	  2.1857 	  
7.45 	 2.1841 	  2.1826 	  
7.55 	 2.1809 	  2.1794 	  
7.65 	 2.1774 	  2.1758 	  
7.75 	 2.1736 	  2.172 	  
7.85 	 2.1695 	  2.1679 	  
7.95 	 2.1652 	  2.1635 	  
8.05 	 2.1606 	  2.159 	  
8.15 	 2.1557 	  2.1542 	  
8.25 	 2.1506 	  2.1491 	  
8.35 	 2.1452 	  2.1438 	  
8.45 	 2.1396 	  2.1383 	  
8.55 	 2.1337 	  2.1326 	  
8.65 	 2.1276 	  2.1268 	  
8.75 	 2.1213 	  2.1207 	  
8.85 	 2.1147 	  2.1144 	  
8.95 	 2.108 	  2.108 	  
9.05 	 2.101 	  2.1014 	  
9.15 	 2.0939 	  2.0946 	  
9.25 	 2.0866 	  2.0877 	  
9.35 	 2.0791 	  2.0807 	  
9.45 	 2.0715 	  2.0736 	  
9.55 	 2.0637 	  2.0663 	  
9.65 	 2.0558 	  2.0589 	  
9.75 	 2.0478 	  2.0515 	  
9.85 	 2.0398 	  2.044 	  
9.95 	 2.0317 	  2.0364 	  
10.05 	 2.0235 	  2.0288 	  
10.15 	 2.0153 	  2.0211 	  
10.25 	 2.007 	  2.0134 	  
10.35 	 1.9987 	  2.0056 	  
10.45 	 1.9904 	  1.9979 	  
10.55 	 1.982 	  1.9901 	  
10.65 	 1.9737 	  1.9824 	  
10.75 	 1.9654 	  1.9747 	  
10.85 	 1.9572 	  1.9671 	  
10.95 	 1.9491 	  1.9594 	  
11.05 	 1.941 	  1.9519 	  
11.15 	 1.9331 	  1.9444 	  
11.25 	 1.9253 	  1.937 	  
11.35 	 1.9177 	  1.9297 	  
11.45 	 1.9101 	  1.9225 	  
11.55 	 1.9028 	  1.9154 	  
11.65 	 1.8955 	  1.9085 	  
11.75 	 1.8884 	  1.9017 	  
11.85 	 1.8816 	  1.895 	  
11.95 	 1.875 	  1.8885 	  
12.05 	 1.8686 	  1.8821 	  
12.15 	 1.8625 	  1.876 	  
12.25 	 1.8567 	  1.87 	  
12.35 	 1.8511 	  1.8642 	  
12.45 	 1.8459 	  1.8586 	  
12.55 	 1.841 	  1.8533 	  
12.65 	 1.8364 	  1.8481 	  
12.75 	 1.8322 	  1.8432 	  
12.85 	 1.8283 	  1.8385 	  
12.95 	 1.8249 	  1.834 	  
13.05 	 1.8217 	  1.8298 	  
13.15 	 1.819 	  1.8259 	  
13.25 	 1.8166 	  1.8222 	  
13.35 	 1.8146 	  1.8188 	  
13.45 	 1.813 	  1.8157 	  
13.55 	 1.8118 	  1.8128 	  
13.65 	 1.8109 	  1.8102 	  
13.75 	 1.8104 	  1.8079 	  
13.85 	 1.8102 	  1.8059 	  
13.95 	 1.8104 	  1.8042 	  
14.05 	 1.8109 	  1.8028 	  
14.15 	 1.8118 	  1.8016 	  
14.25 	 1.8129 	  1.8008 	  
14.35 	 1.8144 	  1.8002 	  
14.45 	 1.8161 	  1.8 	  
14.55 	 1.8181 	  1.8001 	  
14.65 	 1.8203 	  1.8004 	  
14.75 	 1.8228 	  1.8011 	  
14.85 	 1.8255 	  1.8021 	  
14.95 	 1.8284 	  1.8033 	  
15.05 	 1.8315 	  1.8049 	  
15.15 	 1.8348 	  1.8067 	  
15.25 	 1.8383 	  1.8088 	  
15.35 	 1.8419 	  1.8113 	  
15.45 	 1.8457 	  1.814 	  
15.55 	 1.8497 	  1.817 	  
15.65 	 1.8537 	  1.8202 	  
15.75 	 1.8579 	  1.8237 	  
15.85 	 1.8621 	  1.8275 	  
15.95 	 1.8664 	  1.8316 	  
16.05 	 1.8708 	  1.8359 	  
16.15 	 1.8753 	  1.8404 	  
16.25 	 1.8798 	  1.8452 	  
16.35 	 1.8844 	  1.8502 	  
16.45 	 1.889 	  1.8555 	  
16.55 	 1.8938 	  1.8609 	  
16.65 	 1.8985 	  1.8666 	  
16.75 	 1.9033 	  1.8725 	  
16.85 	 1.9081 	  1.8785 	  
16.95 	 1.913 	  1.8848 	  
17.05 	 1.9178 	  1.8912 	  
17.15 	 1.9227 	  1.8978 	  
17.25 	 1.9276 	  1.9045 	  
17.35 	 1.9325 	  1.9114 	  
17.45 	 1.9373 	  1.9184 	  
17.55 	 1.942 	  1.9255 	  
17.65 	 1.9466 	  1.9328 	  
17.75 	 1.9511 	  1.9401 	  
17.85 	 1.9554 	  1.9475 	  
17.95 	 1.9596 	  1.955 	  
18.05 	 1.9637 	  1.9626 	  
18.15 	 1.9675 	  1.9703 	  
18.25 	 1.9712 	  1.9779 	  
18.35 	 1.9748 	  1.9856 	  
18.45 	 1.9783 	  1.9934 	  
18.55 	 1.9818 	  2.0011 	  
18.65 	 1.9852 	  2.0089 	  
18.75 	 1.9886 	  2.0166 	  
18.85 	 1.9922 	  2.0243 	  
18.95 	 1.9958 	  2.032 	  
19.05 	 1.9997 	  2.0396 	  
19.15 	 2.0037 	  2.0471 	  
19.25 	 2.008 	  2.0546 	  
19.35 	 2.0126 	  2.062 	  
19.45 	 2.0175 	  2.0694 	  
19.55 	 2.0226 	  2.0766 	  
19.65 	 2.0281 	  2.0837 	  
19.75 	 2.034 	  2.0906 	  
19.85 	 2.0403 	  2.0975 	  
19.95 	 2.0469 	  2.1042 	  
20.05 	 2.0539 	  2.1107 	  
20.15 	 2.0613 	  2.1171 	  
20.25 	 2.0691 	  2.1232 	  
20.35 	 2.0772 	  2.1292 	  
20.45 	 2.0856 	  2.1351 	  
20.55 	 2.0944 	  2.1407 	  
20.65 	 2.1035 	  2.1461 	  
20.75 	 2.1129 	  2.1512 	  
20.85 	 2.1226 	  2.1562 	  
20.95 	 2.1325 	  2.1609 	  
21.05 	 2.1428 	  2.1654 	  
21.15 	 2.1533 	  2.1696 	  
21.25 	 2.1639 	  2.1736 	  
21.35 	 2.1747 	  2.1773 	  
21.45 	 2.1856 	  2.1808 	  
21.55 	 2.1966 	  2.1839 	  
21.65 	 2.2075 	  2.1868 	  
21.75 	 2.2182 	  2.1895 	  
21.85 	 2.2285 	  2.1918 	  
21.95 	 2.2382 	  2.1939 	  
22.05 	 2.2471 	  2.1956 	  
22.15 	 2.2551 	  2.1971 	  
22.25 	 2.262 	  2.1982 	  
22.35 	 2.2677 	  2.1991 	  
22.45 	 2.2722 	  2.1997 	  
22.55 	 2.2751 	  2.2 	  
22.65 	 2.2764 	  2.1999 	  
22.75 	 2.276 	  2.1996 	  
22.85 	 2.2741 	  2.199 	  
22.95 	 2.2707 	  2.1981 	  
23.05 	 2.2659 	  2.1969 	  
23.15 	 2.2598 	  2.1953 	  
23.25 	 2.2526 	  2.1935 	  
23.35 	 2.2445 	  2.1914 	  
23.45 	 2.2355 	  2.1891 	  
23.55 	 2.2259 	  2.1864 	  
23.65 	 2.2158 	  2.1834 	  
23.75 	 2.2053 	  2.1802 	  
23.85 	 2.1947 	  2.1767 	  
23.95 	 2.1839 	  2.173 	  
24.05 	 2.1731 	  2.169 	  
24.15 	 2.1624 	  2.1647 	  
24.25 	 2.1519 	  2.1602 	  
24.35 	 2.1417 	  2.1554 	  
24.45 	 2.1317 	  2.1504 	  
24.55 	 2.122 	  2.1452 	  
24.65 	 2.1127 	  2.1398 	  
24.75 	 2.1036 	  2.1341 	  
24.85 	 2.095 	  2.1283 	  
24.95 	 2.0866 	  2.1223 	  
25.05 	 2.0786 	  2.116 	  
25.15 	 2.0708 	  2.1096 	  
25.25 	 2.0634 	  2.1031 	  
25.35 	 2.0562 	  2.0964 	  
25.45 	 2.0493 	  2.0895 	  
25.55 	 2.0427 	  2.0825 	  
25.65 	 2.0362 	  2.0754 	  
25.75 	 2.0299 	  2.0682 	  
25.85 	 2.0237 	  2.0608 	  
25.95 	 2.0177 	  2.0534 	  
26.05 	 2.0118 	  2.0459 	  
26.15 	 2.006 	  2.0384 	  
26.25 	 2.0002 	  2.0307 	  
26.35 	 1.9945 	  2.0231 	  
26.45 	 1.9888 	  2.0153 	  
26.55 	 1.9831 	  2.0076 	  
26.65 	 1.9775 	  1.9999 	  
26.75 	 1.9718 	  1.9921 	  
26.85 	 1.9662 	  1.9844 	  
26.95 	 1.9605 	  1.9767 	  
27.05 	 1.9549 	  1.969 	  
27.15 	 1.9493 	  1.9614 	  
27.25 	 1.9437 	  1.9538 	  
27.35 	 1.9381 	  1.9463 	  
27.45 	 1.9326 	  1.9389 	  
27.55 	 1.9271 	  1.9316 	  
27.65 	 1.9217 	  1.9244 	  
27.75 	 1.9163 	  1.9172 	  
27.85 	 1.911 	  1.9103 	  
27.95 	 1.9057 	  1.9034 	  
28.05 	 1.9006 	  1.8967 	  
28.15 	 1.8956 	  1.8901 	  
28.25 	 1.8906 	  1.8838 	  
28.35 	 1.8858 	  1.8775 	  
28.45 	 1.8812 	  1.8715 	  
28.55 	 1.8766 	  1.8657 	  
28.65 	 1.8723 	  1.86 	  
28.75 	 1.8681 	  1.8546 	  
28.85 	 1.8641 	  1.8494 	  
28.95 	 1.8602 	  1.8444 	  
29.05 	 1.8566 	  1.8397 	  
29.15 	 1.8532 	  1.8352 	  
29.25 	 1.85 	  1.8309 	  
29.35 	 1.847 	  1.8269 	  
29.45 	 1.8442 	  1.8231 	  
29.55 	 1.8416 	  1.8197 	  
29.65 	 1.8393 	  1.8165 	  
29.75 	 1.8372 	  1.8135 	  
29.85 	 1.8354 	  1.8109 	  
29.95 	 1.8337 	  1.8085 	  
30.05 	 1.8323 	  1.8064 	  
30.15 	 1.8312 	  1.8046 	  
30.25 	 1.8303 	  1.8031 	  
30.35 	 1.8296 	  1.8019 	  
30.45 	 1.8291 	  1.801 	  
30.55 	 1.8289 	  1.8004 	  
30.65 	 1.829 	  1.8 	  
30.75 	 1.8292 	  1.8 	  
30.85 	 1.8297 	  1.8003 	  
30.95 	 1.8304 	  1.8009 	  
31.05 	 1.8314 	  1.8018 	  
31.15 	 1.8325 	  1.803 	  
31.25 	 1.8339 	  1.8044 	  
31.35 	 1.8355 	  1.8062 	  
31.45 	 1.8372 	  1.8083 	  
31.55 	 1.8392 	  1.8106 	  
31.65 	 1.8415 	  1.8132 	  
31.75 	 1.8439 	  1.8162 	  
31.85 	 1.8465 	  1.8193 	  
31.95 	 1.8493 	  1.8228 	  
32.05 	 1.8523 	  1.8265 	  
32.15 	 1.8555 	  1.8305 	  
32.25 	 1.8589 	  1.8348 	  
32.35 	 1.8625 	  1.8392 	  
32.45 	 1.8663 	  1.844 	  
32.55 	 1.8703 	  1.8489 	  
32.65 	 1.8744 	  1.8541 	  
32.75 	 1.8788 	  1.8595 	  
32.85 	 1.8833 	  1.8651 	  
32.95 	 1.888 	  1.871 	  
33.05 	 1.8929 	  1.877 	  
33.15 	 1.8979 	  1.8832 	  
33.25 	 1.9031 	  1.8895 	  
33.35 	 1.9085 	  1.8961 	  
33.45 	 1.914 	  1.9028 	  
33.55 	 1.9197 	  1.9096 	  
33.65 	 1.9255 	  1.9166 	  
33.75 	 1.9314 	  1.9237 	  
33.85 	 1.9375 	  1.9309 	  
33.95 	 1.9437 	  1.9382 	  
34.05 	 1.9499 	  1.9456 	  
34.15 	 1.9563 	  1.9531 	  
34.25 	 1.9628 	  1.9607 	  
34.35 	 1.9693 	  1.9683 	  
34.45 	 1.9759 	  1.976 	  
34.55 	 1.9826 	  1.9837 	  
34.65 	 1.9894 	  1.9914 	  
34.75 	 1.9962 	  1.9991 	  
34.85 	 2.003 	  2.0069 	  
34.95 	 2.0099 	  2.0146 	  
35.05 	 2.0167 	  2.0223 	  
35.15 	 2.0235 	  2.03 	  
35.25 	 2.0303 	  2.0376 	  
35.35 	 2.037 	  2.0452 	  
35.45 	 2.0437 	  2.0527 	  
35.55 	 2.0504 	  2.0601 	  
35.65 	 2.057 	  2.0675 	  
35.75 	 2.0634 	  2.0747 	  
35.85 	 2.0698 	  2.0819 	  
35.95 	 2.076 	  2.0889 	  
36.05 	 2.0822 	  2.0957 	  
36.15 	 2.0881 	  2.1025 	  
36.25 	 2.094 	  2.109 	  
36.35 	 2.0996 	  2.1154 	  
36.45 	 2.1051 	  2.1217 	  
36.55 	 2.1103 	  2.1277 	  
36.65 	 2.1154 	  2.1336 	  
36.75 	 2.1202 	  2.1392 	  
36.85 	 2.1248 	  2.1447 	  
36.95 	 2.1291 	  2.1499 	  
37.05 	 2.1331 	  2.155 	  
37.15 	 2.1369 	  2.1597 	  
37.25 	 2.1404 	  2.1643 	  
37.35 	 2.1436 	  2.1686 	  
37.45 	 2.1466 	  2.1726 	  
37.55 	 2.1492 	  2.1764 	  
37.65 	 2.1516 	  2.1799 	  
37.75 	 2.1537 	  2.1832 	  
37.85 	 2.1555 	  2.1861 	  
37.95 	 2.157 	  2.1888 	  
38.05 	 2.1583 	  2.1912 	  
38.15 	 2.1592 	  2.1934 	  
38.25 	 2.1599 	  2.1952 	  
38.35 	 2.1603 	  2.1967 	  
38.45 	 2.1604 	  2.198 	  
38.55 	 2.1603 	  2.1989 	  
38.65 	 2.1599 	  2.1996 	  
38.75 	 2.1593 	  2.1999 	  
38.85 	 2.1584 	  2.2 	  
38.95 	 2.1574 	  2.1997 	  
39.05 	 2.1561 	  2.1992 	  
39.15 	 2.1546 	  2.1983 	  
39.25 	 2.1529 	  2.1972 	  
39.35 	 2.151 	  2.1958 	  
39.45 	 2.149 	  2.194 	  
39.55 	 2.1468 	  2.192 	  
39.65 	 2.1445 	  2.1897 	  
39.75 	 2.142 	  2.1871 	  
39.85 	 2.1394 	  2.1842 	  
39.95 	 2.1367 	  2.1811 	  
40.05 	 2.1339 	  2.1777 	  
40.15 	 2.131 	  2.174 	  
40.25 	 2.128 	  2.17 	  
40.35 	 2.125 	  2.1658 	  
40.45 	 2.1219 	  2.1614 	  
40.55 	 2.1187 	  2.1567 	  
40.65 	 2.1155 	  2.1517 	  
40.75 	 2.1122 	  2.1466 	  
40.85 	 2.1089 	  2.1412 	  
40.95 	 2.1056 	  2.1356 	  
41.05 	 2.1023 	  2.1298 	  
41.15 	 2.099 	  2.1238 	  
41.25 	 2.0957 	  2.1176 	  
41.35 	 2.0924 	  2.1113 	  
41.45 	 2.0891 	  2.1048 	  
41.55 	 2.0859 	  2.0981 	  
41.65 	 2.0826 	  2.0913 	  
41.75 	 2.0794 	  2.0843 	  
41.85 	 2.0763 	  2.0772 	  
41.95 	 2.0731 	  2.07 	  
42.05 	 2.0701 	  2.0627 	  
42.15 	 2.067 	  2.0553 	  
42.25 	 2.064 	  2.0479 	  
42.35 	 2.0611 	  2.0403 	  
42.45 	 2.0582 	  2.0327 	  
42.55 	 2.0554 	  2.025 	  
42.65 	 2.0527 	  2.0173 	  
42.75 	 2.05 	  2.0096 	  
42.85 	 2.0474 	  2.0019 	  
42.95 	 2.0448 	  1.9941 	  
43.05 	 2.0423 	  1.9864 	  
43.15 	 2.0399 	  1.9787 	  
43.25 	 2.0376 	  1.971 	  
43.35 	 2.0353 	  1.9633 	  
43.45 	 2.0331 	  1.9558 	  
43.55 	 2.0309 	  1.9482 	  
43.65 	 2.0288 	  1.9408 	  
43.75 	 2.0268 	  1.9335 	  
43.85 	 2.0249 	  1.9262 	  
43.95 	 2.023 	  1.9191 	  
44.05 	 2.0212 	  1.912 	  
44.15 	 2.0195 	  1.9052 	  
44.25 	 2.0178 	  1.8984 	  
44.35 	 2.0162 	  1.8918 	  
44.45 	 2.0146 	  1.8854 	  
44.55 	 2.0131 	  1.8791 	  
44.65 	 2.0117 	  1.873 	  
44.75 	 2.0103 	  1.8672 	  
44.85 	 2.009 	  1.8615 	  
44.95 	 2.0078 	  1.856 	  
45.05 	 2.0066 	  1.8507 	  
45.15 	 2.0054 	  1.8457 	  
45.25 	 2.0043 	  1.8409 	  
45.35 	 2.0033 	  1.8363 	  
45.45 	 2.0023 	  1.832 	  
45.55 	 2.0014 	  1.8279 	  
45.65 	 2.0005 	  1.8241 	  
45.75 	 1.9996 	  1.8205 	  
45.85 	 1.9988 	  1.8173 	  
45.95 	 1.998 	  1.8142 	  
46.05 	 1.9973 	  1.8115 	  
46.15 	 1.9966 	  1.8091 	  
46.25 	 1.996 	  1.8069 	  
46.35 	 1.9954 	  1.805 	  
46.45 	 1.9949 	  1.8035 	  
46.55 	 1.9943 	  1.8022 	  
46.65 	 1.9938 	  1.8012 	  
46.75 	 1.9934 	  1.8005 	  
46.85 	 1.9929 	  1.8001 	  
46.95 	 1.9925 	  1.8 	  
47.05 	 1.9922 	  1.8002 	  
47.15 	 1.9918 	  1.8007 	  
47.25 	 1.9915 	  1.8015 	  
47.35 	 1.9912 	  1.8026 	  
47.45 	 1.991 	  1.804 	  
47.55 	 1.9908 	  1.8057 	  
47.65 	 1.9905 	  1.8077 	  
47.75 	 1.9904 	  1.81 	  
47.85 	 1.9902 	  1.8125 	  
47.95 	 1.99 	  1.8154 	  
48.05 	 1.9899 	  1.8185 	  
48.15 	 1.9898 	  1.8219 	  
48.25 	 1.9897 	  1.8255 	  
48.35 	 1.9896 	  1.8295 	  
48.45 	 1.9896 	  1.8336 	  
48.55 	 1.9895 	  1.8381 	  
48.65 	 1.9895 	  1.8427 	  
48.75 	 1.9895 	  1.8476 	  
48.85 	 1.9895 	  1.8528 	  
48.95 	 1.9895 	  1.8581 	  
49.05 	 1.9895 	  1.8637 	  
49.15 	 1.9895 	  1.8694 	  
49.25 	 1.9896 	  1.8754 	  
49.35 	 1.9896 	  1.8815 	  
49.45 	 1.9897 	  1.8879 	  
49.55 	 1.9897 	  1.8944 	  
49.65 	 1.9898 	  1.901 	  
49.75 	 1.9899 	  1.9078 	  
49.85 	 1.99 	  1.9148 	  
49.95 	 1.9901 	  1.9218 	  
50.05 	 1.9902 	  1.929 	  
50.15 	 1.9903 	  1.9363 	  
50.25 	 1.9904 	  1.9437 	  
50.35 	 1.9905 	  1.9512 	  
50.45 	 1.9906 	  1.9587 	  
50.55 	 1.9908 	  1.9663 	  
50.65 	 1.9909 	  1.974 	  
50.75 	 1.991 	  1.9817 	  
50.85 	 1.9911 	  1.9894 	  
50.95 	 1.9913 	  1.9971 	  
51.05 	 1.9914 	  2.0049 	  
51.15 	 1.9916 	  2.0126 	  
51.25 	 1.9917 	  2.0203 	  
51.35 	 1.9918 	  2.028 	  
51.45 	 1.992 	  2.0357 	  
51.55 	 1.9921 	  2.0433 	  
51.65 	 1.9923 	  2.0508 	  
51.75 	 1.9924 	  2.0582 	  
51.85 	 1.9926 	  2.0656 	  
51.95 	 1.9927 	  2.0729 	  
52.05 	 1.9929 	  2.08 	  
52.15 	 1.993 	  2.0871 	  
52.25 	 1.9931 	  2.094 	  
52.35 	 1.9933 	  2.1007 	  
52.45 	 1.9934 	  2.1073 	  
52.55 	 1.9936 	  2.1138 	  
52.65 	 1.9937 	  2.1201 	  
52.75 	 1.9938 	  2.1262 	  
52.85 	 1.994 	  2.1321 	  
52.95 	 1.9941 	  2.1378 	  
53.05 	 1.9943 	  2.1433 	  
53.15 	 1.9944 	  2.1486 	  
53.25 	 1.9945 	  2.1537 	  
53.35 	 1.9947 	  2.1585 	  
53.45 	 1.9948 	  2.1631 	  
53.55 	 1.9949 	  2.1675 	  
53.65 	 1.995 	  2.1716 	  
53.75 	 1.9952 	  2.1754 	  
53.85 	 1.9953 	  2.179 	  
53.95 	 1.9954 	  2.1823 	  
54.05 	 1.9955 	  2.1854 	  
54.15 	 1.9956 	  2.1882 	  
54.25 	 1.9957 	  2.1906 	  
54.35 	 1.9959 	  2.1928 	  
54.45 	 1.996 	  2.1947 	  
54.55 	 1.9961 	  2.1964 	  
54.65 	 1.9962 	  2.1977 	  
54.75 	 1.9963 	  2.1987 	  
54.85 	 1.9964 	  2.1994 	  
54.95 	 1.9965 	  2.1999 	  
55.05 	 1.9966 	  2.2 	  
55.15 	 1.9967 	  2.1998 	  
55.25 	 1.9968 	  2.1994 	  
55.35 	 1.9969 	  2.1986 	  
55.45 	 1.997 	  2.1975 	  
55.55 	 1.9971 	  2.1962 	  
55.65 	 1.9972 	  2.1945 	  
55.75 	 1.9972 	  2.1926 	  
55.85 	 1.9973 	  2.1903 	  
55.95 	 1.9974 	  2.1878 	  
56.05 	 1.9975 	  2.185 	  
56.15 	 1.9976 	  2.1819 	  
56.25 	 1.9976 	  2.1786 	  
56.35 	 1.9977 	  2.1749 	  
56.45 	 1.9978 	  2.1711 	  
56.55 	 1.9979 	  2.1669 	  
56.65 	 1.9979 	  2.1625 	  
56.75 	 1.998 	  2.1579 	  
56.85 	 1.9981 	  2.153 	  
56.95 	 1.9981 	  2.1479 	  
57.05 	 1.9982 	  2.1426 	  
57.15 	 1.9982 	  2.1371 	  
57.25 	 1.9983 	  2.1313 	  
57.35 	 1.9983 	  2.1254 	  
57.45 	 1.9984 	  2.1193 	  
57.55 	 1.9984 	  2.1129 	  
57.65 	 1.9985 	  2.1065 	  
57.75 	 1.9985 	  2.0998 	  
57.85 	 1.9986 	  2.0931 	  
57.95 	 1.9986 	  2.0861 	  
58.05 	 1.9987 	  2.0791 	  
58.15 	 1.9987 	  2.0719 	  
58.25 	 1.9988 	  2.0646 	  
58.35 	 1.9988 	  2.0573 	  
58.45 	 1.9988 	  2.0498 	  
58.55 	 1.9989 	  2.0423 	  
58.65 	 1.9989 	  2.0347 	  
58.75 	 1.9989 	  2.027 	  
58.85 	 1.999 	  2.0193 	  
58.95 	 1.999 	  2.0116 	  
59.05 	 1.999 	  2.0039 	  
59.15 	 1.9991 	  1.9961 	  
59.25 	 1.9991 	  1.9884 	  
59.35 	 1.9991 	  1.9806 	  
59.45 	 1.9992 	  1.973 	  
59.55 	 1.9992 	  1.9653 	  
59.65 	 1.9992 	  1.9577 	  
59.75 	 1.9992 	  1.9502 	  
59.85 	 1.9992 	  1.9427 	  
59.95 	 1.9993 	  1.9353 	  
60.05 	 1.9993 	  1.9281 	  
60.15 	 1.9993 	  1.9209 	  
60.25 	 1.9993 	  1.9138 	  
60.35 	 1.9993 	  1.9069 	  
60.45 	 1.9994 	  1.9001 	  
60.55 	 1.9994 	  1.8935 	  
60.65 	 1.9994 	  1.887 	  
60.75 	 1.9995 	  1.8807 	  
60.85 	 1.9995 	  1.8746 	  
60.95 	 1.9995 	  1.8687 	  
61.05 	 1.9995 	  1.8629 	  
61.15 	 1.9995 	  1.8574 	  
61.25 	 1.9995 	  1.8521 	  
61.35 	 1.9995 	  1.847 	  
61.45 	 1.9996 	  1.8421 	  
61.55 	 1.9995 	  1.8375 	  
61.65 	 1.9995 	  1.8331 	  
61.75 	 1.9995 	  1.8289 	  
61.85 	 1.9995 	  1.825 	  
61.95 	 1.9996 	  1.8214 	  
62.05 	 1.9997 	  1.8181 	  
62.15 	 1.9999 	  1.815 	  
62.25 	 1.9998 	  1.8122 	  
62.35 	 1.9998 	  1.8097 	  
62.45 	 1.9998 	  1.8074 	  
62.55 	 1.9998 	  1.8055 	  
62.65 	 1.9998 	  1.8038 	  
62.75 	 1.9998 	  1.8025 	  
62.85 	 1.9998 	  1.8014 	  
62.95 	 1.9998 	  1.8006 	  
63.05 	 1.9998 	  1.8002 	  
63.15 	 1.9998 	  1.8 	  
63.25 	 1.9999 	  1.8001 	  
63.35 	 1.9999 	  1.8006 	  
63.45 	 1.9999 	  1.8013 	  
63.55 	 1.9999 	  1.8023 	  
63.65 	 1.9999 	  1.8036 	  
63.75 	 1.9999 	  1.8053 	  
63.85 	 1.9999 	  1.8072 	  
63.95 	 1.9999 	  1.8094 	  
64.05 	 1.9999 	  1.8119 	  
64.15 	 1.9999 	  1.8146 	  
64.25 	 1.9999 	  1.8177 	  
64.35 	 1.9999 	  1.821 	  
64.45 	 1.9999 	  1.8246 	  
64.55 	 1.9999 	  1.8284 	  
64.65 	 1.9999 	  1.8325 	  
64.75 	 1.9999 	  1.8369 	  
64.85 	 1.9999 	  1.8415 	  
64.95 	 1.9999 	  1.8463 	  
65.05 	 1.9999 	  1.8514 	  
65.15 	 1.9999 	  1.8567 	  
65.25 	 1.9999 	  1.8622 	  
65.35 	 1.9999 	  1.8679 	  
65.45 	 1.9999 	  1.8738 	  
65.55 	 2 	  1.88 	  
65.65 	 2 	  1.8862 	  
65.75 	 2 	  1.8927 	  
65.85 	 2 	  1.8993 	  
65.95 	 2 	  1.9061 	  
66.05 	 2 	  1.913 	  
66.15 	 2 	  1.92 	  
66.25 	 1.9999 	  1.9272 	  
66.35 	 1.9999 	  1.9344 	  
66.45 	 1.9999 	  1.9418 	  
66.55 	 1.9999 	  1.9492 	  
66.65 	 1.9999 	  1.9568 	  
66.75 	 1.9999 	  1.9644 	  
66.85 	 1.9999 	  1.972 	  
66.95 	 1.9999 	  1.9797 	  
67.05 	 1.9999 	  1.9874 	  
67.15 	 1.9999 	  1.9952 	  
67.25 	 1.9999 	  2.0029 	  
67.35 	 1.9999 	  2.0106 	  
67.45 	 1.9999 	  2.0184 	  
67.55 	 1.9999 	  2.0261 	  
67.65 	 1.9999 	  2.0337 	  
67.75 	 1.9999 	  2.0413 	  
67.85 	 1.9999 	  2.0489 	  
67.95 	 1.9999 	  2.0563 	  
68.05 	 1.9999 	  2.0637 	  
68.15 	 1.9999 	  2.071 	  
68.25 	 1.9999 	  2.0782 	  
68.35 	 1.9999 	  2.0853 	  
68.45 	 1.9999 	  2.0922 	  
68.55 	 1.9999 	  2.099 	  
68.65 	 1.9999 	  2.1057 	  
68.75 	 1.9999 	  2.1122 	  
68.85 	 1.9999 	  2.1185 	  
68.95 	 1.9999 	  2.1246 	  
69.05 	 1.9999 	  2.1306 	  
69.15 	 1.9999 	  2.1364 	  
69.25 	 1.9999 	  2.1419 	  
69.35 	 1.9999 	  2.1473 	  
69.45 	 1.9999 	  2.1524 	  
69.55 	 1.9999 	  2.1573 	  
69.65 	 1.9999 	  2.162 	  
69.75 	 2 	  2.1664 	  
69.85 	 2 	  2.1706 	  
69.95 	 2 	  2.1745 	  
70.05 	 2 	  2.1781 	  
70.15 	 2 	  2.1815 	  
70.25 	 2 	  2.1846 	  
70.35 	 2 	  2.1875 	  
70.45 	 2 	  2.19 	  
70.55 	 2 	  2.1923 	  
70.65 	 2 	  2.1943 	  
70.75 	 2 	  2.196 	  
70.85 	 2 	  2.1974 	  
70.95 	 2 	  2.1985 	  
71.05 	 2 	  2.1993 	  
71.15 	 2 	  2.1998 	  
71.25 	 2 	  2.2 	  
71.35 	 2 	  2.1999 	  
71.45 	 2 	  2.1995 	  
71.55 	 2 	  2.1988 	  
71.65 	 2 	  2.1978 	  
71.75 	 2 	  2.1965 	  
71.85 	 2 	  2.195 	  
71.95 	 2 	  2.1931 	  
72.05 	 2 	  2.1909 	  
72.15 	 2 	  2.1885 	  
72.25 	 2 	  2.1857 	  
72.35 	 2 	  2.1827 	  
72.45 	 2 	  2.1794 	  
72.55 	 2 	  2.1759 	  
72.65 	 2 	  2.1721 	  
72.75 	 2 	  2.168 	  
72.85 	 2 	  2.1637 	  
72.95 	 2 	  2.1591 	  
73.05 	 2 	  2.1543 	  
73.15 	 2 	  2.1492 	  
73.25 	 2 	  2.144 	  
73.35 	 2 	  2.1385 	  
73.45 	 2 	  2.1328 	  
73.55 	 2 	  2.1269 	  
73.65 	 2 	  2.1208 	  
73.75 	 2 	  2.1146 	  
73.85 	 2 	  2.1082 	  
73.95 	 2 	  2.1016 	  
74.05 	 2 	  2.0948 	  
74.15 	 2 	  2.0879 	  
74.25 	 2 	  2.0809 	  
74.35 	 2 	  2.0738 	  
74.45 	 2 	  2.0665 	  
74.55 	 2 	  2.0592 	  
74.65 	 2 	  2.0517 	  
74.75 	 2 	  2.0442 	  
74.85 	 2 	  2.0366 	  
74.95 	 2 	  2.029 	  
75.05 	 2 	  2.0213 	  
75.15 	 2 	  2.0136 	  
75.25 	 2 	  2.0058 	  
75.35 	 2 	  1.9981 	  
75.45 	 2 	  1.9904 	  
75.55 	 2 	  1.9826 	  
75.65 	 2 	  1.9749 	  
75.75 	 2 	  1.9673 	  
75.85 	 2 	  1.9597 	  
75.95 	 2 	  1.9521 	  
76.05 	 2 	  1.9446 	  
76.15 	 2 	  1.9372 	  
76.25 	 2 	  1.9299 	  
76.35 	 2 	  1.9227 	  
76.45 	 2 	  1.9156 	  
76.55 	 2 	  1.9087 	  
76.65 	 2 	  1.9019 	  
76.75 	 2 	  1.8952 	  
76.85 	 2 	  1.8887 	  
76.95 	 2 	  1.8823 	  
77.05 	 2 	  1.8761 	  
77.15 	 2 	  1.8702 	  
77.25 	 2 	  1.8644 	  
77.35 	 2 	  1.8588 	  
77.45 	 2 	  1.8534 	  
77.55 	 2 	  1.8482 	  
77.65 	 2 	  1.8433 	  
77.75 	 2 	  1.8386 	  
77.85 	 2 	  1.8342 	  
77.95 	 2 	  1.83 	  
78.05 	 2 	  1.826 	  
78.15 	 2 	  1.8223 	  
78.25 	 2 	  1.8189 	  
78.35 	 2 	  1.8158 	  
78.45 	 2 	  1.8129 	  
78.55 	 2 	  1.8103 	  
78.65 	 2 	  1.808 	  
78.75 	 2 	  1.806 	  
78.85 	 2 	  1.8042 	  
78.95 	 2 	  1.8028 	  
79.05 	 2 	  1.8016 	  
79.15 	 2 	  1.8008 	  
79.25 	 2 	  1.8003 	  
79.35 	 2 	  1.8 	  
79.45 	 2 	  1.8001 	  
79.55 	 2 	  1.8004 	  
79.65 	 2 	  1.8011 	  
79.75 	 2 	  1.802 	  
79.85 	 2 	  1.8033 	  
79.95 	 2 	  1.8048 	  
80.05 	 2 	  1.8067 	  
80.15 	 2 	  1.8088 	  
80.25 	 2 	  1.8112 	  
80.35 	 2 	  1.8139 	  
80.45 	 2 	  1.8169 	  
80.55 	 2 	  1.8201 	  
80.65 	 2 	  1.8236 	  
80.75 	 2 	  1.8274 	  
80.85 	 2 	  1.8315 	  
80.95 	 2 	  1.8358 	  
81.05 	 2 	  1.8403 	  
81.15 	 2 	  1.8451 	  
81.25 	 2 	  1.8501 	  
81.35 	 2 	  1.8553 	  
81.45 	 2 	  1.8608 	  
81.55 	 2 	  1.8664 	  
81.65 	 2 	  1.8723 	  
81.75 	 2 	  1.8784 	  
81.85 	 2 	  1.8846 	  
81.95 	 2 	  1.891 	  
82.05 	 2 	  1.8976 	  
82.15 	 2 	  1.9043 	  
82.25 	 2 	  1.9112 	  
82.35 	 2 	  1.9182 	  
82.45 	 2 	  1.9253 	  
82.55 	 2 	  1.9326 	  
82.65 	 2 	  1.9399 	  
82.75 	 2 	  1.9473 	  
82.85 	 2 	  1.9548 	  
82.95 	 2 	  1.9624 	  
83.05 	 2 	  1.97 	  
83.15 	 2 	  1.9777 	  
83.25 	 2 	  1.9854 	  
83.35 	 2 	  1.9932 	  
83.45 	 2 	  2.0009 	  
83.55 	 2 	  2.0086 	  
83.65 	 2 	  2.0164 	  
83.75 	 2 	  2.0241 	  
83.85 	 2 	  2.0318 	  
83.95 	 2 	  2.0394 	  
84.05 	 2 	  2.0469 	  
84.15 	 2 	  2.0544 	  
84.25 	 2 	  2.0618 	  
84.35 	 2 	  2.0692 	  
84.45 	 2 	  2.0764 	  
84.55 	 2 	  2.0835 	  
84.65 	 2 	  2.0904 	  
84.75 	 2 	  2.0973 	  
84.85 	 2 	  2.104 	  
84.95 	 2 	  2.1105 	  
85.05 	 2 	  2.1169 	  
85.15 	 2 	  2.1231 	  
85.25 	 2 	  2.1291 	  
85.35 	 2 	  2.1349 	  
85.45 	 2 	  2.1405 	  
85.55 	 2 	  2.1459 	  
85.65 	 2 	  2.1511 	  
85.75 	 2 	  2.1561 	  
85.85 	 2 	  2.1608 	  
85.95 	 2 	  2.1653 	  
86.05 	 2 	  2.1695 	  
86.15 	 2 	  2.1735 	  
86.25 	 2 	  2.1772 	  
86.35 	 2 	  2.1807 	  
86.45 	 2 	  2.1839 	  
86.55 	 2 	  2.1868 	  
86.65 	 2 	  2.1894 	  
86.75 	 2 	  2.1917 	  
86.85 	 2 	  2.1938 	  
86.95 	 2 	  2.1956 	  
87.05 	 2 	  2.197 	  
87.15 	 2 	  2.1982 	  
87.25 	 2 	  2.1991 	  
87.35 	 2 	  2.1997 	  
87.45 	 2 	  2.2 	  
87.55 	 2 	  2.2 	  
87.65 	 2 	  2.1996 	  
87.75 	 2 	  2.199 	  
87.85 	 2 	  2.1981 	  
87.95 	 2 	  2.1969 	  
88.05 	 2 	  2.1954 	  
88.15 	 2 	  2.1936 	  
88.25 	 2 	  2.1915 	  
88.35 	 2 	  2.1891 	  
88.45 	 2 	  2.1865 	  
88.55 	 2 	  2.1835 	  
88.65 	 2 	  2.1803 	  
88.75 	 2 	  2.1768 	  
88.85 	 2 	  2.1731 	  
88.95 	 2 	  2.1691 	  
89.05 	 2 	  2.1648 	  
89.15 	 1.9999 	  2.1603 	  
89.25 	 1.9999 	  2.1556 	  
89.35 	 1.9999 	  2.1506 	  
89.45 	 1.9999 	  2.1454 	  
89.55 	 1.9999 	  2.1399 	  
89.65 	 1.9999 	  2.1343 	  
89.75 	 1.9999 	  2.1285 	  
89.85 	 1.9999 	  2.1224 	  
89.95 	 1.9999 	  2.1162 	  
90.05 	 1.9999 	  2.1098 	  
90.15 	 1.9999 	  2.1033 	  
90.25 	 1.9999 	  2.0966 	  
90.35 	 1.9999 	  2.0897 	  
90.45 	 1.9999 	  2.0827 	  
90.55 	 1.9999 	  2.0756 	  
90.65 	 1.9999 	  2.0684 	  
90.75 	 1.9999 	  2.0611 	  
90.85 	 1.9999 	  2.0536 	  
90.95 	 1.9999 	  2.0461 	  
91.05 	 1.9999 	  2.0386 	  
91.15 	 1.9999 	  2.0309 	  
91.25 	 1.9999 	  2.0233 	  
91.35 	 1.9999 	  2.0156 	  
91.45 	 2 	  2.0078 	  
91.55 	 2 	  2.0001 	  
91.65 	 2 	  1.9923 	  
91.75 	 2 	  1.9846 	  
91.85 	 2 	  1.9769 	  
91.95 	 2 	  1.9692 	  
92.05 	 2 	  1.9616 	  
92.15 	 2 	  1.954 	  
92.25 	 2 	  1.9465 	  
92.35 	 2 	  1.9391 	  
92.45 	 2 	  1.9318 	  
92.55 	 2 	  1.9246 	  
92.65 	 2 	  1.9174 	  
92.75 	 2 	  1.9105 	  
92.85 	 2 	  1.9036 	  
92.95 	 2 	  1.8969 	  
93.05 	 2 	  1.8903 	  
93.15 	 2 	  1.8839 	  
93.25 	 2 	  1.8777 	  
93.35 	 2 	  1.8717 	  
93.45 	 2 	  1.8658 	  
93.55 	 2 	  1.8602 	  
93.65 	 2 	  1.8548 	  
93.75 	 2 	  1.8495 	  
93.85 	 2 	  1.8446 	  
93.95 	 2 	  1.8398 	  
94.05 	 2 	  1.8353 	  
94.15 	 2 	  1.831 	  
94.25 	 2 	  1.827 	  
94.35 	 2 	  1.8232 	  
94.45 	 2 	  1.8198 	  
94.55 	 2 	  1.8165 	  
94.65 	 2 	  1.8136 	  
94.75 	 2 	  1.8109 	  
94.85 	 2 	  1.8085 	  
94.95 	 2 	  1.8064 	  
95.05 	 2 	  1.8046 	  
95.15 	 2 	  1.8031 	  
95.25 	 2 	  1.8019 	  
95.35 	 2 	  1.801 	  
95.45 	 2 	  1.8004 	  
95.55 	 2 	  1.8 	  
95.65 	 2 	  1.8 	  
95.75 	 2 	  1.8003 	  
95.85 	 2 	  1.8009 	  
95.95 	 2 	  1.8018 	  
96.05 	 2 	  1.8029 	  
96.15 	 2 	  1.8044 	  
96.25 	 2 	  1.8062 	  
96.35 	 2 	  1.8082 	  
96.45 	 2 	  1.8105 	  
96.55 	 2 	  1.8132 	  
96.65 	 2 	  1.8161 	  
96.75 	 2 	  1.8193 	  
96.85 	 2 	  1.8227 	  
96.95 	 2 	  1.8264 	  
97.05 	 2 	  1.8304 	  
97.15 	 2 	  1.8346 	  
97.25 	 2 	  1.8391 	  
97.35 	 2 	  1.8438 	  
97.45 	 2 	  1.8488 	  
97.55 	 2 	  1.854 	  
97.65 	 2 	  1.8594 	  
97.75 	 2 	  1.865 	  
97.85 	 2 	  1.8708 	  
97.95 	 2 	  1.8768 	  
98.05 	 2 	  1.883 	  
98.15 	 2 	  1.8893 	  
98.25 	 2 	  1.8959 	  
98.35 	 2 	  1.9026 	  
98.45 	 2 	  1.9094 	  
98.55 	 2 	  1.9164 	  
98.65 	 2 	  1.9235 	  
98.75 	 2 	  1.9307 	  
98.85 	 2 	  1.938 	  
98.95 	 2 	  1.9454 	  
99.05 	 2 	  1.9529 	  
99.15 	 2 	  1.9605 	  
99.25 	 2 	  1.9681 	  
99.35 	 2 	  1.9757 	  
99.45 	 2 	  1.9834 	  
99.55 	 2 	  1.9912 	  
99.65 	 2 	  1.9989 	  
99.75 	 2 	  2.0067 	  
99.85 	 2 	  2.0144 	  
99.95 	 2 	  2.0221 	  
100.05 	 2 	  2.0298 	  
100.15 	 2 	  2.0374 	  
100.25 	 2 	  2.045 	  
100.35 	 2 	  2.0525 	  
100.45 	 2 	  2.0599 	  
100.55 	 2 	  2.0673 	  
100.65 	 2 	  2.0745 	  
100.75 	 2 	  2.0817 	  
100.85 	 2 	  2.0887 	  
100.95 	 2 	  2.0955 	  
101.05 	 2 	  2.1023 	  
101.15 	 1.9999 	  2.1088 	  
101.25 	 1.9999 	  2.1153 	  
101.35 	 1.9999 	  2.1215 	  
101.45 	 1.9999 	  2.1276 	  
101.55 	 1.9999 	  2.1334 	  
101.65 	 1.9999 	  2.1391 	  
101.75 	 1.9999 	  2.1446 	  
101.85 	 1.9999 	  2.1498 	  
101.95 	 1.9999 	  2.1548 	  
102.05 	 1.9999 	  2.1596 	  
102.15 	 1.9999 	  2.1641 	  
102.25 	 1.9999 	  2.1684 	  
102.35 	 1.9999 	  2.1725 	  
102.45 	 1.9999 	  2.1763 	  
102.55 	 1.9999 	  2.1798 	  
102.65 	 1.9999 	  2.1831 	  
102.75 	 1.9999 	  2.186 	  
102.85 	 1.9999 	  2.1887 	  
102.95 	 1.9999 	  2.1912 	  
103.05 	 1.9999 	  2.1933 	  
103.15 	 1.9999 	  2.1951 	  
103.25 	 1.9999 	  2.1967 	  
103.35 	 1.9999 	  2.1979 	  
103.45 	 1.9999 	  2.1989 	  
103.55 	 1.9999 	  2.1996 	  
103.65 	 1.9999 	  2.1999 	  
103.75 	 1.9999 	  2.2 	  
103.85 	 1.9999 	  2.1997 	  
103.95 	 1.9999 	  2.1992 	  
104.05 	 1.9999 	  2.1984 	  
104.15 	 1.9999 	  2.1972 	  
104.25 	 1.9999 	  2.1958 	  
104.35 	 1.9999 	  2.1941 	  
104.45 	 1.9999 	  2.1921 	  
104.55 	 1.9999 	  2.1898 	  
104.65 	 1.9999 	  2.1872 	  
104.75 	 1.9999 	  2.1843 	  
104.85 	 1.9999 	  2.1812 	  
104.95 	 1.9999 	  2.1778 	  
105.05 	 1.9999 	  2.1741 	  
105.15 	 1.9999 	  2.1701 	  
105.25 	 1.9999 	  2.1659 	  
105.35 	 1.9999 	  2.1615 	  
105.45 	 1.9999 	  2.1568 	  
105.55 	 1.9999 	  2.1519 	  
105.65 	 1.9999 	  2.1467 	  
105.75 	 1.9999 	  2.1413 	  
105.85 	 1.9999 	  2.1358 	  
105.95 	 1.9999 	  2.13 	  
106.05 	 1.9999 	  2.124 	  
106.15 	 1.9999 	  2.1178 	  
106.25 	 1.9999 	  2.1115 	  
106.35 	 1.9999 	  2.105 	  
106.45 	 1.9999 	  2.0983 	  
106.55 	 1.9999 	  2.0915 	  
106.65 	 1.9999 	  2.0845 	  
106.75 	 1.9999 	  2.0774 	  
106.85 	 1.9999 	  2.0702 	  
106.95 	 1.9999 	  2.0629 	  
107.05 	 1.9999 	  2.0556 	  
107.15 	 1.9999 	  2.0481 	  
107.25 	 1.9999 	  2.0405 	  
107.35 	 1.9999 	  2.0329 	  
107.45 	 1.9999 	  2.0252 	  
107.55 	 1.9999 	  2.0175 	  
107.65 	 1.9999 	  2.0098 	  
107.75 	 1.9999 	  2.0021 	  
107.85 	 1.9999 	  1.9943 	  
107.95 	 1.9999 	  1.9866 	  
108.05 	 1.9999 	  1.9789 	  
108.15 	 1.9999 	  1.9712 	  
108.25 	 2 	  1.9636 	  
108.35 	 2 	  1.956 	  
108.45 	 2 	  1.9485 	  
108.55 	 2 	  1.941 	  
108.65 	 2 	  1.9337 	  
108.75 	 2 	  1.9264 	  
108.85 	 2 	  1.9193 	  
108.95 	 2 	  1.9122 	  
