simtime:  7.3649
number of wsf-lines:  1

line_No     y_coord
1	 1.5
2	  Wave Theory 


X 1	 P 1 	 	 	 	 W 1

0.05 	 2.1731 	  2.1701 	  
0.15 	 2.1768 	  2.1741 	  
0.25 	 2.1802 	  2.1777 	  
0.35 	 2.1833 	  2.1812 	  
0.45 	 2.1862 	  2.1843 	  
0.55 	 2.1888 	  2.1872 	  
0.65 	 2.1911 	  2.1898 	  
0.75 	 2.1931 	  2.1921 	  
0.85 	 2.1949 	  2.1941 	  
0.95 	 2.1964 	  2.1958 	  
1.05 	 2.1976 	  2.1972 	  
1.15 	 2.1985 	  2.1984 	  
1.25 	 2.1992 	  2.1992 	  
1.35 	 2.1995 	  2.1997 	  
1.45 	 2.1996 	  2.2 	  
1.55 	 2.1993 	  2.1999 	  
1.65 	 2.1988 	  2.1996 	  
1.75 	 2.198 	  2.1989 	  
1.85 	 2.1969 	  2.198 	  
1.95 	 2.1955 	  2.1967 	  
2.05 	 2.1938 	  2.1951 	  
2.15 	 2.1918 	  2.1933 	  
2.25 	 2.1896 	  2.1912 	  
2.35 	 2.187 	  2.1888 	  
2.45 	 2.1842 	  2.1861 	  
2.55 	 2.1811 	  2.1831 	  
2.65 	 2.1778 	  2.1798 	  
2.75 	 2.1742 	  2.1763 	  
2.85 	 2.1703 	  2.1725 	  
2.95 	 2.1662 	  2.1685 	  
3.05 	 2.1618 	  2.1642 	  
3.15 	 2.1572 	  2.1596 	  
3.25 	 2.1523 	  2.1548 	  
3.35 	 2.1472 	  2.1498 	  
3.45 	 2.1419 	  2.1446 	  
3.55 	 2.1364 	  2.1391 	  
3.65 	 2.1306 	  2.1334 	  
3.75 	 2.1247 	  2.1276 	  
3.85 	 2.1186 	  2.1215 	  
3.95 	 2.1123 	  2.1153 	  
4.05 	 2.1058 	  2.1089 	  
4.15 	 2.0992 	  2.1023 	  
4.25 	 2.0924 	  2.0956 	  
4.35 	 2.0854 	  2.0887 	  
4.45 	 2.0783 	  2.0817 	  
4.55 	 2.0711 	  2.0746 	  
4.65 	 2.0638 	  2.0673 	  
4.75 	 2.0564 	  2.06 	  
4.85 	 2.0489 	  2.0525 	  
4.95 	 2.0413 	  2.045 	  
5.05 	 2.0336 	  2.0375 	  
5.15 	 2.0259 	  2.0298 	  
5.25 	 2.0181 	  2.0221 	  
5.35 	 2.0103 	  2.0144 	  
5.45 	 2.0025 	  2.0067 	  
5.55 	 1.9947 	  1.999 	  
5.65 	 1.9868 	  1.9912 	  
5.75 	 1.979 	  1.9835 	  
5.85 	 1.9712 	  1.9758 	  
5.95 	 1.9634 	  1.9681 	  
6.05 	 1.9556 	  1.9605 	  
6.15 	 1.948 	  1.9529 	  
6.25 	 1.9404 	  1.9454 	  
6.35 	 1.9329 	  1.938 	  
6.45 	 1.9255 	  1.9307 	  
6.55 	 1.9182 	  1.9235 	  
6.65 	 1.911 	  1.9164 	  
6.75 	 1.904 	  1.9094 	  
6.85 	 1.8971 	  1.9026 	  
6.95 	 1.8903 	  1.8959 	  
7.05 	 1.8838 	  1.8894 	  
7.15 	 1.8774 	  1.883 	  
7.25 	 1.8712 	  1.8768 	  
7.35 	 1.8652 	  1.8708 	  
7.45 	 1.8594 	  1.865 	  
7.55 	 1.8539 	  1.8594 	  
7.65 	 1.8486 	  1.854 	  
7.75 	 1.8435 	  1.8488 	  
7.85 	 1.8387 	  1.8438 	  
7.95 	 1.8342 	  1.8391 	  
8.05 	 1.8299 	  1.8346 	  
8.15 	 1.8259 	  1.8304 	  
8.25 	 1.8222 	  1.8264 	  
8.35 	 1.8188 	  1.8227 	  
8.45 	 1.8157 	  1.8193 	  
8.55 	 1.8129 	  1.8161 	  
8.65 	 1.8104 	  1.8132 	  
8.75 	 1.8082 	  1.8106 	  
8.85 	 1.8063 	  1.8082 	  
8.95 	 1.8047 	  1.8062 	  
9.05 	 1.8034 	  1.8044 	  
9.15 	 1.8025 	  1.8029 	  
9.25 	 1.8019 	  1.8018 	  
9.35 	 1.8016 	  1.8009 	  
9.45 	 1.8016 	  1.8003 	  
9.55 	 1.8019 	  1.8 	  
9.65 	 1.8025 	  1.8 	  
9.75 	 1.8035 	  1.8004 	  
9.85 	 1.8048 	  1.801 	  
9.95 	 1.8063 	  1.8019 	  
10.05 	 1.8082 	  1.8031 	  
10.15 	 1.8103 	  1.8046 	  
10.25 	 1.8127 	  1.8064 	  
10.35 	 1.8154 	  1.8085 	  
10.45 	 1.8183 	  1.8109 	  
10.55 	 1.8215 	  1.8136 	  
10.65 	 1.825 	  1.8165 	  
10.75 	 1.8287 	  1.8197 	  
10.85 	 1.8326 	  1.8232 	  
10.95 	 1.8368 	  1.827 	  
11.05 	 1.8412 	  1.831 	  
11.15 	 1.8458 	  1.8353 	  
11.25 	 1.8506 	  1.8398 	  
11.35 	 1.8556 	  1.8445 	  
11.45 	 1.8608 	  1.8495 	  
11.55 	 1.8662 	  1.8547 	  
11.65 	 1.8717 	  1.8602 	  
11.75 	 1.8773 	  1.8658 	  
11.85 	 1.8832 	  1.8717 	  
11.95 	 1.8891 	  1.8777 	  
12.05 	 1.8952 	  1.8839 	  
12.15 	 1.9014 	  1.8903 	  
12.25 	 1.9077 	  1.8969 	  
12.35 	 1.9141 	  1.9036 	  
12.45 	 1.9205 	  1.9104 	  
12.55 	 1.927 	  1.9174 	  
12.65 	 1.9336 	  1.9245 	  
12.75 	 1.9401 	  1.9318 	  
12.85 	 1.9467 	  1.9391 	  
12.95 	 1.9534 	  1.9465 	  
13.05 	 1.96 	  1.954 	  
13.15 	 1.9666 	  1.9616 	  
13.25 	 1.9733 	  1.9692 	  
13.35 	 1.9799 	  1.9769 	  
13.45 	 1.9865 	  1.9846 	  
13.55 	 1.993 	  1.9923 	  
13.65 	 1.9995 	  2.0001 	  
13.75 	 2.006 	  2.0078 	  
13.85 	 2.0124 	  2.0155 	  
13.95 	 2.0187 	  2.0232 	  
14.05 	 2.025 	  2.0309 	  
14.15 	 2.0313 	  2.0385 	  
14.25 	 2.0374 	  2.0461 	  
14.35 	 2.0435 	  2.0536 	  
14.45 	 2.0496 	  2.061 	  
14.55 	 2.0555 	  2.0684 	  
14.65 	 2.0614 	  2.0756 	  
14.75 	 2.0673 	  2.0827 	  
14.85 	 2.073 	  2.0897 	  
14.95 	 2.0786 	  2.0965 	  
15.05 	 2.0842 	  2.1032 	  
15.15 	 2.0896 	  2.1098 	  
15.25 	 2.095 	  2.1162 	  
15.35 	 2.1002 	  2.1224 	  
15.45 	 2.1054 	  2.1284 	  
15.55 	 2.1104 	  2.1343 	  
15.65 	 2.1154 	  2.1399 	  
15.75 	 2.1203 	  2.1453 	  
15.85 	 2.1252 	  2.1505 	  
15.95 	 2.1302 	  2.1555 	  
16.05 	 2.1352 	  2.1603 	  
16.15 	 2.1403 	  2.1648 	  
16.25 	 2.1454 	  2.1691 	  
16.35 	 2.1506 	  2.1731 	  
16.45 	 2.1558 	  2.1768 	  
16.55 	 2.1612 	  2.1803 	  
16.65 	 2.1668 	  2.1835 	  
16.75 	 2.1727 	  2.1865 	  
16.85 	 2.1787 	  2.1891 	  
16.95 	 2.1849 	  2.1915 	  
17.05 	 2.1913 	  2.1936 	  
17.15 	 2.1977 	  2.1954 	  
17.25 	 2.2041 	  2.1969 	  
17.35 	 2.2105 	  2.1981 	  
17.45 	 2.2168 	  2.199 	  
17.55 	 2.2228 	  2.1996 	  
17.65 	 2.2285 	  2.2 	  
17.75 	 2.2336 	  2.2 	  
17.85 	 2.2382 	  2.1997 	  
17.95 	 2.2421 	  2.1991 	  
18.05 	 2.2452 	  2.1982 	  
18.15 	 2.2475 	  2.197 	  
18.25 	 2.2489 	  2.1956 	  
18.35 	 2.2495 	  2.1938 	  
18.45 	 2.2491 	  2.1918 	  
18.55 	 2.2477 	  2.1894 	  
18.65 	 2.2453 	  2.1868 	  
18.75 	 2.2418 	  2.1839 	  
18.85 	 2.2374 	  2.1807 	  
18.95 	 2.2321 	  2.1772 	  
19.05 	 2.2257 	  2.1735 	  
19.15 	 2.2184 	  2.1695 	  
19.25 	 2.2101 	  2.1653 	  
19.35 	 2.201 	  2.1608 	  
19.45 	 2.191 	  2.1561 	  
19.55 	 2.1802 	  2.1511 	  
19.65 	 2.1687 	  2.1459 	  
19.75 	 2.1567 	  2.1405 	  
19.85 	 2.1442 	  2.1349 	  
19.95 	 2.1313 	  2.1291 	  
20.05 	 2.1182 	  2.1231 	  
20.15 	 2.105 	  2.1169 	  
20.25 	 2.0917 	  2.1105 	  
20.35 	 2.0786 	  2.104 	  
20.45 	 2.0657 	  2.0973 	  
20.55 	 2.0531 	  2.0905 	  
20.65 	 2.0409 	  2.0835 	  
20.75 	 2.0292 	  2.0764 	  
20.85 	 2.0181 	  2.0692 	  
20.95 	 2.0074 	  2.0619 	  
21.05 	 1.9974 	  2.0545 	  
21.15 	 1.988 	  2.047 	  
21.25 	 1.9791 	  2.0394 	  
21.35 	 1.9709 	  2.0318 	  
21.45 	 1.9633 	  2.0241 	  
21.55 	 1.9563 	  2.0164 	  
21.65 	 1.9499 	  2.0087 	  
21.75 	 1.944 	  2.0009 	  
21.85 	 1.9386 	  1.9932 	  
21.95 	 1.9338 	  1.9855 	  
22.05 	 1.9293 	  1.9778 	  
22.15 	 1.9252 	  1.9701 	  
22.25 	 1.9215 	  1.9624 	  
22.35 	 1.9182 	  1.9549 	  
22.45 	 1.9151 	  1.9474 	  
22.55 	 1.9122 	  1.9399 	  
22.65 	 1.9095 	  1.9326 	  
22.75 	 1.907 	  1.9253 	  
22.85 	 1.9046 	  1.9182 	  
22.95 	 1.9023 	  1.9112 	  
23.05 	 1.9001 	  1.9043 	  
23.15 	 1.8979 	  1.8976 	  
23.25 	 1.8957 	  1.891 	  
23.35 	 1.8935 	  1.8846 	  
23.45 	 1.8913 	  1.8784 	  
23.55 	 1.889 	  1.8723 	  
23.65 	 1.8867 	  1.8665 	  
23.75 	 1.8844 	  1.8608 	  
23.85 	 1.882 	  1.8554 	  
23.95 	 1.8795 	  1.8501 	  
24.05 	 1.877 	  1.8451 	  
24.15 	 1.8745 	  1.8403 	  
24.25 	 1.8719 	  1.8358 	  
24.35 	 1.8693 	  1.8315 	  
24.45 	 1.8667 	  1.8274 	  
24.55 	 1.8641 	  1.8237 	  
24.65 	 1.8616 	  1.8201 	  
24.75 	 1.859 	  1.8169 	  
24.85 	 1.8565 	  1.8139 	  
24.95 	 1.8541 	  1.8112 	  
25.05 	 1.8517 	  1.8088 	  
25.15 	 1.8495 	  1.8067 	  
25.25 	 1.8473 	  1.8048 	  
25.35 	 1.8453 	  1.8033 	  
25.45 	 1.8433 	  1.802 	  
25.55 	 1.8416 	  1.8011 	  
25.65 	 1.84 	  1.8004 	  
25.75 	 1.8386 	  1.8001 	  
25.85 	 1.8374 	  1.8 	  
25.95 	 1.8364 	  1.8003 	  
26.05 	 1.8356 	  1.8008 	  
26.15 	 1.835 	  1.8016 	  
26.25 	 1.8347 	  1.8028 	  
26.35 	 1.8346 	  1.8042 	  
26.45 	 1.8347 	  1.8059 	  
26.55 	 1.8351 	  1.808 	  
26.65 	 1.8358 	  1.8103 	  
26.75 	 1.8367 	  1.8129 	  
26.85 	 1.8379 	  1.8157 	  
26.95 	 1.8393 	  1.8189 	  
27.05 	 1.841 	  1.8223 	  
27.15 	 1.843 	  1.826 	  
27.25 	 1.8452 	  1.8299 	  
27.35 	 1.8477 	  1.8341 	  
27.45 	 1.8504 	  1.8386 	  
27.55 	 1.8535 	  1.8433 	  
27.65 	 1.8568 	  1.8482 	  
27.75 	 1.8603 	  1.8534 	  
27.85 	 1.8641 	  1.8588 	  
27.95 	 1.8682 	  1.8643 	  
28.05 	 1.8725 	  1.8701 	  
28.15 	 1.8771 	  1.8761 	  
28.25 	 1.882 	  1.8823 	  
28.35 	 1.887 	  1.8886 	  
28.45 	 1.8924 	  1.8952 	  
28.55 	 1.8979 	  1.9018 	  
28.65 	 1.9037 	  1.9086 	  
28.75 	 1.9097 	  1.9156 	  
28.85 	 1.9158 	  1.9227 	  
28.95 	 1.9222 	  1.9299 	  
29.05 	 1.9287 	  1.9372 	  
29.15 	 1.9355 	  1.9446 	  
29.25 	 1.9423 	  1.9521 	  
29.35 	 1.9494 	  1.9596 	  
29.45 	 1.9565 	  1.9672 	  
29.55 	 1.9638 	  1.9749 	  
29.65 	 1.9712 	  1.9826 	  
29.75 	 1.9788 	  1.9903 	  
29.85 	 1.9864 	  1.9981 	  
29.95 	 1.9941 	  2.0058 	  
30.05 	 2.0019 	  2.0135 	  
30.15 	 2.0097 	  2.0213 	  
30.25 	 2.0175 	  2.0289 	  
30.35 	 2.0253 	  2.0366 	  
30.45 	 2.0332 	  2.0442 	  
30.55 	 2.041 	  2.0517 	  
30.65 	 2.0489 	  2.0591 	  
30.75 	 2.0567 	  2.0665 	  
30.85 	 2.0644 	  2.0737 	  
30.95 	 2.072 	  2.0809 	  
31.05 	 2.0795 	  2.0879 	  
31.15 	 2.0869 	  2.0948 	  
31.25 	 2.094 	  2.1015 	  
31.35 	 2.101 	  2.1081 	  
31.45 	 2.1078 	  2.1146 	  
31.55 	 2.1143 	  2.1208 	  
31.65 	 2.1205 	  2.1269 	  
31.75 	 2.1265 	  2.1328 	  
31.85 	 2.1322 	  2.1385 	  
31.95 	 2.1376 	  2.144 	  
32.05 	 2.1426 	  2.1492 	  
32.15 	 2.1473 	  2.1543 	  
32.25 	 2.1517 	  2.1591 	  
32.35 	 2.1557 	  2.1637 	  
32.45 	 2.1593 	  2.168 	  
32.55 	 2.1626 	  2.1721 	  
32.65 	 2.1656 	  2.1759 	  
32.75 	 2.1682 	  2.1794 	  
32.85 	 2.1704 	  2.1827 	  
32.95 	 2.1722 	  2.1857 	  
33.05 	 2.1737 	  2.1885 	  
33.15 	 2.1748 	  2.1909 	  
33.25 	 2.1755 	  2.1931 	  
33.35 	 2.1759 	  2.195 	  
33.45 	 2.176 	  2.1965 	  
33.55 	 2.1757 	  2.1978 	  
33.65 	 2.1751 	  2.1988 	  
33.75 	 2.1742 	  2.1995 	  
33.85 	 2.173 	  2.1999 	  
33.95 	 2.1716 	  2.2 	  
34.05 	 2.1698 	  2.1998 	  
34.15 	 2.1678 	  2.1993 	  
34.25 	 2.1656 	  2.1985 	  
34.35 	 2.1631 	  2.1974 	  
34.45 	 2.1605 	  2.196 	  
34.55 	 2.1576 	  2.1943 	  
34.65 	 2.1546 	  2.1923 	  
34.75 	 2.1514 	  2.19 	  
34.85 	 2.1481 	  2.1875 	  
34.95 	 2.1447 	  2.1846 	  
35.05 	 2.1412 	  2.1815 	  
35.15 	 2.1376 	  2.1781 	  
35.25 	 2.1339 	  2.1745 	  
35.35 	 2.1301 	  2.1706 	  
35.45 	 2.1263 	  2.1664 	  
35.55 	 2.1224 	  2.162 	  
35.65 	 2.1185 	  2.1573 	  
35.75 	 2.1146 	  2.1524 	  
35.85 	 2.1107 	  2.1473 	  
35.95 	 2.1068 	  2.1419 	  
36.05 	 2.1028 	  2.1364 	  
36.15 	 2.0989 	  2.1306 	  
36.25 	 2.0951 	  2.1247 	  
36.35 	 2.0912 	  2.1185 	  
36.45 	 2.0874 	  2.1122 	  
36.55 	 2.0836 	  2.1057 	  
36.65 	 2.0799 	  2.099 	  
36.75 	 2.0763 	  2.0922 	  
36.85 	 2.0727 	  2.0853 	  
36.95 	 2.0691 	  2.0782 	  
37.05 	 2.0656 	  2.071 	  
37.15 	 2.0622 	  2.0638 	  
37.25 	 2.0589 	  2.0564 	  
37.35 	 2.0557 	  2.0489 	  
37.45 	 2.0525 	  2.0414 	  
37.55 	 2.0495 	  2.0337 	  
37.65 	 2.0465 	  2.0261 	  
37.75 	 2.0436 	  2.0184 	  
37.85 	 2.0408 	  2.0107 	  
37.95 	 2.038 	  2.0029 	  
38.05 	 2.0354 	  1.9952 	  
38.15 	 2.0328 	  1.9875 	  
38.25 	 2.0304 	  1.9797 	  
38.35 	 2.028 	  1.972 	  
38.45 	 2.0257 	  1.9644 	  
38.55 	 2.0235 	  1.9568 	  
38.65 	 2.0213 	  1.9493 	  
38.75 	 2.0193 	  1.9418 	  
38.85 	 2.0173 	  1.9345 	  
38.95 	 2.0154 	  1.9272 	  
39.05 	 2.0136 	  1.92 	  
39.15 	 2.0119 	  1.913 	  
39.25 	 2.0103 	  1.9061 	  
39.35 	 2.0087 	  1.8993 	  
39.45 	 2.0072 	  1.8927 	  
39.55 	 2.0057 	  1.8863 	  
39.65 	 2.0044 	  1.88 	  
39.75 	 2.0031 	  1.8739 	  
39.85 	 2.0018 	  1.868 	  
39.95 	 2.0007 	  1.8622 	  
40.05 	 1.9996 	  1.8567 	  
40.15 	 1.9985 	  1.8514 	  
40.25 	 1.9975 	  1.8464 	  
40.35 	 1.9966 	  1.8415 	  
40.45 	 1.9957 	  1.8369 	  
40.55 	 1.9949 	  1.8326 	  
40.65 	 1.9941 	  1.8285 	  
40.75 	 1.9934 	  1.8246 	  
40.85 	 1.9927 	  1.821 	  
40.95 	 1.9921 	  1.8177 	  
41.05 	 1.9915 	  1.8146 	  
41.15 	 1.9909 	  1.8119 	  
41.25 	 1.9904 	  1.8094 	  
41.35 	 1.99 	  1.8072 	  
41.45 	 1.9896 	  1.8053 	  
41.55 	 1.9892 	  1.8037 	  
41.65 	 1.9888 	  1.8023 	  
41.75 	 1.9885 	  1.8013 	  
41.85 	 1.9882 	  1.8006 	  
41.95 	 1.9879 	  1.8001 	  
42.05 	 1.9877 	  1.8 	  
42.15 	 1.9875 	  1.8002 	  
42.25 	 1.9873 	  1.8006 	  
42.35 	 1.9872 	  1.8014 	  
42.45 	 1.9871 	  1.8025 	  
42.55 	 1.9869 	  1.8038 	  
42.65 	 1.9869 	  1.8055 	  
42.75 	 1.9868 	  1.8074 	  
42.85 	 1.9868 	  1.8097 	  
42.95 	 1.9867 	  1.8122 	  
43.05 	 1.9867 	  1.815 	  
43.15 	 1.9867 	  1.8181 	  
43.25 	 1.9868 	  1.8214 	  
43.35 	 1.9868 	  1.825 	  
43.45 	 1.9869 	  1.8289 	  
43.55 	 1.9869 	  1.833 	  
43.65 	 1.987 	  1.8374 	  
43.75 	 1.9871 	  1.8421 	  
43.85 	 1.9872 	  1.8469 	  
43.95 	 1.9873 	  1.852 	  
44.05 	 1.9874 	  1.8574 	  
44.15 	 1.9875 	  1.8629 	  
44.25 	 1.9877 	  1.8686 	  
44.35 	 1.9878 	  1.8746 	  
44.45 	 1.988 	  1.8807 	  
44.55 	 1.9881 	  1.887 	  
44.65 	 1.9883 	  1.8935 	  
44.75 	 1.9884 	  1.9001 	  
44.85 	 1.9886 	  1.9069 	  
44.95 	 1.9888 	  1.9138 	  
45.05 	 1.989 	  1.9209 	  
45.15 	 1.9891 	  1.928 	  
45.25 	 1.9893 	  1.9353 	  
45.35 	 1.9895 	  1.9427 	  
45.45 	 1.9897 	  1.9501 	  
45.55 	 1.9899 	  1.9577 	  
45.65 	 1.9901 	  1.9653 	  
45.75 	 1.9902 	  1.9729 	  
45.85 	 1.9904 	  1.9806 	  
45.95 	 1.9906 	  1.9883 	  
46.05 	 1.9908 	  1.9961 	  
46.15 	 1.991 	  2.0038 	  
46.25 	 1.9912 	  2.0116 	  
46.35 	 1.9914 	  2.0193 	  
46.45 	 1.9916 	  2.027 	  
46.55 	 1.9917 	  2.0346 	  
46.65 	 1.9919 	  2.0422 	  
46.75 	 1.9921 	  2.0498 	  
46.85 	 1.9923 	  2.0572 	  
46.95 	 1.9925 	  2.0646 	  
47.05 	 1.9927 	  2.0719 	  
47.15 	 1.9928 	  2.079 	  
47.25 	 1.993 	  2.0861 	  
47.35 	 1.9932 	  2.093 	  
47.45 	 1.9933 	  2.0998 	  
47.55 	 1.9935 	  2.1064 	  
47.65 	 1.9937 	  2.1129 	  
47.75 	 1.9938 	  2.1192 	  
47.85 	 1.994 	  2.1254 	  
47.95 	 1.9942 	  2.1313 	  
48.05 	 1.9943 	  2.137 	  
48.15 	 1.9945 	  2.1426 	  
48.25 	 1.9946 	  2.1479 	  
48.35 	 1.9948 	  2.153 	  
48.45 	 1.9949 	  2.1579 	  
48.55 	 1.995 	  2.1625 	  
48.65 	 1.9952 	  2.1669 	  
48.75 	 1.9953 	  2.171 	  
48.85 	 1.9955 	  2.1749 	  
48.95 	 1.9956 	  2.1785 	  
49.05 	 1.9957 	  2.1819 	  
49.15 	 1.9958 	  2.185 	  
49.25 	 1.996 	  2.1878 	  
49.35 	 1.9961 	  2.1903 	  
49.45 	 1.9962 	  2.1925 	  
49.55 	 1.9963 	  2.1945 	  
49.65 	 1.9964 	  2.1962 	  
49.75 	 1.9965 	  2.1975 	  
49.85 	 1.9966 	  2.1986 	  
49.95 	 1.9967 	  2.1994 	  
50.05 	 1.9968 	  2.1998 	  
50.15 	 1.9969 	  2.2 	  
50.25 	 1.997 	  2.1999 	  
50.35 	 1.9971 	  2.1994 	  
50.45 	 1.9972 	  2.1987 	  
50.55 	 1.9973 	  2.1977 	  
50.65 	 1.9974 	  2.1964 	  
50.75 	 1.9975 	  2.1948 	  
50.85 	 1.9975 	  2.1928 	  
50.95 	 1.9976 	  2.1906 	  
51.05 	 1.9977 	  2.1882 	  
51.15 	 1.9978 	  2.1854 	  
51.25 	 1.9978 	  2.1824 	  
51.35 	 1.9979 	  2.179 	  
51.45 	 1.998 	  2.1755 	  
51.55 	 1.9981 	  2.1716 	  
51.65 	 1.9981 	  2.1675 	  
51.75 	 1.9982 	  2.1631 	  
51.85 	 1.9982 	  2.1585 	  
51.95 	 1.9983 	  2.1537 	  
52.05 	 1.9984 	  2.1486 	  
52.15 	 1.9984 	  2.1433 	  
52.25 	 1.9985 	  2.1378 	  
52.35 	 1.9985 	  2.1321 	  
52.45 	 1.9986 	  2.1262 	  
52.55 	 1.9986 	  2.1201 	  
52.65 	 1.9987 	  2.1138 	  
52.75 	 1.9987 	  2.1074 	  
52.85 	 1.9988 	  2.1008 	  
52.95 	 1.9988 	  2.094 	  
53.05 	 1.9989 	  2.0871 	  
53.15 	 1.9989 	  2.0801 	  
53.25 	 1.9989 	  2.0729 	  
53.35 	 1.999 	  2.0656 	  
53.45 	 1.999 	  2.0583 	  
53.55 	 1.9991 	  2.0508 	  
53.65 	 1.9991 	  2.0433 	  
53.75 	 1.9991 	  2.0357 	  
53.85 	 1.9992 	  2.0281 	  
53.95 	 1.9992 	  2.0204 	  
54.05 	 1.9992 	  2.0127 	  
54.15 	 1.9993 	  2.0049 	  
54.25 	 1.9993 	  1.9972 	  
54.35 	 1.9993 	  1.9894 	  
54.45 	 1.9993 	  1.9817 	  
54.55 	 1.9994 	  1.974 	  
54.65 	 1.9994 	  1.9664 	  
54.75 	 1.9994 	  1.9588 	  
54.85 	 1.9995 	  1.9512 	  
54.95 	 1.9995 	  1.9437 	  
55.05 	 1.9995 	  1.9363 	  
55.15 	 1.9995 	  1.9291 	  
55.25 	 1.9995 	  1.9219 	  
55.35 	 1.9996 	  1.9148 	  
55.45 	 1.9996 	  1.9079 	  
55.55 	 1.9996 	  1.9011 	  
55.65 	 1.9996 	  1.8944 	  
55.75 	 1.9996 	  1.8879 	  
55.85 	 1.9996 	  1.8816 	  
55.95 	 1.9997 	  1.8754 	  
56.05 	 1.9997 	  1.8695 	  
56.15 	 1.9997 	  1.8637 	  
56.25 	 1.9997 	  1.8581 	  
56.35 	 1.9997 	  1.8528 	  
56.45 	 1.9997 	  1.8476 	  
56.55 	 1.9997 	  1.8427 	  
56.65 	 1.9998 	  1.8381 	  
56.75 	 1.9998 	  1.8337 	  
56.85 	 1.9998 	  1.8295 	  
56.95 	 1.9998 	  1.8256 	  
57.05 	 1.9998 	  1.8219 	  
57.15 	 1.9998 	  1.8185 	  
57.25 	 1.9998 	  1.8154 	  
57.35 	 1.9998 	  1.8126 	  
57.45 	 1.9998 	  1.81 	  
57.55 	 1.9998 	  1.8077 	  
57.65 	 1.9999 	  1.8057 	  
57.75 	 1.9999 	  1.804 	  
57.85 	 1.9999 	  1.8026 	  
57.95 	 1.9999 	  1.8015 	  
58.05 	 1.9999 	  1.8007 	  
58.15 	 1.9999 	  1.8002 	  
58.25 	 1.9999 	  1.8 	  
58.35 	 1.9999 	  1.8001 	  
58.45 	 1.9999 	  1.8005 	  
58.55 	 1.9999 	  1.8012 	  
58.65 	 1.9999 	  1.8022 	  
58.75 	 2 	  1.8034 	  
58.85 	 2 	  1.805 	  
58.95 	 2 	  1.8069 	  
59.05 	 2 	  1.8091 	  
59.15 	 2 	  1.8115 	  
59.25 	 2 	  1.8142 	  
59.35 	 2 	  1.8172 	  
59.45 	 2 	  1.8205 	  
59.55 	 2 	  1.8241 	  
59.65 	 2 	  1.8279 	  
59.75 	 2 	  1.832 	  
59.85 	 2 	  1.8363 	  
59.95 	 2 	  1.8409 	  
60.05 	 2 	  1.8457 	  
60.15 	 2 	  1.8507 	  
60.25 	 2 	  1.856 	  
60.35 	 2 	  1.8614 	  
60.45 	 2 	  1.8671 	  
60.55 	 2 	  1.873 	  
60.65 	 2 	  1.8791 	  
60.75 	 2 	  1.8854 	  
60.85 	 2 	  1.8918 	  
60.95 	 2.0001 	  1.8984 	  
61.05 	 2.0001 	  1.9051 	  
61.15 	 2.0001 	  1.912 	  
61.25 	 2.0001 	  1.919 	  
61.35 	 2.0001 	  1.9262 	  
61.45 	 2.0001 	  1.9334 	  
61.55 	 2 	  1.9408 	  
61.65 	 2.0001 	  1.9482 	  
61.75 	 2 	  1.9557 	  
61.85 	 2 	  1.9633 	  
61.95 	 2 	  1.971 	  
62.05 	 2 	  1.9786 	  
62.15 	 2 	  1.9863 	  
62.25 	 2 	  1.9941 	  
62.35 	 2 	  2.0018 	  
62.45 	 2 	  2.0096 	  
62.55 	 2 	  2.0173 	  
62.65 	 2 	  2.025 	  
62.75 	 2 	  2.0327 	  
62.85 	 2 	  2.0403 	  
62.95 	 2 	  2.0478 	  
63.05 	 2 	  2.0553 	  
63.15 	 2 	  2.0627 	  
63.25 	 2 	  2.07 	  
63.35 	 2 	  2.0772 	  
63.45 	 2 	  2.0843 	  
63.55 	 2 	  2.0913 	  
63.65 	 2 	  2.0981 	  
63.75 	 2 	  2.1048 	  
63.85 	 2 	  2.1113 	  
63.95 	 2 	  2.1176 	  
64.05 	 2 	  2.1238 	  
64.15 	 2 	  2.1298 	  
64.25 	 2 	  2.1356 	  
64.35 	 2 	  2.1412 	  
64.45 	 2 	  2.1465 	  
64.55 	 2 	  2.1517 	  
64.65 	 2 	  2.1566 	  
64.75 	 2 	  2.1613 	  
64.85 	 2 	  2.1658 	  
64.95 	 2 	  2.17 	  
65.05 	 2 	  2.1739 	  
65.15 	 2 	  2.1776 	  
65.25 	 2 	  2.1811 	  
65.35 	 2 	  2.1842 	  
65.45 	 2 	  2.1871 	  
65.55 	 2 	  2.1897 	  
65.65 	 2 	  2.192 	  
65.75 	 2 	  2.194 	  
65.85 	 2 	  2.1958 	  
65.95 	 2 	  2.1972 	  
66.05 	 2 	  2.1983 	  
66.15 	 2 	  2.1992 	  
66.25 	 2 	  2.1997 	  
66.35 	 2 	  2.2 	  
66.45 	 2 	  2.1999 	  
66.55 	 2 	  2.1996 	  
66.65 	 2 	  2.1989 	  
66.75 	 2 	  2.198 	  
66.85 	 2 	  2.1967 	  
66.95 	 2 	  2.1952 	  
67.05 	 2 	  2.1934 	  
67.15 	 2 	  2.1912 	  
67.25 	 2 	  2.1888 	  
67.35 	 2 	  2.1861 	  
67.45 	 2 	  2.1832 	  
67.55 	 2 	  2.1799 	  
67.65 	 2 	  2.1764 	  
67.75 	 2 	  2.1726 	  
67.85 	 2 	  2.1686 	  
67.95 	 2 	  2.1643 	  
68.05 	 2 	  2.1598 	  
68.15 	 2 	  2.155 	  
68.25 	 2 	  2.15 	  
68.35 	 2 	  2.1447 	  
68.45 	 2 	  2.1393 	  
68.55 	 2 	  2.1336 	  
68.65 	 2 	  2.1278 	  
68.75 	 2 	  2.1217 	  
68.85 	 2 	  2.1155 	  
68.95 	 2 	  2.1091 	  
69.05 	 2 	  2.1025 	  
69.15 	 2 	  2.0958 	  
69.25 	 2 	  2.0889 	  
69.35 	 2 	  2.0819 	  
69.45 	 2 	  2.0748 	  
69.55 	 2 	  2.0675 	  
69.65 	 2 	  2.0602 	  
69.75 	 2 	  2.0528 	  
69.85 	 2 	  2.0452 	  
69.95 	 2 	  2.0377 	  
70.05 	 2 	  2.03 	  
70.15 	 2 	  2.0224 	  
70.25 	 2 	  2.0146 	  
70.35 	 2 	  2.0069 	  
70.45 	 2 	  1.9992 	  
70.55 	 2 	  1.9914 	  
70.65 	 2 	  1.9837 	  
70.75 	 2 	  1.976 	  
70.85 	 2 	  1.9683 	  
70.95 	 2 	  1.9607 	  
71.05 	 2 	  1.9531 	  
71.15 	 2 	  1.9456 	  
71.25 	 2 	  1.9382 	  
71.35 	 2 	  1.9309 	  
71.45 	 2 	  1.9237 	  
71.55 	 2 	  1.9166 	  
71.65 	 2 	  1.9096 	  
71.75 	 2 	  1.9028 	  
71.85 	 2 	  1.8961 	  
71.95 	 2 	  1.8896 	  
72.05 	 2 	  1.8832 	  
72.15 	 2 	  1.877 	  
72.25 	 2 	  1.871 	  
72.35 	 2 	  1.8652 	  
72.45 	 2 	  1.8595 	  
72.55 	 2 	  1.8541 	  
72.65 	 2 	  1.8489 	  
72.75 	 2 	  1.844 	  
72.85 	 2 	  1.8393 	  
72.95 	 2 	  1.8348 	  
73.05 	 2 	  1.8305 	  
73.15 	 2 	  1.8265 	  
73.25 	 2 	  1.8228 	  
73.35 	 2 	  1.8194 	  
73.45 	 2 	  1.8162 	  
73.55 	 2 	  1.8133 	  
73.65 	 2 	  1.8106 	  
73.75 	 2 	  1.8083 	  
73.85 	 2 	  1.8062 	  
73.95 	 2 	  1.8044 	  
74.05 	 2 	  1.803 	  
74.15 	 2 	  1.8018 	  
74.25 	 2 	  1.8009 	  
74.35 	 2 	  1.8003 	  
74.45 	 2 	  1.8 	  
74.55 	 2 	  1.8 	  
74.65 	 2 	  1.8004 	  
74.75 	 2 	  1.801 	  
74.85 	 2 	  1.8019 	  
74.95 	 2 	  1.8031 	  
75.05 	 2 	  1.8046 	  
75.15 	 2 	  1.8064 	  
75.25 	 2 	  1.8085 	  
75.35 	 2 	  1.8108 	  
75.45 	 2 	  1.8135 	  
75.55 	 2 	  1.8164 	  
75.65 	 2 	  1.8196 	  
75.75 	 2 	  1.8231 	  
75.85 	 2 	  1.8269 	  
75.95 	 2 	  1.8309 	  
76.05 	 2 	  1.8351 	  
76.15 	 2 	  1.8397 	  
76.25 	 2 	  1.8444 	  
76.35 	 2 	  1.8494 	  
76.45 	 2 	  1.8546 	  
76.55 	 2 	  1.86 	  
76.65 	 2 	  1.8656 	  
76.75 	 2 	  1.8715 	  
76.85 	 2 	  1.8775 	  
76.95 	 2 	  1.8837 	  
77.05 	 2 	  1.8901 	  
77.15 	 2 	  1.8967 	  
77.25 	 2 	  1.9034 	  
77.35 	 2 	  1.9102 	  
77.45 	 2 	  1.9172 	  
77.55 	 2 	  1.9243 	  
77.65 	 2 	  1.9315 	  
77.75 	 2 	  1.9389 	  
77.85 	 2 	  1.9463 	  
77.95 	 2 	  1.9538 	  
78.05 	 2 	  1.9614 	  
78.15 	 2 	  1.969 	  
78.25 	 2 	  1.9767 	  
78.35 	 2 	  1.9844 	  
78.45 	 2 	  1.9921 	  
78.55 	 2 	  1.9998 	  
78.65 	 2 	  2.0076 	  
78.75 	 2 	  2.0153 	  
78.85 	 2 	  2.023 	  
78.95 	 2 	  2.0307 	  
79.05 	 2 	  2.0383 	  
79.15 	 2 	  2.0459 	  
79.25 	 2 	  2.0534 	  
79.35 	 2 	  2.0608 	  
79.45 	 2 	  2.0681 	  
79.55 	 2 	  2.0754 	  
79.65 	 2 	  2.0825 	  
79.75 	 2 	  2.0895 	  
79.85 	 2 	  2.0963 	  
79.95 	 2 	  2.1031 	  
80.05 	 2 	  2.1096 	  
80.15 	 2 	  2.116 	  
80.25 	 2 	  2.1222 	  
80.35 	 2 	  2.1283 	  
80.45 	 2 	  2.1341 	  
80.55 	 2 	  2.1397 	  
80.65 	 2 	  2.1452 	  
80.75 	 2 	  2.1504 	  
80.85 	 2 	  2.1554 	  
80.95 	 2 	  2.1601 	  
81.05 	 2 	  2.1647 	  
81.15 	 2 	  2.1689 	  
81.25 	 2 	  2.173 	  
81.35 	 2 	  2.1767 	  
81.45 	 2 	  2.1802 	  
81.55 	 2 	  2.1834 	  
81.65 	 2 	  2.1864 	  
81.75 	 2 	  2.189 	  
81.85 	 2 	  2.1914 	  
81.95 	 2 	  2.1935 	  
82.05 	 2 	  2.1953 	  
82.15 	 2 	  2.1969 	  
82.25 	 2 	  2.1981 	  
82.35 	 2 	  2.199 	  
82.45 	 2 	  2.1996 	  
82.55 	 2 	  2.1999 	  
82.65 	 2 	  2.2 	  
82.75 	 2 	  2.1997 	  
82.85 	 2 	  2.1991 	  
82.95 	 2 	  2.1983 	  
83.05 	 2 	  2.1971 	  
83.15 	 2 	  2.1956 	  
83.25 	 2 	  2.1939 	  
83.35 	 2 	  2.1918 	  
83.45 	 2 	  2.1895 	  
83.55 	 2 	  2.1869 	  
83.65 	 1.9999 	  2.184 	  
83.75 	 1.9999 	  2.1808 	  
83.85 	 1.9999 	  2.1773 	  
83.95 	 1.9999 	  2.1736 	  
84.05 	 1.9999 	  2.1696 	  
84.15 	 1.9999 	  2.1654 	  
84.25 	 1.9999 	  2.1609 	  
84.35 	 1.9999 	  2.1562 	  
84.45 	 1.9999 	  2.1513 	  
84.55 	 1.9999 	  2.1461 	  
84.65 	 1.9999 	  2.1407 	  
84.75 	 1.9999 	  2.1351 	  
84.85 	 1.9999 	  2.1293 	  
84.95 	 1.9999 	  2.1233 	  
85.05 	 1.9999 	  2.1171 	  
85.15 	 1.9999 	  2.1107 	  
85.25 	 1.9999 	  2.1042 	  
85.35 	 1.9999 	  2.0975 	  
85.45 	 1.9999 	  2.0907 	  
85.55 	 1.9999 	  2.0837 	  
85.65 	 1.9999 	  2.0766 	  
85.75 	 1.9999 	  2.0694 	  
85.85 	 1.9999 	  2.0621 	  
85.95 	 1.9999 	  2.0547 	  
86.05 	 1.9999 	  2.0472 	  
86.15 	 1.9999 	  2.0396 	  
86.25 	 1.9999 	  2.032 	  
86.35 	 1.9999 	  2.0243 	  
86.45 	 1.9999 	  2.0166 	  
86.55 	 1.9999 	  2.0089 	  
86.65 	 1.9999 	  2.0012 	  
86.75 	 1.9999 	  1.9934 	  
86.85 	 1.9999 	  1.9857 	  
86.95 	 1.9999 	  1.978 	  
87.05 	 1.9999 	  1.9703 	  
87.15 	 1.9999 	  1.9627 	  
87.25 	 1.9999 	  1.9551 	  
87.35 	 1.9999 	  1.9476 	  
87.45 	 1.9999 	  1.9401 	  
87.55 	 1.9999 	  1.9328 	  
87.65 	 1.9999 	  1.9255 	  
87.75 	 1.9999 	  1.9184 	  
87.85 	 1.9999 	  1.9114 	  
87.95 	 1.9999 	  1.9045 	  
88.05 	 1.9999 	  1.8978 	  
88.15 	 1.9999 	  1.8912 	  
88.25 	 1.9999 	  1.8848 	  
88.35 	 1.9999 	  1.8786 	  
88.45 	 1.9999 	  1.8725 	  
88.55 	 1.9999 	  1.8666 	  
88.65 	 1.9999 	  1.861 	  
88.75 	 1.9999 	  1.8555 	  
88.85 	 1.9999 	  1.8503 	  
88.95 	 1.9999 	  1.8452 	  
89.05 	 1.9999 	  1.8404 	  
89.15 	 1.9999 	  1.8359 	  
89.25 	 1.9999 	  1.8316 	  
89.35 	 1.9999 	  1.8275 	  
89.45 	 1.9999 	  1.8238 	  
89.55 	 1.9999 	  1.8202 	  
89.65 	 1.9999 	  1.817 	  
89.75 	 1.9999 	  1.814 	  
89.85 	 1.9999 	  1.8113 	  
89.95 	 1.9999 	  1.8089 	  
90.05 	 1.9999 	  1.8067 	  
90.15 	 1.9999 	  1.8049 	  
90.25 	 1.9999 	  1.8033 	  
90.35 	 1.9999 	  1.8021 	  
90.45 	 1.9999 	  1.8011 	  
90.55 	 1.9999 	  1.8004 	  
90.65 	 1.9999 	  1.8001 	  
90.75 	 1.9999 	  1.8 	  
90.85 	 1.9999 	  1.8002 	  
90.95 	 1.9999 	  1.8008 	  
91.05 	 1.9999 	  1.8016 	  
91.15 	 1.9999 	  1.8027 	  
91.25 	 1.9999 	  1.8042 	  
91.35 	 1.9999 	  1.8059 	  
91.45 	 1.9999 	  1.8079 	  
91.55 	 1.9999 	  1.8102 	  
91.65 	 1.9999 	  1.8128 	  
91.75 	 1.9999 	  1.8157 	  
91.85 	 1.9999 	  1.8188 	  
91.95 	 1.9999 	  1.8222 	  
92.05 	 1.9999 	  1.8259 	  
92.15 	 1.9999 	  1.8298 	  
92.25 	 1.9999 	  1.834 	  
92.35 	 1.9999 	  1.8385 	  
92.45 	 1.9999 	  1.8432 	  
92.55 	 1.9999 	  1.8481 	  
92.65 	 1.9999 	  1.8532 	  
92.75 	 1.9999 	  1.8586 	  
92.85 	 1.9999 	  1.8642 	  
92.95 	 1.9999 	  1.87 	  
93.05 	 1.9999 	  1.8759 	  
93.15 	 1.9999 	  1.8821 	  
93.25 	 1.9999 	  1.8885 	  
93.35 	 1.9999 	  1.895 	  
93.45 	 1.9999 	  1.9016 	  
93.55 	 1.9999 	  1.9085 	  
93.65 	 1.9999 	  1.9154 	  
93.75 	 1.9999 	  1.9225 	  
93.85 	 1.9999 	  1.9297 	  
93.95 	 1.9999 	  1.937 	  
94.05 	 1.9999 	  1.9444 	  
94.15 	 1.9999 	  1.9519 	  
94.25 	 1.9999 	  1.9594 	  
94.35 	 1.9999 	  1.967 	  
94.45 	 1.9999 	  1.9747 	  
94.55 	 1.9999 	  1.9824 	  
94.65 	 1.9999 	  1.9901 	  
94.75 	 1.9999 	  1.9978 	  
94.85 	 1.9999 	  2.0056 	  
94.95 	 1.9999 	  2.0133 	  
95.05 	 1.9999 	  2.021 	  
95.15 	 1.9999 	  2.0287 	  
95.25 	 1.9999 	  2.0364 	  
95.35 	 1.9999 	  2.044 	  
95.45 	 1.9999 	  2.0515 	  
95.55 	 1.9999 	  2.0589 	  
95.65 	 1.9999 	  2.0663 	  
95.75 	 1.9999 	  2.0735 	  
95.85 	 1.9999 	  2.0807 	  
95.95 	 1.9999 	  2.0877 	  
96.05 	 1.9999 	  2.0946 	  
96.15 	 1.9999 	  2.1013 	  
96.25 	 1.9999 	  2.1079 	  
96.35 	 1.9999 	  2.1144 	  
96.45 	 1.9999 	  2.1206 	  
96.55 	 1.9999 	  2.1267 	  
96.65 	 1.9999 	  2.1326 	  
96.75 	 1.9999 	  2.1383 	  
96.85 	 1.9999 	  2.1438 	  
96.95 	 1.9999 	  2.1491 	  
97.05 	 1.9999 	  2.1541 	  
97.15 	 1.9999 	  2.1589 	  
97.25 	 1.9999 	  2.1635 	  
97.35 	 1.9999 	  2.1679 	  
97.45 	 2 	  2.1719 	  
97.55 	 2 	  2.1758 	  
97.65 	 2 	  2.1793 	  
97.75 	 2 	  2.1826 	  
97.85 	 2 	  2.1856 	  
97.95 	 2 	  2.1884 	  
98.05 	 2 	  2.1908 	  
98.15 	 2 	  2.193 	  
98.25 	 2 	  2.1949 	  
98.35 	 2 	  2.1965 	  
98.45 	 2 	  2.1978 	  
98.55 	 2 	  2.1988 	  
98.65 	 2 	  2.1995 	  
98.75 	 2 	  2.1999 	  
98.85 	 2 	  2.2 	  
98.95 	 2 	  2.1998 	  
99.05 	 2 	  2.1993 	  
99.15 	 2 	  2.1985 	  
99.25 	 2 	  2.1974 	  
99.35 	 2 	  2.196 	  
99.45 	 2 	  2.1943 	  
99.55 	 2 	  2.1924 	  
99.65 	 2 	  2.1901 	  
99.75 	 2 	  2.1876 	  
99.85 	 2 	  2.1847 	  
99.95 	 2 	  2.1816 	  
100.05 	 2 	  2.1782 	  
100.15 	 2 	  2.1746 	  
100.25 	 2 	  2.1707 	  
100.35 	 2 	  2.1665 	  
100.45 	 2 	  2.1621 	  
100.55 	 2 	  2.1575 	  
100.65 	 2 	  2.1526 	  
100.75 	 2 	  2.1474 	  
100.85 	 2 	  2.1421 	  
100.95 	 1.9999 	  2.1365 	  
101.05 	 1.9999 	  2.1308 	  
101.15 	 1.9999 	  2.1248 	  
101.25 	 1.9999 	  2.1187 	  
101.35 	 1.9999 	  2.1124 	  
101.45 	 1.9999 	  2.1059 	  
101.55 	 1.9999 	  2.0992 	  
101.65 	 1.9999 	  2.0924 	  
101.75 	 1.9999 	  2.0855 	  
101.85 	 1.9999 	  2.0784 	  
101.95 	 1.9999 	  2.0713 	  
102.05 	 1.9999 	  2.064 	  
102.15 	 1.9999 	  2.0566 	  
102.25 	 1.9999 	  2.0491 	  
102.35 	 1.9999 	  2.0416 	  
102.45 	 1.9999 	  2.034 	  
102.55 	 1.9999 	  2.0263 	  
102.65 	 1.9999 	  2.0186 	  
102.75 	 1.9999 	  2.0109 	  
102.85 	 1.9999 	  2.0032 	  
102.95 	 1.9999 	  1.9954 	  
103.05 	 1.9999 	  1.9877 	  
103.15 	 1.9999 	  1.98 	  
103.25 	 1.9999 	  1.9723 	  
103.35 	 1.9999 	  1.9646 	  
103.45 	 1.9999 	  1.957 	  
103.55 	 1.9999 	  1.9495 	  
103.65 	 1.9999 	  1.942 	  
103.75 	 1.9999 	  1.9347 	  
103.85 	 1.9999 	  1.9274 	  
103.95 	 1.9999 	  1.9202 	  
104.05 	 1.9999 	  1.9132 	  
104.15 	 1.9999 	  1.9063 	  
104.25 	 1.9999 	  1.8995 	  
104.35 	 1.9999 	  1.8929 	  
104.45 	 1.9999 	  1.8864 	  
104.55 	 1.9999 	  1.8802 	  
104.65 	 1.9999 	  1.874 	  
104.75 	 1.9999 	  1.8681 	  
104.85 	 1.9999 	  1.8624 	  
104.95 	 1.9999 	  1.8569 	  
105.05 	 1.9999 	  1.8516 	  
105.15 	 1.9999 	  1.8465 	  
105.25 	 1.9999 	  1.8417 	  
105.35 	 1.9999 	  1.837 	  
105.45 	 1.9999 	  1.8327 	  
105.55 	 1.9999 	  1.8286 	  
105.65 	 1.9999 	  1.8247 	  
105.75 	 1.9999 	  1.8211 	  
105.85 	 1.9999 	  1.8178 	  
105.95 	 1.9999 	  1.8147 	  
106.05 	 1.9999 	  1.8119 	  
106.15 	 1.9999 	  1.8095 	  
106.25 	 1.9999 	  1.8072 	  
106.35 	 1.9999 	  1.8053 	  
106.45 	 1.9999 	  1.8037 	  
106.55 	 1.9999 	  1.8024 	  
106.65 	 1.9999 	  1.8013 	  
106.75 	 1.9999 	  1.8006 	  
106.85 	 1.9999 	  1.8001 	  
106.95 	 1.9999 	  1.8 	  
107.05 	 1.9999 	  1.8002 	  
107.15 	 1.9999 	  1.8006 	  
107.25 	 1.9999 	  1.8014 	  
107.35 	 1.9999 	  1.8024 	  
107.45 	 1.9999 	  1.8038 	  
107.55 	 1.9999 	  1.8054 	  
107.65 	 1.9999 	  1.8074 	  
107.75 	 1.9999 	  1.8096 	  
107.85 	 1.9999 	  1.8121 	  
107.95 	 1.9999 	  1.8149 	  
108.05 	 1.9999 	  1.818 	  
108.15 	 1.9999 	  1.8213 	  
108.25 	 2 	  1.8249 	  
108.35 	 2 	  1.8288 	  
108.45 	 2 	  1.8329 	  
108.55 	 2 	  1.8373 	  
108.65 	 2 	  1.8419 	  
108.75 	 2 	  1.8468 	  
108.85 	 2 	  1.8519 	  
108.95 	 2 	  1.8572 	  
