simtime:  3.4647
number of wsf-lines:  1

line_No     y_coord
1	 1.5
2	  Wave Theory 


X 1	 P 1 	 	 	 	 W 1

0.05 	 2.1555 	  2.1516 	  
0.15 	 2.1601 	  2.1565 	  
0.25 	 2.1645 	  2.1612 	  
0.35 	 2.1687 	  2.1657 	  
0.45 	 2.1726 	  2.1699 	  
0.55 	 2.1763 	  2.1739 	  
0.65 	 2.1797 	  2.1776 	  
0.75 	 2.1829 	  2.181 	  
0.85 	 2.1858 	  2.1842 	  
0.95 	 2.1884 	  2.187 	  
1.05 	 2.1908 	  2.1896 	  
1.15 	 2.1929 	  2.192 	  
1.25 	 2.1947 	  2.194 	  
1.35 	 2.1962 	  2.1957 	  
1.45 	 2.1974 	  2.1972 	  
1.55 	 2.1984 	  2.1983 	  
1.65 	 2.1991 	  2.1992 	  
1.75 	 2.1994 	  2.1997 	  
1.85 	 2.1995 	  2.2 	  
1.95 	 2.1993 	  2.1999 	  
2.05 	 2.1988 	  2.1996 	  
2.15 	 2.198 	  2.1989 	  
2.25 	 2.1969 	  2.198 	  
2.35 	 2.1955 	  2.1968 	  
2.45 	 2.1939 	  2.1952 	  
2.55 	 2.1919 	  2.1934 	  
2.65 	 2.1897 	  2.1913 	  
2.75 	 2.1872 	  2.1889 	  
2.85 	 2.1844 	  2.1862 	  
2.95 	 2.1813 	  2.1832 	  
3.05 	 2.178 	  2.18 	  
3.15 	 2.1744 	  2.1765 	  
3.25 	 2.1706 	  2.1727 	  
3.35 	 2.1664 	  2.1687 	  
3.45 	 2.1621 	  2.1644 	  
3.55 	 2.1575 	  2.1598 	  
3.65 	 2.1526 	  2.1551 	  
3.75 	 2.1475 	  2.1501 	  
3.85 	 2.1422 	  2.1448 	  
3.95 	 2.1367 	  2.1394 	  
4.05 	 2.131 	  2.1337 	  
4.15 	 2.1251 	  2.1279 	  
4.25 	 2.119 	  2.1218 	  
4.35 	 2.1127 	  2.1156 	  
4.45 	 2.1062 	  2.1092 	  
4.55 	 2.0995 	  2.1026 	  
4.65 	 2.0927 	  2.0959 	  
4.75 	 2.0858 	  2.089 	  
4.85 	 2.0787 	  2.082 	  
4.95 	 2.0715 	  2.0749 	  
5.05 	 2.0642 	  2.0677 	  
5.15 	 2.0567 	  2.0603 	  
5.25 	 2.0492 	  2.0529 	  
5.35 	 2.0416 	  2.0454 	  
5.45 	 2.0339 	  2.0378 	  
5.55 	 2.0262 	  2.0302 	  
5.65 	 2.0184 	  2.0225 	  
5.75 	 2.0105 	  2.0148 	  
5.85 	 2.0027 	  2.0071 	  
5.95 	 1.9948 	  1.9993 	  
6.05 	 1.9869 	  1.9916 	  
6.15 	 1.979 	  1.9839 	  
6.25 	 1.9712 	  1.9762 	  
6.35 	 1.9634 	  1.9685 	  
6.45 	 1.9556 	  1.9609 	  
6.55 	 1.9479 	  1.9533 	  
6.65 	 1.9403 	  1.9458 	  
6.75 	 1.9327 	  1.9384 	  
6.85 	 1.9253 	  1.9311 	  
6.95 	 1.918 	  1.9239 	  
7.05 	 1.9108 	  1.9168 	  
7.15 	 1.9037 	  1.9098 	  
7.25 	 1.8968 	  1.9029 	  
7.35 	 1.89 	  1.8962 	  
7.45 	 1.8834 	  1.8897 	  
7.55 	 1.877 	  1.8833 	  
7.65 	 1.8708 	  1.8771 	  
7.75 	 1.8648 	  1.8711 	  
7.85 	 1.8591 	  1.8653 	  
7.95 	 1.8535 	  1.8597 	  
8.05 	 1.8482 	  1.8542 	  
8.15 	 1.8432 	  1.8491 	  
8.25 	 1.8384 	  1.8441 	  
8.35 	 1.8339 	  1.8394 	  
8.45 	 1.8297 	  1.8349 	  
8.55 	 1.8257 	  1.8306 	  
8.65 	 1.8221 	  1.8266 	  
8.75 	 1.8187 	  1.8229 	  
8.85 	 1.8157 	  1.8194 	  
8.95 	 1.8129 	  1.8162 	  
9.05 	 1.8104 	  1.8133 	  
9.15 	 1.8083 	  1.8107 	  
9.25 	 1.8065 	  1.8083 	  
9.35 	 1.8049 	  1.8063 	  
9.45 	 1.8037 	  1.8045 	  
9.55 	 1.8029 	  1.803 	  
9.65 	 1.8023 	  1.8018 	  
9.75 	 1.8021 	  1.8009 	  
9.85 	 1.8021 	  1.8003 	  
9.95 	 1.8025 	  1.8 	  
10.05 	 1.8032 	  1.8 	  
10.15 	 1.8042 	  1.8003 	  
10.25 	 1.8055 	  1.801 	  
10.35 	 1.8071 	  1.8019 	  
10.45 	 1.8089 	  1.8031 	  
10.55 	 1.8111 	  1.8046 	  
10.65 	 1.8136 	  1.8063 	  
10.75 	 1.8163 	  1.8084 	  
10.85 	 1.8193 	  1.8108 	  
10.95 	 1.8225 	  1.8134 	  
11.05 	 1.826 	  1.8164 	  
11.15 	 1.8297 	  1.8196 	  
11.25 	 1.8337 	  1.8231 	  
11.35 	 1.8379 	  1.8268 	  
11.45 	 1.8424 	  1.8308 	  
11.55 	 1.847 	  1.8351 	  
11.65 	 1.8518 	  1.8396 	  
11.75 	 1.8568 	  1.8443 	  
11.85 	 1.862 	  1.8493 	  
11.95 	 1.8674 	  1.8545 	  
12.05 	 1.8729 	  1.8599 	  
12.15 	 1.8786 	  1.8655 	  
12.25 	 1.8844 	  1.8714 	  
12.35 	 1.8903 	  1.8774 	  
12.45 	 1.8964 	  1.8836 	  
12.55 	 1.9026 	  1.89 	  
12.65 	 1.9088 	  1.8965 	  
12.75 	 1.9151 	  1.9032 	  
12.85 	 1.9215 	  1.9101 	  
12.95 	 1.928 	  1.9171 	  
13.05 	 1.9344 	  1.9242 	  
13.15 	 1.9409 	  1.9314 	  
13.25 	 1.9474 	  1.9387 	  
13.35 	 1.954 	  1.9461 	  
13.45 	 1.9605 	  1.9536 	  
13.55 	 1.967 	  1.9612 	  
13.65 	 1.9735 	  1.9688 	  
13.75 	 1.9799 	  1.9765 	  
13.85 	 1.9864 	  1.9842 	  
13.95 	 1.9928 	  1.9919 	  
14.05 	 1.9991 	  1.9997 	  
14.15 	 2.0054 	  2.0074 	  
14.25 	 2.0116 	  2.0151 	  
14.35 	 2.0177 	  2.0229 	  
14.45 	 2.0238 	  2.0305 	  
14.55 	 2.0298 	  2.0382 	  
14.65 	 2.0357 	  2.0457 	  
14.75 	 2.0415 	  2.0532 	  
14.85 	 2.0471 	  2.0607 	  
14.95 	 2.0526 	  2.068 	  
15.05 	 2.0579 	  2.0752 	  
15.15 	 2.0631 	  2.0823 	  
15.25 	 2.0683 	  2.0893 	  
15.35 	 2.0735 	  2.0962 	  
15.45 	 2.0786 	  2.1029 	  
15.55 	 2.0838 	  2.1095 	  
15.65 	 2.089 	  2.1159 	  
15.75 	 2.0943 	  2.1221 	  
15.85 	 2.0997 	  2.1281 	  
15.95 	 2.1055 	  2.134 	  
16.05 	 2.1115 	  2.1396 	  
16.15 	 2.1178 	  2.1451 	  
16.25 	 2.1245 	  2.1503 	  
16.35 	 2.1316 	  2.1553 	  
16.45 	 2.139 	  2.1601 	  
16.55 	 2.1467 	  2.1646 	  
16.65 	 2.1547 	  2.1689 	  
16.75 	 2.163 	  2.1729 	  
16.85 	 2.1715 	  2.1766 	  
16.95 	 2.1802 	  2.1801 	  
17.05 	 2.1888 	  2.1834 	  
17.15 	 2.1974 	  2.1863 	  
17.25 	 2.2058 	  2.189 	  
17.35 	 2.2137 	  2.1914 	  
17.45 	 2.221 	  2.1935 	  
17.55 	 2.2275 	  2.1953 	  
17.65 	 2.2332 	  2.1968 	  
17.75 	 2.2379 	  2.1981 	  
17.85 	 2.2414 	  2.199 	  
17.95 	 2.2438 	  2.1996 	  
18.05 	 2.245 	  2.1999 	  
18.15 	 2.245 	  2.2 	  
18.25 	 2.2439 	  2.1997 	  
18.35 	 2.2416 	  2.1991 	  
18.45 	 2.2382 	  2.1983 	  
18.55 	 2.2338 	  2.1971 	  
18.65 	 2.2286 	  2.1957 	  
18.75 	 2.2225 	  2.1939 	  
18.85 	 2.2157 	  2.1919 	  
18.95 	 2.2084 	  2.1895 	  
19.05 	 2.2005 	  2.1869 	  
19.15 	 2.1922 	  2.184 	  
19.25 	 2.1836 	  2.1808 	  
19.35 	 2.1747 	  2.1774 	  
19.45 	 2.1658 	  2.1737 	  
19.55 	 2.1567 	  2.1697 	  
19.65 	 2.1476 	  2.1655 	  
19.75 	 2.1387 	  2.161 	  
19.85 	 2.1297 	  2.1563 	  
19.95 	 2.1209 	  2.1514 	  
20.05 	 2.1123 	  2.1462 	  
20.15 	 2.1039 	  2.1408 	  
20.25 	 2.0956 	  2.1352 	  
20.35 	 2.0876 	  2.1294 	  
20.45 	 2.0799 	  2.1234 	  
20.55 	 2.0724 	  2.1172 	  
20.65 	 2.0652 	  2.1108 	  
20.75 	 2.0583 	  2.1043 	  
20.85 	 2.0517 	  2.0976 	  
20.95 	 2.0454 	  2.0908 	  
21.05 	 2.0394 	  2.0838 	  
21.15 	 2.0337 	  2.0767 	  
21.25 	 2.0282 	  2.0695 	  
21.35 	 2.0231 	  2.0622 	  
21.45 	 2.0182 	  2.0548 	  
21.55 	 2.0136 	  2.0473 	  
21.65 	 2.0093 	  2.0398 	  
21.75 	 2.0052 	  2.0322 	  
21.85 	 2.0013 	  2.0245 	  
21.95 	 1.9978 	  2.0168 	  
22.05 	 1.9944 	  2.0091 	  
22.15 	 1.9913 	  2.0013 	  
22.25 	 1.9884 	  1.9936 	  
22.35 	 1.9857 	  1.9858 	  
22.45 	 1.9832 	  1.9781 	  
22.55 	 1.9809 	  1.9705 	  
22.65 	 1.9789 	  1.9628 	  
22.75 	 1.9769 	  1.9552 	  
22.85 	 1.9752 	  1.9477 	  
22.95 	 1.9736 	  1.9403 	  
23.05 	 1.9722 	  1.9329 	  
23.15 	 1.9709 	  1.9257 	  
23.25 	 1.9698 	  1.9186 	  
23.35 	 1.9688 	  1.9116 	  
23.45 	 1.9679 	  1.9047 	  
23.55 	 1.9671 	  1.8979 	  
23.65 	 1.9665 	  1.8914 	  
23.75 	 1.9659 	  1.8849 	  
23.85 	 1.9655 	  1.8787 	  
23.95 	 1.9651 	  1.8726 	  
24.05 	 1.9649 	  1.8668 	  
24.15 	 1.9647 	  1.8611 	  
24.25 	 1.9646 	  1.8556 	  
24.35 	 1.9646 	  1.8504 	  
24.45 	 1.9646 	  1.8453 	  
24.55 	 1.9647 	  1.8405 	  
24.65 	 1.9649 	  1.836 	  
24.75 	 1.9651 	  1.8317 	  
24.85 	 1.9653 	  1.8276 	  
24.95 	 1.9656 	  1.8238 	  
25.05 	 1.966 	  1.8203 	  
25.15 	 1.9663 	  1.817 	  
25.25 	 1.9668 	  1.814 	  
25.35 	 1.9672 	  1.8113 	  
25.45 	 1.9677 	  1.8089 	  
25.55 	 1.9682 	  1.8068 	  
25.65 	 1.9687 	  1.8049 	  
25.75 	 1.9692 	  1.8034 	  
25.85 	 1.9698 	  1.8021 	  
25.95 	 1.9703 	  1.8011 	  
26.05 	 1.9709 	  1.8005 	  
26.15 	 1.9715 	  1.8001 	  
26.25 	 1.9721 	  1.8 	  
26.35 	 1.9727 	  1.8002 	  
26.45 	 1.9733 	  1.8008 	  
26.55 	 1.9739 	  1.8016 	  
26.65 	 1.9746 	  1.8027 	  
26.75 	 1.9752 	  1.8041 	  
26.85 	 1.9758 	  1.8059 	  
26.95 	 1.9764 	  1.8079 	  
27.05 	 1.977 	  1.8102 	  
27.15 	 1.9776 	  1.8127 	  
27.25 	 1.9782 	  1.8156 	  
27.35 	 1.9788 	  1.8187 	  
27.45 	 1.9794 	  1.8221 	  
27.55 	 1.98 	  1.8258 	  
27.65 	 1.9806 	  1.8297 	  
27.75 	 1.9812 	  1.8339 	  
27.85 	 1.9817 	  1.8384 	  
27.95 	 1.9823 	  1.8431 	  
28.05 	 1.9828 	  1.848 	  
28.15 	 1.9834 	  1.8531 	  
28.25 	 1.9839 	  1.8585 	  
28.35 	 1.9844 	  1.8641 	  
28.45 	 1.9849 	  1.8698 	  
28.55 	 1.9854 	  1.8758 	  
28.65 	 1.9859 	  1.882 	  
28.75 	 1.9864 	  1.8883 	  
28.85 	 1.9868 	  1.8948 	  
28.95 	 1.9873 	  1.9015 	  
29.05 	 1.9877 	  1.9083 	  
29.15 	 1.9881 	  1.9153 	  
29.25 	 1.9885 	  1.9223 	  
29.35 	 1.9889 	  1.9295 	  
29.45 	 1.9893 	  1.9368 	  
29.55 	 1.9897 	  1.9442 	  
29.65 	 1.9901 	  1.9517 	  
29.75 	 1.9905 	  1.9592 	  
29.85 	 1.9908 	  1.9669 	  
29.95 	 1.9912 	  1.9745 	  
30.05 	 1.9915 	  1.9822 	  
30.15 	 1.9918 	  1.9899 	  
30.25 	 1.9921 	  1.9977 	  
30.35 	 1.9924 	  2.0054 	  
30.45 	 1.9927 	  2.0132 	  
30.55 	 1.993 	  2.0209 	  
30.65 	 1.9933 	  2.0286 	  
30.75 	 1.9935 	  2.0362 	  
30.85 	 1.9938 	  2.0438 	  
30.95 	 1.994 	  2.0513 	  
31.05 	 1.9943 	  2.0588 	  
31.15 	 1.9945 	  2.0661 	  
31.25 	 1.9947 	  2.0734 	  
31.35 	 1.9949 	  2.0805 	  
31.45 	 1.9951 	  2.0876 	  
31.55 	 1.9953 	  2.0944 	  
31.65 	 1.9955 	  2.1012 	  
31.75 	 1.9957 	  2.1078 	  
31.85 	 1.9959 	  2.1142 	  
31.95 	 1.9961 	  2.1205 	  
32.05 	 1.9962 	  2.1266 	  
32.15 	 1.9964 	  2.1325 	  
32.25 	 1.9965 	  2.1382 	  
32.35 	 1.9967 	  2.1437 	  
32.45 	 1.9968 	  2.149 	  
32.55 	 1.997 	  2.154 	  
32.65 	 1.9971 	  2.1589 	  
32.75 	 1.9972 	  2.1634 	  
32.85 	 1.9973 	  2.1678 	  
32.95 	 1.9975 	  2.1719 	  
33.05 	 1.9976 	  2.1757 	  
33.15 	 1.9977 	  2.1793 	  
33.25 	 1.9978 	  2.1826 	  
33.35 	 1.9979 	  2.1856 	  
33.45 	 1.998 	  2.1883 	  
33.55 	 1.9981 	  2.1908 	  
33.65 	 1.9982 	  2.193 	  
33.75 	 1.9982 	  2.1949 	  
33.85 	 1.9983 	  2.1965 	  
33.95 	 1.9984 	  2.1978 	  
34.05 	 1.9985 	  2.1988 	  
34.15 	 1.9985 	  2.1995 	  
34.25 	 1.9986 	  2.1999 	  
34.35 	 1.9987 	  2.2 	  
34.45 	 1.9987 	  2.1998 	  
34.55 	 1.9988 	  2.1993 	  
34.65 	 1.9988 	  2.1985 	  
34.75 	 1.9989 	  2.1974 	  
34.85 	 1.999 	  2.1961 	  
34.95 	 1.999 	  2.1944 	  
35.05 	 1.999 	  2.1924 	  
35.15 	 1.9991 	  2.1902 	  
35.25 	 1.9991 	  2.1876 	  
35.35 	 1.9992 	  2.1848 	  
35.45 	 1.9992 	  2.1817 	  
35.55 	 1.9993 	  2.1783 	  
35.65 	 1.9993 	  2.1747 	  
35.75 	 1.9993 	  2.1708 	  
35.85 	 1.9994 	  2.1666 	  
35.95 	 1.9994 	  2.1622 	  
36.05 	 1.9994 	  2.1576 	  
36.15 	 1.9994 	  2.1527 	  
36.25 	 1.9995 	  2.1476 	  
36.35 	 1.9995 	  2.1422 	  
36.45 	 1.9995 	  2.1367 	  
36.55 	 1.9996 	  2.1309 	  
36.65 	 1.9996 	  2.125 	  
36.75 	 1.9996 	  2.1188 	  
36.85 	 1.9996 	  2.1125 	  
36.95 	 1.9996 	  2.106 	  
37.05 	 1.9997 	  2.0994 	  
37.15 	 1.9997 	  2.0926 	  
37.25 	 1.9997 	  2.0856 	  
37.35 	 1.9997 	  2.0786 	  
37.45 	 1.9997 	  2.0714 	  
37.55 	 1.9997 	  2.0641 	  
37.65 	 1.9997 	  2.0567 	  
37.75 	 1.9998 	  2.0493 	  
37.85 	 1.9998 	  2.0417 	  
37.95 	 1.9998 	  2.0341 	  
38.05 	 1.9998 	  2.0265 	  
38.15 	 1.9998 	  2.0188 	  
38.25 	 1.9998 	  2.0111 	  
38.35 	 1.9998 	  2.0033 	  
38.45 	 1.9998 	  1.9956 	  
38.55 	 1.9998 	  1.9878 	  
38.65 	 1.9999 	  1.9801 	  
38.75 	 1.9999 	  1.9724 	  
38.85 	 1.9999 	  1.9648 	  
38.95 	 1.9999 	  1.9572 	  
39.05 	 1.9999 	  1.9496 	  
39.15 	 1.9999 	  1.9422 	  
39.25 	 1.9999 	  1.9348 	  
39.35 	 1.9999 	  1.9276 	  
39.45 	 1.9999 	  1.9204 	  
39.55 	 1.9999 	  1.9133 	  
39.65 	 1.9999 	  1.9064 	  
39.75 	 1.9999 	  1.8997 	  
39.85 	 1.9999 	  1.893 	  
39.95 	 1.9999 	  1.8866 	  
40.05 	 1.9999 	  1.8803 	  
40.15 	 1.9999 	  1.8742 	  
40.25 	 1.9999 	  1.8682 	  
40.35 	 1.9999 	  1.8625 	  
40.45 	 2 	  1.857 	  
40.55 	 2 	  1.8517 	  
40.65 	 2 	  1.8466 	  
40.75 	 2 	  1.8418 	  
40.85 	 2 	  1.8371 	  
40.95 	 2 	  1.8328 	  
41.05 	 2 	  1.8286 	  
41.15 	 2 	  1.8248 	  
41.25 	 2 	  1.8212 	  
41.35 	 2 	  1.8178 	  
41.45 	 2 	  1.8148 	  
41.55 	 2 	  1.812 	  
41.65 	 2 	  1.8095 	  
41.75 	 2 	  1.8073 	  
41.85 	 2 	  1.8054 	  
41.95 	 2 	  1.8037 	  
42.05 	 2 	  1.8024 	  
42.15 	 2 	  1.8013 	  
42.25 	 2 	  1.8006 	  
42.35 	 2 	  1.8001 	  
42.45 	 2 	  1.8 	  
42.55 	 2 	  1.8002 	  
42.65 	 2 	  1.8006 	  
42.75 	 2 	  1.8014 	  
42.85 	 2 	  1.8024 	  
42.95 	 2 	  1.8037 	  
43.05 	 2 	  1.8054 	  
43.15 	 2 	  1.8073 	  
43.25 	 2 	  1.8095 	  
43.35 	 2 	  1.812 	  
43.45 	 2 	  1.8148 	  
43.55 	 2 	  1.8179 	  
43.65 	 2 	  1.8212 	  
43.75 	 2 	  1.8248 	  
43.85 	 2 	  1.8287 	  
43.95 	 2 	  1.8328 	  
44.05 	 2 	  1.8372 	  
44.15 	 2 	  1.8418 	  
44.25 	 2 	  1.8467 	  
44.35 	 2 	  1.8518 	  
44.45 	 2 	  1.8571 	  
44.55 	 2 	  1.8626 	  
44.65 	 2 	  1.8683 	  
44.75 	 2 	  1.8743 	  
44.85 	 2 	  1.8804 	  
44.95 	 2 	  1.8867 	  
45.05 	 2 	  1.8931 	  
45.15 	 2 	  1.8998 	  
45.25 	 2 	  1.9065 	  
45.35 	 2 	  1.9135 	  
45.45 	 2 	  1.9205 	  
45.55 	 2 	  1.9277 	  
45.65 	 2 	  1.9349 	  
45.75 	 2 	  1.9423 	  
45.85 	 2 	  1.9498 	  
45.95 	 2 	  1.9573 	  
46.05 	 2 	  1.9649 	  
46.15 	 2 	  1.9725 	  
46.25 	 2 	  1.9802 	  
46.35 	 2 	  1.988 	  
46.45 	 2 	  1.9957 	  
46.55 	 2 	  2.0034 	  
46.65 	 2 	  2.0112 	  
46.75 	 2 	  2.0189 	  
46.85 	 2 	  2.0266 	  
46.95 	 2 	  2.0342 	  
47.05 	 2 	  2.0418 	  
47.15 	 2 	  2.0494 	  
47.25 	 2 	  2.0569 	  
47.35 	 2 	  2.0642 	  
47.45 	 2 	  2.0715 	  
47.55 	 2 	  2.0787 	  
47.65 	 2 	  2.0858 	  
47.75 	 2 	  2.0927 	  
47.85 	 2 	  2.0995 	  
47.95 	 2 	  2.1061 	  
48.05 	 2 	  2.1126 	  
48.15 	 2 	  2.1189 	  
48.25 	 2 	  2.1251 	  
48.35 	 2 	  2.131 	  
48.45 	 2 	  2.1368 	  
48.55 	 2 	  2.1423 	  
48.65 	 2 	  2.1476 	  
48.75 	 2 	  2.1528 	  
48.85 	 2 	  2.1576 	  
48.95 	 2 	  2.1623 	  
49.05 	 2 	  2.1667 	  
49.15 	 2 	  2.1708 	  
49.25 	 2 	  2.1747 	  
49.35 	 2 	  2.1784 	  
49.45 	 2 	  2.1817 	  
49.55 	 2 	  2.1848 	  
49.65 	 2 	  2.1877 	  
49.75 	 2 	  2.1902 	  
49.85 	 2 	  2.1924 	  
49.95 	 2 	  2.1944 	  
50.05 	 2 	  2.1961 	  
50.15 	 2 	  2.1975 	  
50.25 	 2 	  2.1985 	  
50.35 	 2 	  2.1993 	  
50.45 	 2 	  2.1998 	  
50.55 	 2 	  2.2 	  
50.65 	 2 	  2.1999 	  
50.75 	 2 	  2.1995 	  
50.85 	 2 	  2.1988 	  
50.95 	 2 	  2.1977 	  
51.05 	 2 	  2.1964 	  
51.15 	 2 	  2.1948 	  
51.25 	 2 	  2.1929 	  
51.35 	 2 	  2.1908 	  
51.45 	 2 	  2.1883 	  
51.55 	 2 	  2.1855 	  
51.65 	 2 	  2.1825 	  
51.75 	 2 	  2.1792 	  
51.85 	 2 	  2.1756 	  
51.95 	 2 	  2.1718 	  
52.05 	 2 	  2.1677 	  
52.15 	 2 	  2.1634 	  
52.25 	 2 	  2.1588 	  
52.35 	 2 	  2.1539 	  
52.45 	 2 	  2.1489 	  
52.55 	 2 	  2.1436 	  
52.65 	 2 	  2.1381 	  
52.75 	 2 	  2.1324 	  
52.85 	 2 	  2.1265 	  
52.95 	 2 	  2.1204 	  
53.05 	 2 	  2.1141 	  
53.15 	 2 	  2.1077 	  
53.25 	 2 	  2.1011 	  
53.35 	 2 	  2.0943 	  
53.45 	 2 	  2.0874 	  
53.55 	 2 	  2.0804 	  
53.65 	 2 	  2.0733 	  
53.75 	 2 	  2.066 	  
53.85 	 2 	  2.0586 	  
53.95 	 2 	  2.0512 	  
54.05 	 2 	  2.0437 	  
54.15 	 2 	  2.0361 	  
54.25 	 2 	  2.0284 	  
54.35 	 2 	  2.0208 	  
54.45 	 2 	  2.013 	  
54.55 	 2 	  2.0053 	  
54.65 	 2 	  1.9976 	  
54.75 	 2 	  1.9898 	  
54.85 	 2 	  1.9821 	  
54.95 	 2 	  1.9744 	  
55.05 	 2 	  1.9667 	  
55.15 	 2 	  1.9591 	  
55.25 	 2 	  1.9516 	  
55.35 	 2 	  1.9441 	  
55.45 	 2 	  1.9367 	  
55.55 	 2 	  1.9294 	  
55.65 	 2 	  1.9222 	  
55.75 	 2 	  1.9151 	  
55.85 	 2 	  1.9082 	  
55.95 	 2 	  1.9014 	  
56.05 	 2 	  1.8947 	  
56.15 	 2 	  1.8882 	  
56.25 	 2 	  1.8819 	  
56.35 	 2 	  1.8757 	  
56.45 	 2 	  1.8697 	  
56.55 	 2 	  1.864 	  
56.65 	 2 	  1.8584 	  
56.75 	 2 	  1.853 	  
56.85 	 2 	  1.8479 	  
56.95 	 2 	  1.843 	  
57.05 	 2 	  1.8383 	  
57.15 	 2 	  1.8339 	  
57.25 	 2 	  1.8297 	  
57.35 	 2 	  1.8257 	  
57.45 	 2 	  1.8221 	  
57.55 	 2 	  1.8187 	  
57.65 	 2 	  1.8155 	  
57.75 	 2 	  1.8127 	  
57.85 	 2 	  1.8101 	  
57.95 	 2 	  1.8078 	  
58.05 	 2 	  1.8058 	  
58.15 	 2 	  1.8041 	  
58.25 	 2 	  1.8027 	  
58.35 	 2 	  1.8016 	  
58.45 	 2 	  1.8008 	  
58.55 	 2 	  1.8002 	  
58.65 	 2 	  1.8 	  
58.75 	 2 	  1.8001 	  
58.85 	 2 	  1.8005 	  
58.95 	 2 	  1.8011 	  
59.05 	 2 	  1.8021 	  
59.15 	 2 	  1.8034 	  
59.25 	 2 	  1.8049 	  
59.35 	 2 	  1.8068 	  
59.45 	 2 	  1.8089 	  
59.55 	 2 	  1.8114 	  
59.65 	 2 	  1.8141 	  
59.75 	 2 	  1.8171 	  
59.85 	 2 	  1.8204 	  
59.95 	 2 	  1.8239 	  
60.05 	 2 	  1.8277 	  
60.15 	 2 	  1.8318 	  
60.25 	 2 	  1.8361 	  
60.35 	 2 	  1.8406 	  
60.45 	 2 	  1.8454 	  
60.55 	 2 	  1.8504 	  
60.65 	 2 	  1.8557 	  
60.75 	 2 	  1.8612 	  
60.85 	 2 	  1.8668 	  
60.95 	 2 	  1.8727 	  
61.05 	 2 	  1.8788 	  
61.15 	 2 	  1.885 	  
61.25 	 2 	  1.8915 	  
61.35 	 2.0001 	  1.898 	  
61.45 	 2.0001 	  1.9048 	  
61.55 	 2 	  1.9117 	  
61.65 	 2.0001 	  1.9187 	  
61.75 	 2 	  1.9258 	  
61.85 	 2 	  1.9331 	  
61.95 	 1.9999 	  1.9404 	  
62.05 	 2 	  1.9478 	  
62.15 	 1.9999 	  1.9554 	  
62.25 	 1.9999 	  1.9629 	  
62.35 	 2 	  1.9706 	  
62.45 	 2 	  1.9783 	  
62.55 	 1.9999 	  1.986 	  
62.65 	 2 	  1.9937 	  
62.75 	 2 	  2.0014 	  
62.85 	 2 	  2.0092 	  
62.95 	 2 	  2.0169 	  
63.05 	 2 	  2.0246 	  
63.15 	 2 	  2.0323 	  
63.25 	 2 	  2.0399 	  
63.35 	 2 	  2.0475 	  
63.45 	 2 	  2.0549 	  
63.55 	 2 	  2.0623 	  
63.65 	 2 	  2.0697 	  
63.75 	 2 	  2.0769 	  
63.85 	 2 	  2.084 	  
63.95 	 2 	  2.0909 	  
64.05 	 2 	  2.0977 	  
64.15 	 2 	  2.1044 	  
64.25 	 2 	  2.111 	  
64.35 	 2 	  2.1173 	  
64.45 	 2 	  2.1235 	  
64.55 	 2 	  2.1295 	  
64.65 	 2 	  2.1353 	  
64.75 	 2 	  2.1409 	  
64.85 	 2 	  2.1463 	  
64.95 	 2 	  2.1515 	  
65.05 	 2 	  2.1564 	  
65.15 	 2 	  2.1611 	  
65.25 	 2 	  2.1656 	  
65.35 	 2 	  2.1698 	  
65.45 	 2 	  2.1738 	  
65.55 	 2 	  2.1775 	  
65.65 	 2 	  2.1809 	  
65.75 	 2 	  2.1841 	  
65.85 	 2 	  2.187 	  
65.95 	 2 	  2.1896 	  
66.05 	 2 	  2.1919 	  
66.15 	 2 	  2.1939 	  
66.25 	 2 	  2.1957 	  
66.35 	 2 	  2.1971 	  
66.45 	 2 	  2.1983 	  
66.55 	 2 	  2.1992 	  
66.65 	 2 	  2.1997 	  
66.75 	 2 	  2.2 	  
66.85 	 2 	  2.1999 	  
66.95 	 2 	  2.1996 	  
67.05 	 2 	  2.199 	  
67.15 	 2 	  2.198 	  
67.25 	 2 	  2.1968 	  
67.35 	 2 	  2.1953 	  
67.45 	 2 	  2.1935 	  
67.55 	 2 	  2.1914 	  
67.65 	 2 	  2.189 	  
67.75 	 2 	  2.1863 	  
67.85 	 2 	  2.1833 	  
67.95 	 2 	  2.1801 	  
68.05 	 2 	  2.1766 	  
68.15 	 2 	  2.1728 	  
68.25 	 2 	  2.1688 	  
68.35 	 2 	  2.1645 	  
68.45 	 2 	  2.16 	  
68.55 	 2 	  2.1552 	  
68.65 	 2 	  2.1502 	  
68.75 	 2 	  2.145 	  
68.85 	 2 	  2.1395 	  
68.95 	 2 	  2.1339 	  
69.05 	 2 	  2.128 	  
69.15 	 2 	  2.122 	  
69.25 	 2 	  2.1158 	  
69.35 	 2 	  2.1094 	  
69.45 	 2 	  2.1028 	  
69.55 	 2 	  2.0961 	  
69.65 	 2 	  2.0892 	  
69.75 	 2 	  2.0822 	  
69.85 	 2 	  2.0751 	  
69.95 	 2 	  2.0679 	  
70.05 	 2 	  2.0605 	  
70.15 	 2 	  2.0531 	  
70.25 	 2 	  2.0456 	  
70.35 	 2 	  2.038 	  
70.45 	 2 	  2.0304 	  
70.55 	 2 	  2.0227 	  
70.65 	 2 	  2.015 	  
70.75 	 2 	  2.0073 	  
70.85 	 2 	  1.9995 	  
70.95 	 2 	  1.9918 	  
71.05 	 2 	  1.9841 	  
71.15 	 2 	  1.9764 	  
71.25 	 2 	  1.9687 	  
71.35 	 2 	  1.9611 	  
71.45 	 2 	  1.9535 	  
71.55 	 2 	  1.946 	  
71.65 	 2 	  1.9386 	  
71.75 	 2 	  1.9313 	  
71.85 	 2 	  1.9241 	  
71.95 	 2 	  1.917 	  
72.05 	 2 	  1.91 	  
72.15 	 2 	  1.9031 	  
72.25 	 2 	  1.8964 	  
72.35 	 2 	  1.8899 	  
72.45 	 2 	  1.8835 	  
72.55 	 2 	  1.8773 	  
72.65 	 2 	  1.8713 	  
72.75 	 2 	  1.8654 	  
72.85 	 2 	  1.8598 	  
72.95 	 2 	  1.8544 	  
73.05 	 2 	  1.8492 	  
73.15 	 2 	  1.8442 	  
73.25 	 2 	  1.8395 	  
73.35 	 2 	  1.835 	  
73.45 	 2 	  1.8307 	  
73.55 	 2 	  1.8267 	  
73.65 	 2 	  1.823 	  
73.75 	 2 	  1.8195 	  
73.85 	 2 	  1.8163 	  
73.95 	 2 	  1.8134 	  
74.05 	 2 	  1.8108 	  
74.15 	 2 	  1.8084 	  
74.25 	 2 	  1.8063 	  
74.35 	 2 	  1.8045 	  
74.45 	 2 	  1.803 	  
74.55 	 2 	  1.8018 	  
74.65 	 2 	  1.8009 	  
74.75 	 2 	  1.8003 	  
74.85 	 2 	  1.8 	  
74.95 	 2 	  1.8 	  
75.05 	 2 	  1.8003 	  
75.15 	 2 	  1.8009 	  
75.25 	 2 	  1.8018 	  
75.35 	 2 	  1.803 	  
75.45 	 2 	  1.8045 	  
75.55 	 2 	  1.8063 	  
75.65 	 2 	  1.8084 	  
75.75 	 2 	  1.8107 	  
75.85 	 2 	  1.8134 	  
75.95 	 2 	  1.8163 	  
76.05 	 2 	  1.8195 	  
76.15 	 2 	  1.823 	  
76.25 	 2 	  1.8267 	  
76.35 	 2 	  1.8307 	  
76.45 	 2 	  1.8349 	  
76.55 	 2 	  1.8394 	  
76.65 	 2 	  1.8442 	  
76.75 	 2 	  1.8491 	  
76.85 	 2 	  1.8543 	  
76.95 	 2 	  1.8597 	  
77.05 	 2 	  1.8654 	  
77.15 	 2 	  1.8712 	  
77.25 	 2 	  1.8772 	  
77.35 	 2 	  1.8834 	  
77.45 	 2 	  1.8898 	  
77.55 	 2 	  1.8963 	  
77.65 	 2 	  1.903 	  
77.75 	 2 	  1.9099 	  
77.85 	 2 	  1.9169 	  
77.95 	 2 	  1.924 	  
78.05 	 2 	  1.9312 	  
78.15 	 2 	  1.9385 	  
78.25 	 2 	  1.9459 	  
78.35 	 2 	  1.9534 	  
78.45 	 2 	  1.961 	  
78.55 	 2 	  1.9686 	  
78.65 	 2 	  1.9763 	  
78.75 	 2 	  1.984 	  
78.85 	 2 	  1.9917 	  
78.95 	 2 	  1.9995 	  
79.05 	 2 	  2.0072 	  
79.15 	 2 	  2.0149 	  
79.25 	 2 	  2.0226 	  
79.35 	 2 	  2.0303 	  
79.45 	 2 	  2.0379 	  
79.55 	 2 	  2.0455 	  
79.65 	 2 	  2.053 	  
79.75 	 2 	  2.0605 	  
79.85 	 2 	  2.0678 	  
79.95 	 2 	  2.075 	  
80.05 	 2 	  2.0821 	  
80.15 	 2 	  2.0891 	  
80.25 	 2 	  2.096 	  
80.35 	 2 	  2.1027 	  
80.45 	 2 	  2.1093 	  
80.55 	 2 	  2.1157 	  
80.65 	 2 	  2.1219 	  
80.75 	 2 	  2.128 	  
80.85 	 2 	  2.1338 	  
80.95 	 2 	  2.1395 	  
81.05 	 2 	  2.1449 	  
81.15 	 2 	  2.1502 	  
81.25 	 2 	  2.1552 	  
81.35 	 2 	  2.1599 	  
81.45 	 2 	  2.1645 	  
81.55 	 2 	  2.1687 	  
81.65 	 2 	  2.1728 	  
81.75 	 2 	  2.1765 	  
81.85 	 2 	  2.18 	  
81.95 	 2 	  2.1833 	  
82.05 	 2 	  2.1862 	  
82.15 	 2 	  2.1889 	  
82.25 	 2 	  2.1913 	  
82.35 	 2 	  2.1934 	  
82.45 	 2 	  2.1953 	  
82.55 	 2 	  2.1968 	  
82.65 	 2 	  2.198 	  
82.75 	 2 	  2.199 	  
82.85 	 2 	  2.1996 	  
82.95 	 2 	  2.1999 	  
83.05 	 2 	  2.2 	  
83.15 	 2 	  2.1997 	  
83.25 	 2 	  2.1992 	  
83.35 	 2 	  2.1983 	  
83.45 	 2 	  2.1971 	  
83.55 	 2 	  2.1957 	  
83.65 	 2 	  2.194 	  
83.75 	 2 	  2.1919 	  
83.85 	 2 	  2.1896 	  
83.95 	 2 	  2.187 	  
84.05 	 2 	  2.1841 	  
84.15 	 2 	  2.1809 	  
84.25 	 2 	  2.1775 	  
84.35 	 2 	  2.1738 	  
84.45 	 2 	  2.1698 	  
84.55 	 2 	  2.1656 	  
84.65 	 2 	  2.1612 	  
84.75 	 2 	  2.1565 	  
84.85 	 2 	  2.1515 	  
84.95 	 2 	  2.1464 	  
85.05 	 2 	  2.141 	  
85.15 	 2 	  2.1354 	  
85.25 	 2 	  2.1296 	  
85.35 	 2 	  2.1236 	  
85.45 	 2 	  2.1174 	  
85.55 	 2 	  2.111 	  
85.65 	 2 	  2.1045 	  
85.75 	 2 	  2.0978 	  
85.85 	 2 	  2.091 	  
85.95 	 2 	  2.084 	  
86.05 	 2 	  2.0769 	  
86.15 	 2 	  2.0697 	  
86.25 	 2 	  2.0624 	  
86.35 	 2 	  2.055 	  
86.45 	 2 	  2.0475 	  
86.55 	 2 	  2.04 	  
86.65 	 2 	  2.0324 	  
86.75 	 2 	  2.0247 	  
86.85 	 2 	  2.017 	  
86.95 	 2 	  2.0093 	  
87.05 	 2 	  2.0015 	  
87.15 	 2 	  1.9938 	  
87.25 	 2 	  1.9861 	  
87.35 	 2 	  1.9783 	  
87.45 	 2 	  1.9707 	  
87.55 	 2 	  1.963 	  
87.65 	 2 	  1.9554 	  
87.75 	 2 	  1.9479 	  
87.85 	 2 	  1.9405 	  
87.95 	 2 	  1.9331 	  
88.05 	 2 	  1.9259 	  
88.15 	 2 	  1.9188 	  
88.25 	 2 	  1.9118 	  
88.35 	 2 	  1.9049 	  
88.45 	 2 	  1.8981 	  
88.55 	 2 	  1.8915 	  
88.65 	 2 	  1.8851 	  
88.75 	 2 	  1.8789 	  
88.85 	 2 	  1.8728 	  
88.95 	 2 	  1.8669 	  
89.05 	 2 	  1.8612 	  
89.15 	 2 	  1.8558 	  
89.25 	 2 	  1.8505 	  
89.35 	 2 	  1.8455 	  
89.45 	 2 	  1.8407 	  
89.55 	 2 	  1.8361 	  
89.65 	 2 	  1.8318 	  
89.75 	 2 	  1.8277 	  
89.85 	 2 	  1.8239 	  
89.95 	 2 	  1.8204 	  
90.05 	 2 	  1.8171 	  
90.15 	 2 	  1.8141 	  
90.25 	 2 	  1.8114 	  
90.35 	 2 	  1.809 	  
90.45 	 2 	  1.8068 	  
90.55 	 2 	  1.805 	  
90.65 	 2 	  1.8034 	  
90.75 	 2 	  1.8021 	  
90.85 	 2 	  1.8011 	  
90.95 	 2 	  1.8005 	  
91.05 	 2 	  1.8001 	  
91.15 	 2 	  1.8 	  
91.25 	 2 	  1.8002 	  
91.35 	 2 	  1.8007 	  
91.45 	 2 	  1.8016 	  
91.55 	 2 	  1.8027 	  
91.65 	 2 	  1.8041 	  
91.75 	 2 	  1.8058 	  
91.85 	 2 	  1.8078 	  
91.95 	 2 	  1.8101 	  
92.05 	 2 	  1.8127 	  
92.15 	 2 	  1.8155 	  
92.25 	 2 	  1.8186 	  
92.35 	 2 	  1.822 	  
92.45 	 2 	  1.8257 	  
92.55 	 2 	  1.8296 	  
92.65 	 2 	  1.8338 	  
92.75 	 2 	  1.8382 	  
92.85 	 2 	  1.8429 	  
92.95 	 2 	  1.8478 	  
93.05 	 2 	  1.853 	  
93.15 	 2 	  1.8583 	  
93.25 	 2 	  1.8639 	  
93.35 	 2 	  1.8697 	  
93.45 	 2 	  1.8756 	  
93.55 	 2 	  1.8818 	  
93.65 	 2 	  1.8881 	  
93.75 	 2 	  1.8946 	  
93.85 	 2 	  1.9013 	  
93.95 	 2 	  1.9081 	  
94.05 	 2 	  1.9151 	  
94.15 	 2 	  1.9221 	  
94.25 	 2 	  1.9293 	  
94.35 	 2 	  1.9366 	  
94.45 	 2 	  1.944 	  
94.55 	 2 	  1.9515 	  
94.65 	 2 	  1.959 	  
94.75 	 2 	  1.9666 	  
94.85 	 2 	  1.9743 	  
94.95 	 2 	  1.982 	  
95.05 	 2 	  1.9897 	  
95.15 	 2 	  1.9975 	  
95.25 	 2 	  2.0052 	  
95.35 	 2 	  2.0129 	  
95.45 	 2 	  2.0207 	  
95.55 	 2 	  2.0283 	  
95.65 	 2 	  2.036 	  
95.75 	 2 	  2.0436 	  
95.85 	 2 	  2.0511 	  
95.95 	 2 	  2.0586 	  
96.05 	 2 	  2.0659 	  
96.15 	 2 	  2.0732 	  
96.25 	 2 	  2.0803 	  
96.35 	 2 	  2.0874 	  
96.45 	 2 	  2.0943 	  
96.55 	 2 	  2.101 	  
96.65 	 2 	  2.1076 	  
96.75 	 2 	  2.1141 	  
96.85 	 2 	  2.1203 	  
96.95 	 2 	  2.1264 	  
97.05 	 2 	  2.1323 	  
97.15 	 2 	  2.138 	  
97.25 	 2 	  2.1435 	  
97.35 	 2 	  2.1488 	  
97.45 	 2 	  2.1539 	  
97.55 	 2 	  2.1587 	  
97.65 	 2 	  2.1633 	  
97.75 	 2 	  2.1677 	  
97.85 	 2 	  2.1718 	  
97.95 	 2 	  2.1756 	  
98.05 	 2 	  2.1792 	  
98.15 	 2 	  2.1825 	  
98.25 	 2 	  2.1855 	  
98.35 	 2 	  2.1883 	  
98.45 	 2 	  2.1907 	  
98.55 	 2 	  2.1929 	  
98.65 	 2 	  2.1948 	  
98.75 	 2 	  2.1964 	  
98.85 	 2 	  2.1977 	  
98.95 	 2 	  2.1987 	  
99.05 	 2 	  2.1995 	  
99.15 	 2 	  2.1999 	  
99.25 	 2 	  2.2 	  
99.35 	 2 	  2.1998 	  
99.45 	 2 	  2.1993 	  
99.55 	 2 	  2.1986 	  
99.65 	 2 	  2.1975 	  
99.75 	 2 	  2.1961 	  
99.85 	 2 	  2.1944 	  
99.95 	 2 	  2.1925 	  
100.05 	 2 	  2.1902 	  
100.15 	 2 	  2.1877 	  
100.25 	 2 	  2.1849 	  
100.35 	 2 	  2.1818 	  
100.45 	 2 	  2.1784 	  
100.55 	 2 	  2.1748 	  
100.65 	 2 	  2.1709 	  
100.75 	 2 	  2.1667 	  
100.85 	 2 	  2.1623 	  
100.95 	 2 	  2.1577 	  
101.05 	 1.9999 	  2.1528 	  
101.15 	 1.9999 	  2.1477 	  
101.25 	 1.9999 	  2.1424 	  
101.35 	 1.9999 	  2.1368 	  
101.45 	 1.9999 	  2.1311 	  
101.55 	 1.9999 	  2.1251 	  
101.65 	 1.9999 	  2.119 	  
101.75 	 1.9999 	  2.1127 	  
101.85 	 1.9999 	  2.1062 	  
101.95 	 1.9999 	  2.0996 	  
102.05 	 1.9999 	  2.0928 	  
102.15 	 1.9999 	  2.0858 	  
102.25 	 1.9999 	  2.0788 	  
102.35 	 1.9999 	  2.0716 	  
102.45 	 1.9999 	  2.0643 	  
102.55 	 1.9999 	  2.0569 	  
102.65 	 1.9999 	  2.0495 	  
102.75 	 1.9999 	  2.0419 	  
102.85 	 1.9999 	  2.0343 	  
102.95 	 1.9999 	  2.0267 	  
103.05 	 1.9999 	  2.019 	  
103.15 	 1.9999 	  2.0113 	  
103.25 	 1.9999 	  2.0035 	  
103.35 	 1.9999 	  1.9958 	  
103.45 	 1.9999 	  1.988 	  
103.55 	 1.9999 	  1.9803 	  
103.65 	 1.9999 	  1.9726 	  
103.75 	 1.9999 	  1.965 	  
103.85 	 1.9999 	  1.9574 	  
103.95 	 1.9999 	  1.9499 	  
104.05 	 1.9999 	  1.9424 	  
104.15 	 1.9999 	  1.935 	  
104.25 	 1.9999 	  1.9278 	  
104.35 	 1.9999 	  1.9206 	  
104.45 	 1.9999 	  1.9135 	  
104.55 	 1.9999 	  1.9066 	  
104.65 	 1.9999 	  1.8998 	  
104.75 	 1.9999 	  1.8932 	  
104.85 	 1.9999 	  1.8868 	  
104.95 	 1.9999 	  1.8805 	  
105.05 	 1.9999 	  1.8743 	  
105.15 	 1.9999 	  1.8684 	  
105.25 	 1.9999 	  1.8627 	  
105.35 	 1.9999 	  1.8572 	  
105.45 	 1.9999 	  1.8518 	  
105.55 	 1.9999 	  1.8467 	  
105.65 	 1.9999 	  1.8419 	  
105.75 	 1.9999 	  1.8373 	  
105.85 	 1.9999 	  1.8329 	  
105.95 	 1.9999 	  1.8288 	  
106.05 	 1.9999 	  1.8249 	  
106.15 	 1.9999 	  1.8213 	  
106.25 	 1.9999 	  1.8179 	  
106.35 	 1.9999 	  1.8149 	  
106.45 	 1.9999 	  1.8121 	  
106.55 	 1.9999 	  1.8096 	  
106.65 	 1.9999 	  1.8073 	  
106.75 	 1.9999 	  1.8054 	  
106.85 	 1.9999 	  1.8038 	  
106.95 	 1.9999 	  1.8024 	  
107.05 	 1.9999 	  1.8014 	  
107.15 	 1.9999 	  1.8006 	  
107.25 	 1.9999 	  1.8002 	  
107.35 	 1.9999 	  1.8 	  
107.45 	 1.9999 	  1.8001 	  
107.55 	 1.9999 	  1.8006 	  
107.65 	 1.9999 	  1.8013 	  
107.75 	 1.9999 	  1.8024 	  
107.85 	 1.9999 	  1.8037 	  
107.95 	 1.9999 	  1.8053 	  
108.05 	 1.9999 	  1.8073 	  
108.15 	 1.9999 	  1.8095 	  
108.25 	 1.9999 	  1.812 	  
108.35 	 2 	  1.8147 	  
108.45 	 2 	  1.8178 	  
108.55 	 2 	  1.8211 	  
108.65 	 2 	  1.8247 	  
108.75 	 2 	  1.8286 	  
108.85 	 2 	  1.8327 	  
108.95 	 2 	  1.8371 	  
