simtime:  10.982
number of wsf-lines:  1

line_No     y_coord
1	 1.5
2	  Wave Theory 


X 1	 P 1 	 	 	 	 W 1

0.05 	 2.1994 	  2.1998 	  
0.15 	 2.1987 	  2.1993 	  
0.25 	 2.1977 	  2.1985 	  
0.35 	 2.1964 	  2.1973 	  
0.45 	 2.1948 	  2.1959 	  
0.55 	 2.1929 	  2.1942 	  
0.65 	 2.1907 	  2.1922 	  
0.75 	 2.1882 	  2.19 	  
0.85 	 2.1855 	  2.1874 	  
0.95 	 2.1825 	  2.1846 	  
1.05 	 2.1793 	  2.1814 	  
1.15 	 2.1757 	  2.178 	  
1.25 	 2.1719 	  2.1744 	  
1.35 	 2.1679 	  2.1705 	  
1.45 	 2.1636 	  2.1663 	  
1.55 	 2.1591 	  2.1618 	  
1.65 	 2.1543 	  2.1572 	  
1.75 	 2.1493 	  2.1523 	  
1.85 	 2.1441 	  2.1471 	  
1.95 	 2.1387 	  2.1418 	  
2.05 	 2.133 	  2.1362 	  
2.15 	 2.1272 	  2.1304 	  
2.25 	 2.1212 	  2.1245 	  
2.35 	 2.115 	  2.1183 	  
2.45 	 2.1086 	  2.112 	  
2.55 	 2.102 	  2.1055 	  
2.65 	 2.0953 	  2.0988 	  
2.75 	 2.0885 	  2.092 	  
2.85 	 2.0815 	  2.0851 	  
2.95 	 2.0744 	  2.078 	  
3.05 	 2.0671 	  2.0708 	  
3.15 	 2.0598 	  2.0635 	  
3.25 	 2.0524 	  2.0561 	  
3.35 	 2.0449 	  2.0487 	  
3.45 	 2.0373 	  2.0411 	  
3.55 	 2.0296 	  2.0335 	  
3.65 	 2.022 	  2.0259 	  
3.75 	 2.0142 	  2.0182 	  
3.85 	 2.0065 	  2.0104 	  
3.95 	 1.9987 	  2.0027 	  
4.05 	 1.9909 	  1.995 	  
4.15 	 1.9831 	  1.9872 	  
4.25 	 1.9754 	  1.9795 	  
4.35 	 1.9677 	  1.9718 	  
4.45 	 1.96 	  1.9642 	  
4.55 	 1.9523 	  1.9566 	  
4.65 	 1.9448 	  1.9491 	  
4.75 	 1.9373 	  1.9416 	  
4.85 	 1.9299 	  1.9342 	  
4.95 	 1.9227 	  1.927 	  
5.05 	 1.9155 	  1.9198 	  
5.15 	 1.9085 	  1.9128 	  
5.25 	 1.9015 	  1.9059 	  
5.35 	 1.8948 	  1.8991 	  
5.45 	 1.8882 	  1.8925 	  
5.55 	 1.8817 	  1.8861 	  
5.65 	 1.8755 	  1.8798 	  
5.75 	 1.8694 	  1.8737 	  
5.85 	 1.8635 	  1.8678 	  
5.95 	 1.8579 	  1.8621 	  
6.05 	 1.8524 	  1.8566 	  
6.15 	 1.8472 	  1.8513 	  
6.25 	 1.8423 	  1.8462 	  
6.35 	 1.8375 	  1.8414 	  
6.45 	 1.8331 	  1.8368 	  
6.55 	 1.8289 	  1.8324 	  
6.65 	 1.8249 	  1.8283 	  
6.75 	 1.8213 	  1.8245 	  
6.85 	 1.8179 	  1.8209 	  
6.95 	 1.8148 	  1.8176 	  
7.05 	 1.812 	  1.8146 	  
7.15 	 1.8095 	  1.8118 	  
7.25 	 1.8073 	  1.8093 	  
7.35 	 1.8054 	  1.8071 	  
7.45 	 1.8038 	  1.8052 	  
7.55 	 1.8025 	  1.8036 	  
7.65 	 1.8015 	  1.8023 	  
7.75 	 1.8009 	  1.8013 	  
7.85 	 1.8005 	  1.8005 	  
7.95 	 1.8005 	  1.8001 	  
8.05 	 1.8008 	  1.8 	  
8.15 	 1.8014 	  1.8002 	  
8.25 	 1.8023 	  1.8007 	  
8.35 	 1.8035 	  1.8014 	  
8.45 	 1.805 	  1.8025 	  
8.55 	 1.8068 	  1.8039 	  
8.65 	 1.8089 	  1.8055 	  
8.75 	 1.8113 	  1.8075 	  
8.85 	 1.814 	  1.8097 	  
8.95 	 1.8169 	  1.8123 	  
9.05 	 1.8201 	  1.8151 	  
9.15 	 1.8236 	  1.8182 	  
9.25 	 1.8274 	  1.8215 	  
9.35 	 1.8313 	  1.8251 	  
9.45 	 1.8356 	  1.829 	  
9.55 	 1.84 	  1.8332 	  
9.65 	 1.8447 	  1.8376 	  
9.75 	 1.8496 	  1.8422 	  
9.85 	 1.8547 	  1.8471 	  
9.95 	 1.86 	  1.8522 	  
10.05 	 1.8654 	  1.8575 	  
10.15 	 1.8711 	  1.8631 	  
10.25 	 1.8769 	  1.8688 	  
10.35 	 1.8828 	  1.8747 	  
10.45 	 1.889 	  1.8809 	  
10.55 	 1.8952 	  1.8872 	  
10.65 	 1.9016 	  1.8937 	  
10.75 	 1.9081 	  1.9003 	  
10.85 	 1.9148 	  1.9071 	  
10.95 	 1.9215 	  1.914 	  
11.05 	 1.9283 	  1.9211 	  
11.15 	 1.9351 	  1.9282 	  
11.25 	 1.9421 	  1.9355 	  
11.35 	 1.949 	  1.9429 	  
11.45 	 1.9561 	  1.9504 	  
11.55 	 1.9631 	  1.9579 	  
11.65 	 1.9702 	  1.9655 	  
11.75 	 1.9772 	  1.9732 	  
11.85 	 1.9843 	  1.9808 	  
11.95 	 1.9914 	  1.9886 	  
12.05 	 1.9985 	  1.9963 	  
12.15 	 2.0055 	  2.004 	  
12.25 	 2.0125 	  2.0118 	  
12.35 	 2.0194 	  2.0195 	  
12.45 	 2.0263 	  2.0272 	  
12.55 	 2.033 	  2.0348 	  
12.65 	 2.0397 	  2.0424 	  
12.75 	 2.0463 	  2.05 	  
12.85 	 2.0528 	  2.0574 	  
12.95 	 2.0592 	  2.0648 	  
13.05 	 2.0655 	  2.0721 	  
13.15 	 2.0718 	  2.0793 	  
13.25 	 2.0779 	  2.0863 	  
13.35 	 2.0839 	  2.0932 	  
13.45 	 2.0899 	  2.1 	  
13.55 	 2.0957 	  2.1066 	  
13.65 	 2.1015 	  2.1131 	  
13.75 	 2.1071 	  2.1194 	  
13.85 	 2.1127 	  2.1255 	  
13.95 	 2.1181 	  2.1315 	  
14.05 	 2.1235 	  2.1372 	  
14.15 	 2.1288 	  2.1427 	  
14.25 	 2.1339 	  2.148 	  
14.35 	 2.1389 	  2.1531 	  
14.45 	 2.1437 	  2.158 	  
14.55 	 2.1484 	  2.1626 	  
14.65 	 2.1529 	  2.167 	  
14.75 	 2.1573 	  2.1712 	  
14.85 	 2.1616 	  2.175 	  
14.95 	 2.1658 	  2.1786 	  
15.05 	 2.1699 	  2.182 	  
15.15 	 2.1739 	  2.1851 	  
15.25 	 2.1779 	  2.1879 	  
15.35 	 2.1818 	  2.1904 	  
15.45 	 2.1858 	  2.1926 	  
15.55 	 2.1899 	  2.1946 	  
15.65 	 2.1939 	  2.1962 	  
15.75 	 2.1979 	  2.1976 	  
15.85 	 2.202 	  2.1986 	  
15.95 	 2.206 	  2.1994 	  
16.05 	 2.2099 	  2.1998 	  
16.15 	 2.2139 	  2.2 	  
16.25 	 2.2177 	  2.1999 	  
16.35 	 2.2214 	  2.1994 	  
16.45 	 2.2247 	  2.1987 	  
16.55 	 2.2276 	  2.1977 	  
16.65 	 2.23 	  2.1963 	  
16.75 	 2.2319 	  2.1947 	  
16.85 	 2.233 	  2.1928 	  
16.95 	 2.2335 	  2.1906 	  
17.05 	 2.2331 	  2.1881 	  
17.15 	 2.2319 	  2.1853 	  
17.25 	 2.2298 	  2.1823 	  
17.35 	 2.2266 	  2.1789 	  
17.45 	 2.2223 	  2.1753 	  
17.55 	 2.217 	  2.1715 	  
17.65 	 2.2108 	  2.1674 	  
17.75 	 2.2036 	  2.163 	  
17.85 	 2.1956 	  2.1584 	  
17.95 	 2.1867 	  2.1536 	  
18.05 	 2.1771 	  2.1485 	  
18.15 	 2.1669 	  2.1432 	  
18.25 	 2.1563 	  2.1377 	  
18.35 	 2.1452 	  2.1319 	  
18.45 	 2.1339 	  2.126 	  
18.55 	 2.1224 	  2.1199 	  
18.65 	 2.1107 	  2.1136 	  
18.75 	 2.099 	  2.1072 	  
18.85 	 2.0873 	  2.1006 	  
18.95 	 2.0757 	  2.0938 	  
19.05 	 2.0641 	  2.0869 	  
19.15 	 2.0527 	  2.0798 	  
19.25 	 2.0415 	  2.0727 	  
19.35 	 2.0304 	  2.0654 	  
19.45 	 2.0195 	  2.0581 	  
19.55 	 2.0087 	  2.0506 	  
19.65 	 1.9981 	  2.0431 	  
19.75 	 1.9878 	  2.0355 	  
19.85 	 1.9777 	  2.0278 	  
19.95 	 1.968 	  2.0201 	  
20.05 	 1.9586 	  2.0124 	  
20.15 	 1.9496 	  2.0047 	  
20.25 	 1.941 	  1.9969 	  
20.35 	 1.9329 	  1.9892 	  
20.45 	 1.9253 	  1.9815 	  
20.55 	 1.9181 	  1.9738 	  
20.65 	 1.9114 	  1.9661 	  
20.75 	 1.9052 	  1.9585 	  
20.85 	 1.8995 	  1.951 	  
20.95 	 1.8943 	  1.9435 	  
21.05 	 1.8895 	  1.9361 	  
21.15 	 1.8853 	  1.9288 	  
21.25 	 1.8815 	  1.9217 	  
21.35 	 1.8782 	  1.9146 	  
21.45 	 1.8752 	  1.9077 	  
21.55 	 1.8727 	  1.9009 	  
21.65 	 1.8705 	  1.8942 	  
21.75 	 1.8686 	  1.8877 	  
21.85 	 1.867 	  1.8814 	  
21.95 	 1.8657 	  1.8752 	  
22.05 	 1.8647 	  1.8693 	  
22.15 	 1.8639 	  1.8635 	  
22.25 	 1.8633 	  1.858 	  
22.35 	 1.8629 	  1.8526 	  
22.45 	 1.8627 	  1.8475 	  
22.55 	 1.8627 	  1.8426 	  
22.65 	 1.8629 	  1.8379 	  
22.75 	 1.8632 	  1.8335 	  
22.85 	 1.8636 	  1.8294 	  
22.95 	 1.8642 	  1.8255 	  
23.05 	 1.8649 	  1.8218 	  
23.15 	 1.8657 	  1.8184 	  
23.25 	 1.8665 	  1.8153 	  
23.35 	 1.8674 	  1.8125 	  
23.45 	 1.8684 	  1.8099 	  
23.55 	 1.8693 	  1.8077 	  
23.65 	 1.8703 	  1.8057 	  
23.75 	 1.8711 	  1.804 	  
23.85 	 1.8719 	  1.8026 	  
23.95 	 1.8726 	  1.8015 	  
24.05 	 1.8732 	  1.8007 	  
24.15 	 1.8737 	  1.8002 	  
24.25 	 1.8741 	  1.8 	  
24.35 	 1.8742 	  1.8001 	  
24.45 	 1.8742 	  1.8005 	  
24.55 	 1.8741 	  1.8012 	  
24.65 	 1.8737 	  1.8022 	  
24.75 	 1.8732 	  1.8035 	  
24.85 	 1.8725 	  1.8051 	  
24.95 	 1.8716 	  1.807 	  
25.05 	 1.8705 	  1.8091 	  
25.15 	 1.8693 	  1.8116 	  
25.25 	 1.8679 	  1.8143 	  
25.35 	 1.8665 	  1.8173 	  
25.45 	 1.865 	  1.8206 	  
25.55 	 1.8635 	  1.8242 	  
25.65 	 1.862 	  1.828 	  
25.75 	 1.8606 	  1.8321 	  
25.85 	 1.8593 	  1.8364 	  
25.95 	 1.8582 	  1.841 	  
26.05 	 1.8572 	  1.8458 	  
26.15 	 1.8565 	  1.8509 	  
26.25 	 1.8561 	  1.8561 	  
26.35 	 1.856 	  1.8616 	  
26.45 	 1.8562 	  1.8673 	  
26.55 	 1.8569 	  1.8732 	  
26.65 	 1.8579 	  1.8793 	  
26.75 	 1.8594 	  1.8855 	  
26.85 	 1.8613 	  1.892 	  
26.95 	 1.8637 	  1.8986 	  
27.05 	 1.8667 	  1.9053 	  
27.15 	 1.8701 	  1.9122 	  
27.25 	 1.874 	  1.9192 	  
27.35 	 1.8785 	  1.9264 	  
27.45 	 1.8835 	  1.9336 	  
27.55 	 1.889 	  1.941 	  
27.65 	 1.895 	  1.9484 	  
27.75 	 1.9015 	  1.956 	  
27.85 	 1.9085 	  1.9635 	  
27.95 	 1.9159 	  1.9712 	  
28.05 	 1.9237 	  1.9789 	  
28.15 	 1.9319 	  1.9866 	  
28.25 	 1.9404 	  1.9943 	  
28.35 	 1.9493 	  2.0021 	  
28.45 	 1.9585 	  2.0098 	  
28.55 	 1.968 	  2.0175 	  
28.65 	 1.9777 	  2.0252 	  
28.75 	 1.9875 	  2.0329 	  
28.85 	 1.9975 	  2.0405 	  
28.95 	 2.0075 	  2.0481 	  
29.05 	 2.0176 	  2.0555 	  
29.15 	 2.0277 	  2.0629 	  
29.25 	 2.0376 	  2.0702 	  
29.35 	 2.0475 	  2.0774 	  
29.45 	 2.0573 	  2.0845 	  
29.55 	 2.067 	  2.0915 	  
29.65 	 2.0766 	  2.0983 	  
29.75 	 2.0859 	  2.1049 	  
29.85 	 2.095 	  2.1115 	  
29.95 	 2.1038 	  2.1178 	  
30.05 	 2.1123 	  2.124 	  
30.15 	 2.1205 	  2.13 	  
30.25 	 2.1285 	  2.1357 	  
30.35 	 2.1362 	  2.1413 	  
30.45 	 2.1435 	  2.1467 	  
30.55 	 2.1505 	  2.1519 	  
30.65 	 2.1571 	  2.1568 	  
30.75 	 2.1633 	  2.1615 	  
30.85 	 2.1692 	  2.1659 	  
30.95 	 2.1748 	  2.1701 	  
31.05 	 2.1801 	  2.1741 	  
31.15 	 2.185 	  2.1777 	  
31.25 	 2.1896 	  2.1812 	  
31.35 	 2.1939 	  2.1843 	  
31.45 	 2.1979 	  2.1872 	  
31.55 	 2.2016 	  2.1898 	  
31.65 	 2.2051 	  2.1921 	  
31.75 	 2.2083 	  2.1941 	  
31.85 	 2.2112 	  2.1958 	  
31.95 	 2.2138 	  2.1972 	  
32.05 	 2.2161 	  2.1984 	  
32.15 	 2.2181 	  2.1992 	  
32.25 	 2.2199 	  2.1997 	  
32.35 	 2.2213 	  2.2 	  
32.45 	 2.2224 	  2.1999 	  
32.55 	 2.2232 	  2.1996 	  
32.65 	 2.2235 	  2.1989 	  
32.75 	 2.2235 	  2.1979 	  
32.85 	 2.2231 	  2.1967 	  
32.95 	 2.2222 	  2.1951 	  
33.05 	 2.2209 	  2.1933 	  
33.15 	 2.219 	  2.1912 	  
33.25 	 2.2166 	  2.1888 	  
33.35 	 2.2137 	  2.1861 	  
33.45 	 2.2103 	  2.1831 	  
33.55 	 2.2062 	  2.1798 	  
33.65 	 2.2017 	  2.1763 	  
33.75 	 2.1967 	  2.1725 	  
33.85 	 2.1912 	  2.1685 	  
33.95 	 2.1852 	  2.1642 	  
34.05 	 2.1787 	  2.1596 	  
34.15 	 2.1718 	  2.1548 	  
34.25 	 2.1645 	  2.1498 	  
34.35 	 2.1568 	  2.1446 	  
34.45 	 2.1488 	  2.1391 	  
34.55 	 2.1405 	  2.1334 	  
34.65 	 2.1319 	  2.1276 	  
34.75 	 2.1231 	  2.1215 	  
34.85 	 2.1141 	  2.1153 	  
34.95 	 2.1049 	  2.1089 	  
35.05 	 2.0956 	  2.1023 	  
35.15 	 2.0863 	  2.0956 	  
35.25 	 2.0768 	  2.0887 	  
35.35 	 2.0673 	  2.0817 	  
35.45 	 2.0579 	  2.0745 	  
35.55 	 2.0484 	  2.0673 	  
35.65 	 2.039 	  2.06 	  
35.75 	 2.0297 	  2.0525 	  
35.85 	 2.0205 	  2.045 	  
35.95 	 2.0114 	  2.0374 	  
36.05 	 2.0025 	  2.0298 	  
36.15 	 1.9937 	  2.0221 	  
36.25 	 1.9851 	  2.0144 	  
36.35 	 1.9767 	  2.0067 	  
36.45 	 1.9686 	  1.9989 	  
36.55 	 1.9606 	  1.9912 	  
36.65 	 1.9529 	  1.9835 	  
36.75 	 1.9455 	  1.9758 	  
36.85 	 1.9383 	  1.9681 	  
36.95 	 1.9313 	  1.9605 	  
37.05 	 1.9247 	  1.9529 	  
37.15 	 1.9183 	  1.9454 	  
37.25 	 1.9122 	  1.938 	  
37.35 	 1.9063 	  1.9307 	  
37.45 	 1.9007 	  1.9235 	  
37.55 	 1.8953 	  1.9164 	  
37.65 	 1.8903 	  1.9094 	  
37.75 	 1.8855 	  1.9026 	  
37.85 	 1.8809 	  1.8959 	  
37.95 	 1.8767 	  1.8894 	  
38.05 	 1.8726 	  1.883 	  
38.15 	 1.8689 	  1.8768 	  
38.25 	 1.8654 	  1.8708 	  
38.35 	 1.8621 	  1.865 	  
38.45 	 1.8591 	  1.8594 	  
38.55 	 1.8564 	  1.854 	  
38.65 	 1.8539 	  1.8488 	  
38.75 	 1.8516 	  1.8438 	  
38.85 	 1.8496 	  1.8391 	  
38.95 	 1.8478 	  1.8346 	  
39.05 	 1.8462 	  1.8304 	  
39.15 	 1.8448 	  1.8264 	  
39.25 	 1.8437 	  1.8227 	  
39.35 	 1.8428 	  1.8193 	  
39.45 	 1.842 	  1.8161 	  
39.55 	 1.8415 	  1.8132 	  
39.65 	 1.8412 	  1.8106 	  
39.75 	 1.8411 	  1.8082 	  
39.85 	 1.8412 	  1.8062 	  
39.95 	 1.8415 	  1.8044 	  
40.05 	 1.8419 	  1.8029 	  
40.15 	 1.8426 	  1.8018 	  
40.25 	 1.8434 	  1.8009 	  
40.35 	 1.8444 	  1.8003 	  
40.45 	 1.8456 	  1.8 	  
40.55 	 1.8469 	  1.8 	  
40.65 	 1.8484 	  1.8004 	  
40.75 	 1.85 	  1.801 	  
40.85 	 1.8518 	  1.8019 	  
40.95 	 1.8538 	  1.8031 	  
41.05 	 1.8558 	  1.8046 	  
41.15 	 1.8581 	  1.8064 	  
41.25 	 1.8604 	  1.8085 	  
41.35 	 1.8629 	  1.8109 	  
41.45 	 1.8656 	  1.8136 	  
41.55 	 1.8683 	  1.8165 	  
41.65 	 1.8712 	  1.8197 	  
41.75 	 1.8743 	  1.8232 	  
41.85 	 1.8774 	  1.827 	  
41.95 	 1.8807 	  1.831 	  
42.05 	 1.8841 	  1.8353 	  
42.15 	 1.8876 	  1.8398 	  
42.25 	 1.8912 	  1.8445 	  
42.35 	 1.895 	  1.8495 	  
42.45 	 1.8988 	  1.8547 	  
42.55 	 1.9028 	  1.8602 	  
42.65 	 1.9068 	  1.8658 	  
42.75 	 1.911 	  1.8717 	  
42.85 	 1.9153 	  1.8777 	  
42.95 	 1.9197 	  1.8839 	  
43.05 	 1.9241 	  1.8903 	  
43.15 	 1.9287 	  1.8969 	  
43.25 	 1.9333 	  1.9036 	  
43.35 	 1.938 	  1.9104 	  
43.45 	 1.9428 	  1.9174 	  
43.55 	 1.9476 	  1.9245 	  
43.65 	 1.9526 	  1.9318 	  
43.75 	 1.9575 	  1.9391 	  
43.85 	 1.9626 	  1.9465 	  
43.95 	 1.9677 	  1.954 	  
44.05 	 1.9728 	  1.9616 	  
44.15 	 1.978 	  1.9692 	  
44.25 	 1.9832 	  1.9769 	  
44.35 	 1.9885 	  1.9846 	  
44.45 	 1.9937 	  1.9923 	  
44.55 	 1.999 	  2.0001 	  
44.65 	 2.0043 	  2.0078 	  
44.75 	 2.0095 	  2.0155 	  
44.85 	 2.0148 	  2.0232 	  
44.95 	 2.02 	  2.0309 	  
45.05 	 2.0252 	  2.0385 	  
45.15 	 2.0303 	  2.0461 	  
45.25 	 2.0355 	  2.0536 	  
45.35 	 2.0405 	  2.061 	  
45.45 	 2.0456 	  2.0684 	  
45.55 	 2.0506 	  2.0756 	  
45.65 	 2.0555 	  2.0827 	  
45.75 	 2.0603 	  2.0897 	  
45.85 	 2.0651 	  2.0965 	  
45.95 	 2.0697 	  2.1032 	  
46.05 	 2.0743 	  2.1098 	  
46.15 	 2.0787 	  2.1162 	  
46.25 	 2.083 	  2.1224 	  
46.35 	 2.0872 	  2.1284 	  
46.45 	 2.0913 	  2.1343 	  
46.55 	 2.0952 	  2.1399 	  
46.65 	 2.0989 	  2.1453 	  
46.75 	 2.1026 	  2.1506 	  
46.85 	 2.106 	  2.1555 	  
46.95 	 2.1093 	  2.1603 	  
47.05 	 2.1124 	  2.1648 	  
47.15 	 2.1154 	  2.1691 	  
47.25 	 2.1181 	  2.1731 	  
47.35 	 2.1207 	  2.1768 	  
47.45 	 2.1231 	  2.1803 	  
47.55 	 2.1253 	  2.1835 	  
47.65 	 2.1274 	  2.1865 	  
47.75 	 2.1292 	  2.1891 	  
47.85 	 2.1308 	  2.1915 	  
47.95 	 2.1323 	  2.1936 	  
48.05 	 2.1336 	  2.1954 	  
48.15 	 2.1346 	  2.1969 	  
48.25 	 2.1355 	  2.1981 	  
48.35 	 2.1362 	  2.199 	  
48.45 	 2.1367 	  2.1996 	  
48.55 	 2.1371 	  2.2 	  
48.65 	 2.1372 	  2.2 	  
48.75 	 2.1372 	  2.1997 	  
48.85 	 2.137 	  2.1991 	  
48.95 	 2.1367 	  2.1982 	  
49.05 	 2.1362 	  2.197 	  
49.15 	 2.1355 	  2.1956 	  
49.25 	 2.1347 	  2.1938 	  
49.35 	 2.1338 	  2.1917 	  
49.45 	 2.1327 	  2.1894 	  
49.55 	 2.1315 	  2.1868 	  
49.65 	 2.1302 	  2.1839 	  
49.75 	 2.1287 	  2.1807 	  
49.85 	 2.1271 	  2.1772 	  
49.95 	 2.1255 	  2.1735 	  
50.05 	 2.1237 	  2.1695 	  
50.15 	 2.1218 	  2.1653 	  
50.25 	 2.1199 	  2.1608 	  
50.35 	 2.1179 	  2.1561 	  
50.45 	 2.1158 	  2.1511 	  
50.55 	 2.1136 	  2.1459 	  
50.65 	 2.1114 	  2.1405 	  
50.75 	 2.1091 	  2.1349 	  
50.85 	 2.1068 	  2.1291 	  
50.95 	 2.1044 	  2.1231 	  
51.05 	 2.102 	  2.1169 	  
51.15 	 2.0996 	  2.1105 	  
51.25 	 2.0971 	  2.104 	  
51.35 	 2.0947 	  2.0973 	  
51.45 	 2.0922 	  2.0905 	  
51.55 	 2.0897 	  2.0835 	  
51.65 	 2.0872 	  2.0764 	  
51.75 	 2.0847 	  2.0692 	  
51.85 	 2.0821 	  2.0619 	  
51.95 	 2.0796 	  2.0544 	  
52.05 	 2.0772 	  2.047 	  
52.15 	 2.0747 	  2.0394 	  
52.25 	 2.0722 	  2.0318 	  
52.35 	 2.0698 	  2.0241 	  
52.45 	 2.0674 	  2.0164 	  
52.55 	 2.065 	  2.0087 	  
52.65 	 2.0626 	  2.0009 	  
52.75 	 2.0603 	  1.9932 	  
52.85 	 2.058 	  1.9855 	  
52.95 	 2.0557 	  1.9777 	  
53.05 	 2.0535 	  1.9701 	  
53.15 	 2.0513 	  1.9624 	  
53.25 	 2.0492 	  1.9549 	  
53.35 	 2.0471 	  1.9473 	  
53.45 	 2.045 	  1.9399 	  
53.55 	 2.043 	  1.9326 	  
53.65 	 2.0411 	  1.9253 	  
53.75 	 2.0391 	  1.9182 	  
53.85 	 2.0373 	  1.9112 	  
53.95 	 2.0354 	  1.9043 	  
54.05 	 2.0337 	  1.8976 	  
54.15 	 2.0319 	  1.891 	  
54.25 	 2.0302 	  1.8846 	  
54.35 	 2.0286 	  1.8784 	  
54.45 	 2.027 	  1.8723 	  
54.55 	 2.0254 	  1.8665 	  
54.65 	 2.0239 	  1.8608 	  
54.75 	 2.0225 	  1.8553 	  
54.85 	 2.0211 	  1.8501 	  
54.95 	 2.0197 	  1.8451 	  
55.05 	 2.0184 	  1.8403 	  
55.15 	 2.0171 	  1.8358 	  
55.25 	 2.0158 	  1.8315 	  
55.35 	 2.0147 	  1.8274 	  
55.45 	 2.0135 	  1.8236 	  
55.55 	 2.0124 	  1.8201 	  
55.65 	 2.0113 	  1.8169 	  
55.75 	 2.0103 	  1.8139 	  
55.85 	 2.0093 	  1.8112 	  
55.95 	 2.0083 	  1.8088 	  
56.05 	 2.0074 	  1.8067 	  
56.15 	 2.0066 	  1.8048 	  
56.25 	 2.0057 	  1.8033 	  
56.35 	 2.0049 	  1.802 	  
56.45 	 2.0041 	  1.8011 	  
56.55 	 2.0034 	  1.8004 	  
56.65 	 2.0027 	  1.8001 	  
56.75 	 2.002 	  1.8 	  
56.85 	 2.0014 	  1.8003 	  
56.95 	 2.0007 	  1.8008 	  
57.05 	 2.0001 	  1.8016 	  
57.15 	 1.9996 	  1.8028 	  
57.25 	 1.9991 	  1.8042 	  
57.35 	 1.9986 	  1.806 	  
57.45 	 1.9981 	  1.808 	  
57.55 	 1.9976 	  1.8103 	  
57.65 	 1.9972 	  1.8129 	  
57.75 	 1.9968 	  1.8157 	  
57.85 	 1.9964 	  1.8189 	  
57.95 	 1.9961 	  1.8223 	  
58.05 	 1.9957 	  1.826 	  
58.15 	 1.9954 	  1.83 	  
58.25 	 1.9951 	  1.8342 	  
58.35 	 1.9948 	  1.8386 	  
58.45 	 1.9946 	  1.8433 	  
58.55 	 1.9943 	  1.8482 	  
58.65 	 1.9941 	  1.8534 	  
58.75 	 1.9939 	  1.8588 	  
58.85 	 1.9937 	  1.8644 	  
58.95 	 1.9936 	  1.8701 	  
59.05 	 1.9934 	  1.8761 	  
59.15 	 1.9932 	  1.8823 	  
59.25 	 1.9931 	  1.8886 	  
59.35 	 1.993 	  1.8952 	  
59.45 	 1.9928 	  1.9018 	  
59.55 	 1.9928 	  1.9087 	  
59.65 	 1.9927 	  1.9156 	  
59.75 	 1.9926 	  1.9227 	  
59.85 	 1.9926 	  1.9299 	  
59.95 	 1.9925 	  1.9372 	  
60.05 	 1.9925 	  1.9446 	  
60.15 	 1.9925 	  1.9521 	  
60.25 	 1.9924 	  1.9596 	  
60.35 	 1.9924 	  1.9672 	  
60.45 	 1.9923 	  1.9749 	  
60.55 	 1.9923 	  1.9826 	  
60.65 	 1.9923 	  1.9903 	  
60.75 	 1.9924 	  1.9981 	  
60.85 	 1.9924 	  2.0058 	  
60.95 	 1.9924 	  2.0136 	  
61.05 	 1.9925 	  2.0213 	  
61.15 	 1.9926 	  2.029 	  
61.25 	 1.9926 	  2.0366 	  
61.35 	 1.9927 	  2.0442 	  
61.45 	 1.9927 	  2.0517 	  
61.55 	 1.9928 	  2.0591 	  
61.65 	 1.9928 	  2.0665 	  
61.75 	 1.9928 	  2.0737 	  
61.85 	 1.9929 	  2.0809 	  
61.95 	 1.993 	  2.0879 	  
62.05 	 1.9933 	  2.0948 	  
62.15 	 1.9935 	  2.1015 	  
62.25 	 1.9937 	  2.1081 	  
62.35 	 1.9939 	  2.1146 	  
62.45 	 1.9943 	  2.1208 	  
62.55 	 1.9945 	  2.1269 	  
62.65 	 1.9947 	  2.1328 	  
62.75 	 1.9949 	  2.1385 	  
62.85 	 1.9949 	  2.144 	  
62.95 	 1.995 	  2.1492 	  
63.05 	 1.995 	  2.1543 	  
63.15 	 1.9951 	  2.1591 	  
63.25 	 1.9952 	  2.1637 	  
63.35 	 1.9954 	  2.168 	  
63.45 	 1.9954 	  2.1721 	  
63.55 	 1.9955 	  2.1759 	  
63.65 	 1.9956 	  2.1794 	  
63.75 	 1.9957 	  2.1827 	  
63.85 	 1.9958 	  2.1857 	  
63.95 	 1.9958 	  2.1885 	  
64.05 	 1.9959 	  2.1909 	  
64.15 	 1.996 	  2.1931 	  
64.25 	 1.9961 	  2.195 	  
64.35 	 1.9961 	  2.1965 	  
64.45 	 1.9962 	  2.1978 	  
64.55 	 1.9963 	  2.1988 	  
64.65 	 1.9964 	  2.1995 	  
64.75 	 1.9964 	  2.1999 	  
64.85 	 1.9965 	  2.2 	  
64.95 	 1.9966 	  2.1998 	  
65.05 	 1.9967 	  2.1993 	  
65.15 	 1.9968 	  2.1985 	  
65.25 	 1.9969 	  2.1974 	  
65.35 	 1.997 	  2.196 	  
65.45 	 1.997 	  2.1943 	  
65.55 	 1.9971 	  2.1923 	  
65.65 	 1.9972 	  2.19 	  
65.75 	 1.9973 	  2.1875 	  
65.85 	 1.9973 	  2.1846 	  
65.95 	 1.9974 	  2.1815 	  
66.05 	 1.9975 	  2.1781 	  
66.15 	 1.9975 	  2.1745 	  
66.25 	 1.9976 	  2.1706 	  
66.35 	 1.9977 	  2.1664 	  
66.45 	 1.9977 	  2.162 	  
66.55 	 1.9978 	  2.1573 	  
66.65 	 1.9978 	  2.1524 	  
66.75 	 1.9979 	  2.1473 	  
66.85 	 1.9979 	  2.1419 	  
66.95 	 1.998 	  2.1364 	  
67.05 	 1.9981 	  2.1306 	  
67.15 	 1.9981 	  2.1247 	  
67.25 	 1.9982 	  2.1185 	  
67.35 	 1.9982 	  2.1122 	  
67.45 	 1.9983 	  2.1057 	  
67.55 	 1.9983 	  2.099 	  
67.65 	 1.9984 	  2.0922 	  
67.75 	 1.9984 	  2.0853 	  
67.85 	 1.9985 	  2.0782 	  
67.95 	 1.9985 	  2.071 	  
68.05 	 1.9986 	  2.0637 	  
68.15 	 1.9986 	  2.0564 	  
68.25 	 1.9987 	  2.0489 	  
68.35 	 1.9987 	  2.0413 	  
68.45 	 1.9987 	  2.0337 	  
68.55 	 1.9988 	  2.0261 	  
68.65 	 1.9988 	  2.0184 	  
68.75 	 1.9988 	  2.0107 	  
68.85 	 1.9989 	  2.0029 	  
68.95 	 1.9989 	  1.9952 	  
69.05 	 1.9989 	  1.9874 	  
69.15 	 1.999 	  1.9797 	  
69.25 	 1.999 	  1.972 	  
69.35 	 1.999 	  1.9644 	  
69.45 	 1.9991 	  1.9568 	  
69.55 	 1.9991 	  1.9493 	  
69.65 	 1.9991 	  1.9418 	  
69.75 	 1.9992 	  1.9345 	  
69.85 	 1.9992 	  1.9272 	  
69.95 	 1.9992 	  1.92 	  
70.05 	 1.9992 	  1.913 	  
70.15 	 1.9993 	  1.9061 	  
70.25 	 1.9993 	  1.8993 	  
70.35 	 1.9993 	  1.8927 	  
70.45 	 1.9993 	  1.8863 	  
70.55 	 1.9994 	  1.88 	  
70.65 	 1.9994 	  1.8739 	  
70.75 	 1.9994 	  1.868 	  
70.85 	 1.9994 	  1.8622 	  
70.95 	 1.9994 	  1.8567 	  
71.05 	 1.9995 	  1.8514 	  
71.15 	 1.9995 	  1.8464 	  
71.25 	 1.9995 	  1.8415 	  
71.35 	 1.9995 	  1.8369 	  
71.45 	 1.9995 	  1.8326 	  
71.55 	 1.9996 	  1.8284 	  
71.65 	 1.9996 	  1.8246 	  
71.75 	 1.9996 	  1.821 	  
71.85 	 1.9996 	  1.8177 	  
71.95 	 1.9996 	  1.8146 	  
72.05 	 1.9996 	  1.8119 	  
72.15 	 1.9996 	  1.8094 	  
72.25 	 1.9997 	  1.8072 	  
72.35 	 1.9997 	  1.8053 	  
72.45 	 1.9997 	  1.8037 	  
72.55 	 1.9997 	  1.8023 	  
72.65 	 1.9997 	  1.8013 	  
72.75 	 1.9997 	  1.8006 	  
72.85 	 1.9997 	  1.8001 	  
72.95 	 1.9997 	  1.8 	  
73.05 	 1.9997 	  1.8002 	  
73.15 	 1.9997 	  1.8006 	  
73.25 	 1.9998 	  1.8014 	  
73.35 	 1.9998 	  1.8025 	  
73.45 	 1.9998 	  1.8038 	  
73.55 	 1.9998 	  1.8055 	  
73.65 	 1.9998 	  1.8074 	  
73.75 	 1.9998 	  1.8097 	  
73.85 	 1.9998 	  1.8122 	  
73.95 	 1.9998 	  1.815 	  
74.05 	 1.9998 	  1.8181 	  
74.15 	 1.9998 	  1.8214 	  
74.25 	 1.9998 	  1.825 	  
74.35 	 1.9998 	  1.8289 	  
74.45 	 1.9998 	  1.8331 	  
74.55 	 1.9998 	  1.8374 	  
74.65 	 1.9998 	  1.8421 	  
74.75 	 1.9998 	  1.8469 	  
74.85 	 1.9998 	  1.852 	  
74.95 	 1.9998 	  1.8574 	  
75.05 	 1.9998 	  1.8629 	  
75.15 	 1.9998 	  1.8686 	  
75.25 	 1.9998 	  1.8746 	  
75.35 	 1.9999 	  1.8807 	  
75.45 	 1.9999 	  1.887 	  
75.55 	 1.9999 	  1.8935 	  
75.65 	 1.9999 	  1.9001 	  
75.75 	 1.9999 	  1.9069 	  
75.85 	 1.9999 	  1.9138 	  
75.95 	 1.9999 	  1.9209 	  
76.05 	 1.9999 	  1.928 	  
76.15 	 1.9999 	  1.9353 	  
76.25 	 1.9999 	  1.9427 	  
76.35 	 1.9999 	  1.9501 	  
76.45 	 1.9999 	  1.9577 	  
76.55 	 1.9999 	  1.9653 	  
76.65 	 1.9999 	  1.9729 	  
76.75 	 1.9999 	  1.9806 	  
76.85 	 1.9999 	  1.9883 	  
76.95 	 1.9999 	  1.9961 	  
77.05 	 1.9999 	  2.0038 	  
77.15 	 1.9999 	  2.0116 	  
77.25 	 1.9999 	  2.0193 	  
77.35 	 1.9999 	  2.027 	  
77.45 	 1.9999 	  2.0346 	  
77.55 	 1.9999 	  2.0422 	  
77.65 	 1.9999 	  2.0498 	  
77.75 	 1.9999 	  2.0572 	  
77.85 	 1.9999 	  2.0646 	  
77.95 	 1.9999 	  2.0719 	  
78.05 	 1.9999 	  2.0791 	  
78.15 	 1.9999 	  2.0861 	  
78.25 	 1.9999 	  2.093 	  
78.35 	 1.9999 	  2.0998 	  
78.45 	 1.9999 	  2.1065 	  
78.55 	 1.9999 	  2.1129 	  
78.65 	 1.9999 	  2.1192 	  
78.75 	 1.9999 	  2.1254 	  
78.85 	 1.9999 	  2.1313 	  
78.95 	 1.9999 	  2.137 	  
79.05 	 1.9999 	  2.1426 	  
79.15 	 1.9999 	  2.1479 	  
79.25 	 1.9999 	  2.153 	  
79.35 	 1.9999 	  2.1579 	  
79.45 	 1.9999 	  2.1625 	  
79.55 	 1.9999 	  2.1669 	  
79.65 	 1.9999 	  2.171 	  
79.75 	 1.9999 	  2.1749 	  
79.85 	 1.9999 	  2.1785 	  
79.95 	 1.9999 	  2.1819 	  
80.05 	 1.9999 	  2.185 	  
80.15 	 1.9999 	  2.1878 	  
80.25 	 1.9999 	  2.1903 	  
80.35 	 1.9999 	  2.1926 	  
80.45 	 1.9999 	  2.1945 	  
80.55 	 1.9999 	  2.1962 	  
80.65 	 1.9999 	  2.1975 	  
80.75 	 2 	  2.1986 	  
80.85 	 2 	  2.1994 	  
80.95 	 2 	  2.1998 	  
81.05 	 2 	  2.2 	  
81.15 	 2 	  2.1999 	  
81.25 	 2 	  2.1994 	  
81.35 	 2 	  2.1987 	  
81.45 	 2 	  2.1977 	  
81.55 	 2 	  2.1964 	  
81.65 	 2 	  2.1947 	  
81.75 	 2 	  2.1928 	  
81.85 	 2 	  2.1906 	  
81.95 	 2 	  2.1882 	  
82.05 	 2 	  2.1854 	  
82.15 	 2 	  2.1824 	  
82.25 	 2 	  2.179 	  
82.35 	 2 	  2.1754 	  
82.45 	 2 	  2.1716 	  
82.55 	 2 	  2.1675 	  
82.65 	 2 	  2.1631 	  
82.75 	 2 	  2.1585 	  
82.85 	 2 	  2.1537 	  
82.95 	 2 	  2.1486 	  
83.05 	 2 	  2.1433 	  
83.15 	 2 	  2.1378 	  
83.25 	 2 	  2.1321 	  
83.35 	 2 	  2.1262 	  
83.45 	 2 	  2.1201 	  
83.55 	 2 	  2.1138 	  
83.65 	 2 	  2.1074 	  
83.75 	 2 	  2.1008 	  
83.85 	 2 	  2.094 	  
83.95 	 2 	  2.0871 	  
84.05 	 2 	  2.08 	  
84.15 	 2 	  2.0729 	  
84.25 	 2 	  2.0656 	  
84.35 	 2 	  2.0583 	  
84.45 	 2 	  2.0508 	  
84.55 	 2 	  2.0433 	  
84.65 	 2 	  2.0357 	  
84.75 	 2 	  2.0281 	  
84.85 	 2 	  2.0204 	  
84.95 	 2 	  2.0126 	  
85.05 	 2 	  2.0049 	  
85.15 	 2 	  1.9972 	  
85.25 	 2 	  1.9894 	  
85.35 	 2 	  1.9817 	  
85.45 	 2 	  1.974 	  
85.55 	 2 	  1.9663 	  
85.65 	 2 	  1.9587 	  
85.75 	 2 	  1.9512 	  
85.85 	 2 	  1.9437 	  
85.95 	 2 	  1.9363 	  
86.05 	 2 	  1.929 	  
86.15 	 2 	  1.9219 	  
86.25 	 2 	  1.9148 	  
86.35 	 2 	  1.9078 	  
86.45 	 2 	  1.901 	  
86.55 	 2 	  1.8944 	  
86.65 	 2 	  1.8879 	  
86.75 	 2 	  1.8816 	  
86.85 	 2 	  1.8754 	  
86.95 	 2 	  1.8695 	  
87.05 	 2 	  1.8637 	  
87.15 	 2 	  1.8581 	  
87.25 	 2 	  1.8528 	  
87.35 	 2 	  1.8476 	  
87.45 	 2 	  1.8427 	  
87.55 	 2 	  1.8381 	  
87.65 	 2 	  1.8336 	  
87.75 	 2 	  1.8295 	  
87.85 	 2 	  1.8256 	  
87.95 	 2 	  1.8219 	  
88.05 	 2 	  1.8185 	  
88.15 	 2 	  1.8154 	  
88.25 	 2 	  1.8126 	  
88.35 	 2 	  1.81 	  
88.45 	 2 	  1.8077 	  
88.55 	 2 	  1.8057 	  
88.65 	 2 	  1.804 	  
88.75 	 2 	  1.8026 	  
88.85 	 2 	  1.8015 	  
88.95 	 2 	  1.8007 	  
89.05 	 2 	  1.8002 	  
89.15 	 2 	  1.8 	  
89.25 	 2 	  1.8001 	  
89.35 	 2 	  1.8005 	  
89.45 	 2 	  1.8012 	  
89.55 	 2 	  1.8022 	  
89.65 	 2 	  1.8034 	  
89.75 	 2 	  1.805 	  
89.85 	 2 	  1.8069 	  
89.95 	 2 	  1.8091 	  
90.05 	 2 	  1.8115 	  
90.15 	 2 	  1.8142 	  
90.25 	 2 	  1.8172 	  
90.35 	 2 	  1.8205 	  
90.45 	 2 	  1.8241 	  
90.55 	 2 	  1.8279 	  
90.65 	 2 	  1.832 	  
90.75 	 2 	  1.8363 	  
90.85 	 2 	  1.8409 	  
90.95 	 2 	  1.8457 	  
91.05 	 2 	  1.8507 	  
91.15 	 2 	  1.856 	  
91.25 	 2 	  1.8615 	  
91.35 	 1.9999 	  1.8671 	  
91.45 	 1.9999 	  1.873 	  
91.55 	 1.9999 	  1.8791 	  
91.65 	 1.9999 	  1.8854 	  
91.75 	 1.9999 	  1.8918 	  
91.85 	 1.9999 	  1.8984 	  
91.95 	 1.9999 	  1.9051 	  
92.05 	 1.9999 	  1.912 	  
92.15 	 1.9999 	  1.919 	  
92.25 	 1.9999 	  1.9262 	  
92.35 	 1.9999 	  1.9334 	  
92.45 	 1.9999 	  1.9408 	  
92.55 	 1.9999 	  1.9482 	  
92.65 	 1.9999 	  1.9557 	  
92.75 	 1.9999 	  1.9633 	  
92.85 	 1.9999 	  1.971 	  
92.95 	 1.9999 	  1.9786 	  
93.05 	 1.9999 	  1.9864 	  
93.15 	 1.9999 	  1.9941 	  
93.25 	 1.9999 	  2.0018 	  
93.35 	 1.9999 	  2.0096 	  
93.45 	 1.9999 	  2.0173 	  
93.55 	 1.9999 	  2.025 	  
93.65 	 1.9999 	  2.0327 	  
93.75 	 1.9999 	  2.0403 	  
93.85 	 1.9999 	  2.0478 	  
93.95 	 1.9999 	  2.0553 	  
94.05 	 1.9999 	  2.0627 	  
94.15 	 1.9999 	  2.07 	  
94.25 	 1.9999 	  2.0772 	  
94.35 	 1.9999 	  2.0843 	  
94.45 	 1.9999 	  2.0913 	  
94.55 	 1.9999 	  2.0981 	  
94.65 	 1.9999 	  2.1048 	  
94.75 	 1.9999 	  2.1113 	  
94.85 	 1.9999 	  2.1176 	  
94.95 	 1.9999 	  2.1238 	  
95.05 	 1.9999 	  2.1298 	  
95.15 	 1.9999 	  2.1356 	  
95.25 	 1.9999 	  2.1412 	  
95.35 	 1.9999 	  2.1466 	  
95.45 	 1.9999 	  2.1517 	  
95.55 	 1.9999 	  2.1566 	  
95.65 	 1.9999 	  2.1613 	  
95.75 	 1.9999 	  2.1658 	  
95.85 	 1.9999 	  2.17 	  
95.95 	 1.9999 	  2.174 	  
96.05 	 1.9999 	  2.1776 	  
96.15 	 1.9999 	  2.1811 	  
96.25 	 1.9999 	  2.1842 	  
96.35 	 1.9999 	  2.1871 	  
96.45 	 1.9999 	  2.1897 	  
96.55 	 1.9999 	  2.192 	  
96.65 	 1.9999 	  2.194 	  
96.75 	 1.9999 	  2.1958 	  
96.85 	 1.9999 	  2.1972 	  
96.95 	 1.9999 	  2.1983 	  
97.05 	 1.9999 	  2.1992 	  
97.15 	 1.9999 	  2.1997 	  
97.25 	 1.9999 	  2.2 	  
97.35 	 1.9999 	  2.1999 	  
97.45 	 1.9999 	  2.1996 	  
97.55 	 1.9999 	  2.1989 	  
97.65 	 1.9999 	  2.198 	  
97.75 	 1.9999 	  2.1967 	  
97.85 	 1.9999 	  2.1952 	  
97.95 	 1.9999 	  2.1934 	  
98.05 	 1.9999 	  2.1912 	  
98.15 	 1.9999 	  2.1888 	  
98.25 	 1.9999 	  2.1861 	  
98.35 	 1.9999 	  2.1832 	  
98.45 	 1.9999 	  2.1799 	  
98.55 	 1.9999 	  2.1764 	  
98.65 	 1.9999 	  2.1726 	  
98.75 	 1.9999 	  2.1686 	  
98.85 	 1.9999 	  2.1643 	  
98.95 	 1.9999 	  2.1597 	  
99.05 	 1.9999 	  2.155 	  
99.15 	 1.9999 	  2.15 	  
99.25 	 1.9999 	  2.1447 	  
99.35 	 1.9999 	  2.1393 	  
99.45 	 1.9999 	  2.1336 	  
99.55 	 1.9999 	  2.1277 	  
99.65 	 1.9999 	  2.1217 	  
99.75 	 1.9999 	  2.1155 	  
99.85 	 1.9999 	  2.109 	  
99.95 	 1.9999 	  2.1025 	  
100.05 	 1.9999 	  2.0957 	  
100.15 	 1.9999 	  2.0889 	  
100.25 	 1.9999 	  2.0819 	  
100.35 	 1.9999 	  2.0747 	  
100.45 	 1.9999 	  2.0675 	  
100.55 	 1.9999 	  2.0602 	  
100.65 	 1.9999 	  2.0527 	  
100.75 	 1.9999 	  2.0452 	  
100.85 	 1.9999 	  2.0377 	  
100.95 	 1.9999 	  2.03 	  
101.05 	 1.9999 	  2.0223 	  
101.15 	 1.9999 	  2.0146 	  
101.25 	 1.9999 	  2.0069 	  
101.35 	 1.9999 	  1.9992 	  
101.45 	 1.9999 	  1.9914 	  
101.55 	 1.9999 	  1.9837 	  
101.65 	 1.9999 	  1.976 	  
101.75 	 1.9999 	  1.9683 	  
101.85 	 1.9999 	  1.9607 	  
101.95 	 1.9999 	  1.9531 	  
102.05 	 1.9999 	  1.9456 	  
102.15 	 1.9999 	  1.9382 	  
102.25 	 1.9999 	  1.9309 	  
102.35 	 1.9999 	  1.9237 	  
102.45 	 1.9999 	  1.9166 	  
102.55 	 1.9999 	  1.9096 	  
102.65 	 1.9999 	  1.9028 	  
102.75 	 1.9999 	  1.8961 	  
102.85 	 1.9999 	  1.8895 	  
102.95 	 1.9999 	  1.8832 	  
103.05 	 1.9999 	  1.877 	  
103.15 	 1.9999 	  1.871 	  
103.25 	 1.9999 	  1.8651 	  
103.35 	 1.9999 	  1.8595 	  
103.45 	 1.9999 	  1.8541 	  
103.55 	 1.9999 	  1.8489 	  
103.65 	 1.9999 	  1.844 	  
103.75 	 1.9999 	  1.8392 	  
103.85 	 1.9999 	  1.8348 	  
103.95 	 1.9999 	  1.8305 	  
104.05 	 1.9999 	  1.8265 	  
104.15 	 1.9999 	  1.8228 	  
104.25 	 1.9999 	  1.8194 	  
104.35 	 1.9999 	  1.8162 	  
104.45 	 1.9999 	  1.8133 	  
104.55 	 1.9999 	  1.8106 	  
104.65 	 1.9999 	  1.8083 	  
104.75 	 1.9999 	  1.8062 	  
104.85 	 1.9999 	  1.8044 	  
104.95 	 1.9999 	  1.803 	  
105.05 	 1.9999 	  1.8018 	  
105.15 	 1.9999 	  1.8009 	  
105.25 	 1.9999 	  1.8003 	  
105.35 	 1.9999 	  1.8 	  
105.45 	 1.9999 	  1.8 	  
105.55 	 1.9999 	  1.8004 	  
105.65 	 1.9999 	  1.801 	  
105.75 	 1.9999 	  1.8019 	  
105.85 	 1.9999 	  1.8031 	  
105.95 	 1.9999 	  1.8046 	  
106.05 	 1.9999 	  1.8064 	  
106.15 	 1.9999 	  1.8085 	  
106.25 	 1.9999 	  1.8108 	  
106.35 	 1.9999 	  1.8135 	  
106.45 	 1.9999 	  1.8164 	  
106.55 	 1.9999 	  1.8197 	  
106.65 	 1.9999 	  1.8231 	  
106.75 	 1.9999 	  1.8269 	  
106.85 	 1.9999 	  1.8309 	  
106.95 	 1.9999 	  1.8352 	  
107.05 	 1.9999 	  1.8397 	  
107.15 	 1.9999 	  1.8444 	  
107.25 	 1.9999 	  1.8494 	  
107.35 	 1.9999 	  1.8546 	  
107.45 	 1.9999 	  1.86 	  
107.55 	 1.9999 	  1.8657 	  
107.65 	 1.9999 	  1.8715 	  
107.75 	 1.9999 	  1.8775 	  
107.85 	 1.9999 	  1.8837 	  
107.95 	 1.9999 	  1.8901 	  
108.05 	 1.9999 	  1.8967 	  
108.15 	 1.9999 	  1.9034 	  
108.25 	 2 	  1.9102 	  
108.35 	 2 	  1.9172 	  
108.45 	 2 	  1.9243 	  
108.55 	 2 	  1.9316 	  
108.65 	 2 	  1.9389 	  
108.75 	 2 	  1.9463 	  
108.85 	 2 	  1.9538 	  
108.95 	 2 	  1.9614 	  
