simtime:  11.529
number of wsf-lines:  1

line_No     y_coord
1	 1.5
2	  Wave Theory 


X 1	 P 1 	 	 	 	 W 1

0.05 	 2.1422 	  2.1377 	  
0.15 	 2.1474 	  2.1432 	  
0.25 	 2.1524 	  2.1485 	  
0.35 	 2.1572 	  2.1536 	  
0.45 	 2.1617 	  2.1585 	  
0.55 	 2.166 	  2.1631 	  
0.65 	 2.1701 	  2.1674 	  
0.75 	 2.1739 	  2.1715 	  
0.85 	 2.1775 	  2.1754 	  
0.95 	 2.1809 	  2.179 	  
1.05 	 2.1839 	  2.1823 	  
1.15 	 2.1867 	  2.1853 	  
1.25 	 2.1893 	  2.1881 	  
1.35 	 2.1915 	  2.1906 	  
1.45 	 2.1935 	  2.1928 	  
1.55 	 2.1952 	  2.1947 	  
1.65 	 2.1967 	  2.1963 	  
1.75 	 2.1978 	  2.1977 	  
1.85 	 2.1987 	  2.1987 	  
1.95 	 2.1992 	  2.1994 	  
2.05 	 2.1995 	  2.1999 	  
2.15 	 2.1995 	  2.2 	  
2.25 	 2.1991 	  2.1998 	  
2.35 	 2.1985 	  2.1994 	  
2.45 	 2.1976 	  2.1986 	  
2.55 	 2.1964 	  2.1975 	  
2.65 	 2.1949 	  2.1962 	  
2.75 	 2.1932 	  2.1945 	  
2.85 	 2.1911 	  2.1926 	  
2.95 	 2.1888 	  2.1904 	  
3.05 	 2.1862 	  2.1878 	  
3.15 	 2.1833 	  2.185 	  
3.25 	 2.1801 	  2.182 	  
3.35 	 2.1767 	  2.1786 	  
3.45 	 2.173 	  2.175 	  
3.55 	 2.169 	  2.1711 	  
3.65 	 2.1648 	  2.167 	  
3.75 	 2.1603 	  2.1626 	  
3.85 	 2.1556 	  2.158 	  
3.95 	 2.1507 	  2.1531 	  
4.05 	 2.1455 	  2.148 	  
4.15 	 2.1402 	  2.1427 	  
4.25 	 2.1346 	  2.1371 	  
4.35 	 2.1287 	  2.1314 	  
4.45 	 2.1227 	  2.1255 	  
4.55 	 2.1165 	  2.1193 	  
4.65 	 2.1102 	  2.113 	  
4.75 	 2.1036 	  2.1066 	  
4.85 	 2.0969 	  2.0999 	  
4.95 	 2.09 	  2.0932 	  
5.05 	 2.083 	  2.0862 	  
5.15 	 2.0759 	  2.0792 	  
5.25 	 2.0686 	  2.072 	  
5.35 	 2.0612 	  2.0647 	  
5.45 	 2.0537 	  2.0574 	  
5.55 	 2.0461 	  2.0499 	  
5.65 	 2.0385 	  2.0424 	  
5.75 	 2.0308 	  2.0348 	  
5.85 	 2.023 	  2.0271 	  
5.95 	 2.0152 	  2.0194 	  
6.05 	 2.0073 	  2.0117 	  
6.15 	 1.9994 	  2.004 	  
6.25 	 1.9915 	  1.9962 	  
6.35 	 1.9836 	  1.9885 	  
6.45 	 1.9757 	  1.9808 	  
6.55 	 1.9678 	  1.9731 	  
6.65 	 1.96 	  1.9654 	  
6.75 	 1.9523 	  1.9578 	  
6.85 	 1.9446 	  1.9503 	  
6.95 	 1.9369 	  1.9428 	  
7.05 	 1.9294 	  1.9354 	  
7.15 	 1.922 	  1.9282 	  
7.25 	 1.9147 	  1.921 	  
7.35 	 1.9075 	  1.9139 	  
7.45 	 1.9005 	  1.907 	  
7.55 	 1.8936 	  1.9002 	  
7.65 	 1.887 	  1.8936 	  
7.75 	 1.8804 	  1.8871 	  
7.85 	 1.8741 	  1.8808 	  
7.95 	 1.868 	  1.8747 	  
8.05 	 1.8621 	  1.8687 	  
8.15 	 1.8564 	  1.863 	  
8.25 	 1.851 	  1.8575 	  
8.35 	 1.8458 	  1.8521 	  
8.45 	 1.8409 	  1.847 	  
8.55 	 1.8363 	  1.8422 	  
8.65 	 1.8319 	  1.8375 	  
8.75 	 1.8278 	  1.8331 	  
8.85 	 1.824 	  1.829 	  
8.95 	 1.8205 	  1.8251 	  
9.05 	 1.8173 	  1.8215 	  
9.15 	 1.8144 	  1.8181 	  
9.25 	 1.8118 	  1.815 	  
9.35 	 1.8095 	  1.8122 	  
9.45 	 1.8076 	  1.8097 	  
9.55 	 1.8059 	  1.8075 	  
9.65 	 1.8046 	  1.8055 	  
9.75 	 1.8035 	  1.8039 	  
9.85 	 1.8028 	  1.8025 	  
9.95 	 1.8024 	  1.8014 	  
10.05 	 1.8023 	  1.8006 	  
10.15 	 1.8026 	  1.8002 	  
10.25 	 1.8031 	  1.8 	  
10.35 	 1.8039 	  1.8001 	  
10.45 	 1.8051 	  1.8006 	  
10.55 	 1.8065 	  1.8013 	  
10.65 	 1.8082 	  1.8023 	  
10.75 	 1.8102 	  1.8036 	  
10.85 	 1.8125 	  1.8052 	  
10.95 	 1.8151 	  1.8071 	  
11.05 	 1.8179 	  1.8093 	  
11.15 	 1.821 	  1.8118 	  
11.25 	 1.8243 	  1.8146 	  
11.35 	 1.8278 	  1.8176 	  
11.45 	 1.8316 	  1.8209 	  
11.55 	 1.8357 	  1.8245 	  
11.65 	 1.8399 	  1.8284 	  
11.75 	 1.8444 	  1.8325 	  
11.85 	 1.8491 	  1.8368 	  
11.95 	 1.854 	  1.8414 	  
12.05 	 1.859 	  1.8463 	  
12.15 	 1.8642 	  1.8513 	  
12.25 	 1.8696 	  1.8566 	  
12.35 	 1.8752 	  1.8621 	  
12.45 	 1.8809 	  1.8679 	  
12.55 	 1.8867 	  1.8738 	  
12.65 	 1.8926 	  1.8799 	  
12.75 	 1.8987 	  1.8861 	  
12.85 	 1.9048 	  1.8926 	  
12.95 	 1.9111 	  1.8992 	  
13.05 	 1.9173 	  1.906 	  
13.15 	 1.9237 	  1.9129 	  
13.25 	 1.9301 	  1.9199 	  
13.35 	 1.9365 	  1.9271 	  
13.45 	 1.9429 	  1.9343 	  
13.55 	 1.9494 	  1.9417 	  
13.65 	 1.9558 	  1.9491 	  
13.75 	 1.9622 	  1.9567 	  
13.85 	 1.9686 	  1.9643 	  
13.95 	 1.9749 	  1.9719 	  
14.05 	 1.9813 	  1.9796 	  
14.15 	 1.9875 	  1.9873 	  
14.25 	 1.9937 	  1.995 	  
14.35 	 1.9999 	  2.0028 	  
14.45 	 2.006 	  2.0105 	  
14.55 	 2.012 	  2.0183 	  
14.65 	 2.018 	  2.0259 	  
14.75 	 2.024 	  2.0336 	  
14.85 	 2.03 	  2.0412 	  
14.95 	 2.0359 	  2.0488 	  
15.05 	 2.0419 	  2.0562 	  
15.15 	 2.0477 	  2.0636 	  
15.25 	 2.0536 	  2.0709 	  
15.35 	 2.0594 	  2.0781 	  
15.45 	 2.0651 	  2.0852 	  
15.55 	 2.0707 	  2.0921 	  
15.65 	 2.0762 	  2.0989 	  
15.75 	 2.0815 	  2.1056 	  
15.85 	 2.0867 	  2.1121 	  
15.95 	 2.0919 	  2.1184 	  
16.05 	 2.097 	  2.1245 	  
16.15 	 2.1021 	  2.1305 	  
16.25 	 2.1072 	  2.1363 	  
16.35 	 2.1123 	  2.1418 	  
16.45 	 2.1174 	  2.1472 	  
16.55 	 2.1226 	  2.1523 	  
16.65 	 2.1278 	  2.1572 	  
16.75 	 2.1332 	  2.1619 	  
16.85 	 2.1388 	  2.1663 	  
16.95 	 2.1446 	  2.1705 	  
17.05 	 2.1507 	  2.1744 	  
17.15 	 2.1571 	  2.1781 	  
17.25 	 2.1636 	  2.1815 	  
17.35 	 2.1703 	  2.1846 	  
17.45 	 2.1772 	  2.1874 	  
17.55 	 2.1842 	  2.19 	  
17.65 	 2.1914 	  2.1923 	  
17.75 	 2.1987 	  2.1943 	  
17.85 	 2.206 	  2.196 	  
17.95 	 2.2133 	  2.1974 	  
18.05 	 2.2202 	  2.1985 	  
18.15 	 2.2269 	  2.1993 	  
18.25 	 2.2331 	  2.1998 	  
18.35 	 2.2388 	  2.2 	  
18.45 	 2.2438 	  2.1999 	  
18.55 	 2.248 	  2.1995 	  
18.65 	 2.2514 	  2.1988 	  
18.75 	 2.2537 	  2.1978 	  
18.85 	 2.2551 	  2.1966 	  
18.95 	 2.2553 	  2.195 	  
19.05 	 2.2544 	  2.1931 	  
19.15 	 2.2524 	  2.191 	  
19.25 	 2.2494 	  2.1885 	  
19.35 	 2.2453 	  2.1858 	  
19.45 	 2.2401 	  2.1828 	  
19.55 	 2.2341 	  2.1795 	  
19.65 	 2.2273 	  2.1759 	  
19.75 	 2.2197 	  2.1721 	  
19.85 	 2.2115 	  2.1681 	  
19.95 	 2.2026 	  2.1637 	  
20.05 	 2.1931 	  2.1592 	  
20.15 	 2.1831 	  2.1544 	  
20.25 	 2.1725 	  2.1493 	  
20.35 	 2.1614 	  2.1441 	  
20.45 	 2.1499 	  2.1386 	  
20.55 	 2.1381 	  2.1329 	  
20.65 	 2.126 	  2.127 	  
20.75 	 2.1137 	  2.1209 	  
20.85 	 2.1012 	  2.1147 	  
20.95 	 2.0886 	  2.1082 	  
21.05 	 2.0761 	  2.1017 	  
21.15 	 2.0637 	  2.0949 	  
21.25 	 2.0514 	  2.088 	  
21.35 	 2.0395 	  2.081 	  
21.45 	 2.028 	  2.0739 	  
21.55 	 2.0168 	  2.0666 	  
21.65 	 2.0061 	  2.0593 	  
21.75 	 1.9958 	  2.0518 	  
21.85 	 1.9861 	  2.0443 	  
21.95 	 1.9769 	  2.0367 	  
22.05 	 1.9682 	  2.0291 	  
22.15 	 1.96 	  2.0214 	  
22.25 	 1.9523 	  2.0137 	  
22.35 	 1.9452 	  2.006 	  
22.45 	 1.9385 	  1.9982 	  
22.55 	 1.9323 	  1.9905 	  
22.65 	 1.9266 	  1.9827 	  
22.75 	 1.9212 	  1.975 	  
22.85 	 1.9162 	  1.9674 	  
22.95 	 1.9116 	  1.9598 	  
23.05 	 1.9074 	  1.9522 	  
23.15 	 1.9036 	  1.9447 	  
23.25 	 1.9001 	  1.9373 	  
23.35 	 1.8969 	  1.93 	  
23.45 	 1.8941 	  1.9228 	  
23.55 	 1.8916 	  1.9157 	  
23.65 	 1.8894 	  1.9088 	  
23.75 	 1.8875 	  1.902 	  
23.85 	 1.8858 	  1.8953 	  
23.95 	 1.8845 	  1.8888 	  
24.05 	 1.8834 	  1.8824 	  
24.15 	 1.8825 	  1.8762 	  
24.25 	 1.8818 	  1.8702 	  
24.35 	 1.8813 	  1.8644 	  
24.45 	 1.881 	  1.8589 	  
24.55 	 1.8807 	  1.8535 	  
24.65 	 1.8806 	  1.8483 	  
24.75 	 1.8806 	  1.8434 	  
24.85 	 1.8806 	  1.8387 	  
24.95 	 1.8807 	  1.8342 	  
25.05 	 1.8807 	  1.83 	  
25.15 	 1.8808 	  1.8261 	  
25.25 	 1.8807 	  1.8224 	  
25.35 	 1.8806 	  1.819 	  
25.45 	 1.8803 	  1.8158 	  
25.55 	 1.8799 	  1.8129 	  
25.65 	 1.8792 	  1.8103 	  
25.75 	 1.8784 	  1.808 	  
25.85 	 1.8774 	  1.806 	  
25.95 	 1.8761 	  1.8042 	  
26.05 	 1.8746 	  1.8028 	  
26.15 	 1.8729 	  1.8017 	  
26.25 	 1.871 	  1.8008 	  
26.35 	 1.8689 	  1.8003 	  
26.45 	 1.8667 	  1.8 	  
26.55 	 1.8643 	  1.8001 	  
26.65 	 1.8618 	  1.8004 	  
26.75 	 1.8592 	  1.8011 	  
26.85 	 1.8566 	  1.802 	  
26.95 	 1.8539 	  1.8033 	  
27.05 	 1.8514 	  1.8048 	  
27.15 	 1.8489 	  1.8066 	  
27.25 	 1.8465 	  1.8088 	  
27.35 	 1.8443 	  1.8112 	  
27.45 	 1.8424 	  1.8139 	  
27.55 	 1.8406 	  1.8168 	  
27.65 	 1.8391 	  1.8201 	  
27.75 	 1.838 	  1.8236 	  
27.85 	 1.8372 	  1.8274 	  
27.95 	 1.8367 	  1.8314 	  
28.05 	 1.8367 	  1.8357 	  
28.15 	 1.837 	  1.8402 	  
28.25 	 1.8378 	  1.845 	  
28.35 	 1.8389 	  1.85 	  
28.45 	 1.8405 	  1.8553 	  
28.55 	 1.8426 	  1.8607 	  
28.65 	 1.8451 	  1.8664 	  
28.75 	 1.848 	  1.8722 	  
28.85 	 1.8514 	  1.8783 	  
28.95 	 1.8552 	  1.8845 	  
29.05 	 1.8595 	  1.8909 	  
29.15 	 1.8641 	  1.8975 	  
29.25 	 1.8692 	  1.9042 	  
29.35 	 1.8746 	  1.9111 	  
29.45 	 1.8804 	  1.9181 	  
29.55 	 1.8866 	  1.9252 	  
29.65 	 1.8931 	  1.9324 	  
29.75 	 1.8999 	  1.9398 	  
29.85 	 1.907 	  1.9472 	  
29.95 	 1.9143 	  1.9547 	  
30.05 	 1.9219 	  1.9623 	  
30.15 	 1.9296 	  1.9699 	  
30.25 	 1.9376 	  1.9776 	  
30.35 	 1.9457 	  1.9853 	  
30.45 	 1.9539 	  1.9931 	  
30.55 	 1.9622 	  2.0008 	  
30.65 	 1.9706 	  2.0085 	  
30.75 	 1.9791 	  2.0163 	  
30.85 	 1.9876 	  2.024 	  
30.95 	 1.9962 	  2.0316 	  
31.05 	 2.0047 	  2.0393 	  
31.15 	 2.0132 	  2.0468 	  
31.25 	 2.0217 	  2.0543 	  
31.35 	 2.0301 	  2.0617 	  
31.45 	 2.0385 	  2.069 	  
31.55 	 2.0468 	  2.0763 	  
31.65 	 2.0551 	  2.0834 	  
31.75 	 2.0633 	  2.0903 	  
31.85 	 2.0713 	  2.0972 	  
31.95 	 2.0791 	  2.1039 	  
32.05 	 2.0868 	  2.1104 	  
32.15 	 2.0944 	  2.1168 	  
32.25 	 2.1018 	  2.123 	  
32.35 	 2.1091 	  2.129 	  
32.45 	 2.1163 	  2.1348 	  
32.55 	 2.1232 	  2.1404 	  
32.65 	 2.13 	  2.1458 	  
32.75 	 2.1367 	  2.151 	  
32.85 	 2.1432 	  2.156 	  
32.95 	 2.1496 	  2.1607 	  
33.05 	 2.1558 	  2.1652 	  
33.15 	 2.1619 	  2.1695 	  
33.25 	 2.168 	  2.1734 	  
33.35 	 2.1739 	  2.1772 	  
33.45 	 2.1797 	  2.1806 	  
33.55 	 2.1853 	  2.1838 	  
33.65 	 2.1908 	  2.1867 	  
33.75 	 2.1961 	  2.1894 	  
33.85 	 2.2012 	  2.1917 	  
33.95 	 2.2061 	  2.1938 	  
34.05 	 2.2107 	  2.1955 	  
34.15 	 2.215 	  2.197 	  
34.25 	 2.2188 	  2.1982 	  
34.35 	 2.2223 	  2.1991 	  
34.45 	 2.2254 	  2.1997 	  
34.55 	 2.228 	  2.2 	  
34.65 	 2.2301 	  2.2 	  
34.75 	 2.2317 	  2.1996 	  
34.85 	 2.2328 	  2.199 	  
34.95 	 2.2333 	  2.1981 	  
35.05 	 2.2332 	  2.1969 	  
35.15 	 2.2325 	  2.1954 	  
35.25 	 2.2312 	  2.1936 	  
35.35 	 2.2292 	  2.1915 	  
35.45 	 2.2266 	  2.1892 	  
35.55 	 2.2233 	  2.1865 	  
35.65 	 2.2195 	  2.1836 	  
35.75 	 2.215 	  2.1804 	  
35.85 	 2.21 	  2.1769 	  
35.95 	 2.2044 	  2.1731 	  
36.05 	 2.1983 	  2.1691 	  
36.15 	 2.1917 	  2.1649 	  
36.25 	 2.1846 	  2.1604 	  
36.35 	 2.177 	  2.1556 	  
36.45 	 2.169 	  2.1506 	  
36.55 	 2.1607 	  2.1454 	  
36.65 	 2.152 	  2.14 	  
36.75 	 2.143 	  2.1344 	  
36.85 	 2.1339 	  2.1285 	  
36.95 	 2.1245 	  2.1225 	  
37.05 	 2.1149 	  2.1163 	  
37.15 	 2.1052 	  2.1099 	  
37.25 	 2.0954 	  2.1034 	  
37.35 	 2.0856 	  2.0967 	  
37.45 	 2.0757 	  2.0898 	  
37.55 	 2.0658 	  2.0828 	  
37.65 	 2.0561 	  2.0757 	  
37.75 	 2.0464 	  2.0685 	  
37.85 	 2.0368 	  2.0612 	  
37.95 	 2.0273 	  2.0537 	  
38.05 	 2.0181 	  2.0462 	  
38.15 	 2.0089 	  2.0387 	  
38.25 	 2 	  2.0311 	  
38.35 	 1.9912 	  2.0234 	  
38.45 	 1.9827 	  2.0157 	  
38.55 	 1.9744 	  2.0079 	  
38.65 	 1.9663 	  2.0002 	  
38.75 	 1.9585 	  1.9925 	  
38.85 	 1.9509 	  1.9847 	  
38.95 	 1.9436 	  1.977 	  
39.05 	 1.9366 	  1.9693 	  
39.15 	 1.9299 	  1.9617 	  
39.25 	 1.9234 	  1.9541 	  
39.35 	 1.9172 	  1.9466 	  
39.45 	 1.9113 	  1.9392 	  
39.55 	 1.9056 	  1.9319 	  
39.65 	 1.9002 	  1.9247 	  
39.75 	 1.8951 	  1.9175 	  
39.85 	 1.8903 	  1.9105 	  
39.95 	 1.8857 	  1.9037 	  
40.05 	 1.8814 	  1.897 	  
40.15 	 1.8774 	  1.8904 	  
40.25 	 1.8736 	  1.884 	  
40.35 	 1.8701 	  1.8778 	  
40.45 	 1.8668 	  1.8718 	  
40.55 	 1.8638 	  1.8659 	  
40.65 	 1.861 	  1.8603 	  
40.75 	 1.8585 	  1.8548 	  
40.85 	 1.8562 	  1.8496 	  
40.95 	 1.8542 	  1.8446 	  
41.05 	 1.8523 	  1.8399 	  
41.15 	 1.8507 	  1.8354 	  
41.25 	 1.8494 	  1.8311 	  
41.35 	 1.8482 	  1.8271 	  
41.45 	 1.8472 	  1.8233 	  
41.55 	 1.8465 	  1.8198 	  
41.65 	 1.8459 	  1.8166 	  
41.75 	 1.8455 	  1.8136 	  
41.85 	 1.8453 	  1.811 	  
41.95 	 1.8453 	  1.8086 	  
42.05 	 1.8455 	  1.8065 	  
42.15 	 1.8459 	  1.8047 	  
42.25 	 1.8464 	  1.8032 	  
42.35 	 1.8471 	  1.8019 	  
42.45 	 1.8479 	  1.801 	  
42.55 	 1.8489 	  1.8004 	  
42.65 	 1.8501 	  1.8001 	  
42.75 	 1.8514 	  1.8 	  
42.85 	 1.8528 	  1.8003 	  
42.95 	 1.8544 	  1.8009 	  
43.05 	 1.8562 	  1.8017 	  
43.15 	 1.858 	  1.8029 	  
43.25 	 1.8601 	  1.8044 	  
43.35 	 1.8622 	  1.8061 	  
43.45 	 1.8645 	  1.8082 	  
43.55 	 1.8669 	  1.8105 	  
43.65 	 1.8695 	  1.8131 	  
43.75 	 1.8721 	  1.816 	  
43.85 	 1.8749 	  1.8192 	  
43.95 	 1.8779 	  1.8227 	  
44.05 	 1.8809 	  1.8264 	  
44.15 	 1.8841 	  1.8303 	  
44.25 	 1.8874 	  1.8346 	  
44.35 	 1.8907 	  1.839 	  
44.45 	 1.8943 	  1.8438 	  
44.55 	 1.8979 	  1.8487 	  
44.65 	 1.9016 	  1.8539 	  
44.75 	 1.9054 	  1.8593 	  
44.85 	 1.9093 	  1.8649 	  
44.95 	 1.9133 	  1.8707 	  
45.05 	 1.9174 	  1.8767 	  
45.15 	 1.9216 	  1.8829 	  
45.25 	 1.9259 	  1.8893 	  
45.35 	 1.9302 	  1.8958 	  
45.45 	 1.9347 	  1.9025 	  
45.55 	 1.9391 	  1.9093 	  
45.65 	 1.9437 	  1.9163 	  
45.75 	 1.9483 	  1.9234 	  
45.85 	 1.953 	  1.9306 	  
45.95 	 1.9577 	  1.9379 	  
46.05 	 1.9625 	  1.9453 	  
46.15 	 1.9673 	  1.9528 	  
46.25 	 1.9722 	  1.9603 	  
46.35 	 1.9771 	  1.968 	  
46.45 	 1.9821 	  1.9756 	  
46.55 	 1.987 	  1.9833 	  
46.65 	 1.992 	  1.9911 	  
46.75 	 1.997 	  1.9988 	  
46.85 	 2.002 	  2.0065 	  
46.95 	 2.0069 	  2.0143 	  
47.05 	 2.0119 	  2.022 	  
47.15 	 2.0169 	  2.0297 	  
47.25 	 2.0218 	  2.0373 	  
47.35 	 2.0267 	  2.0449 	  
47.45 	 2.0316 	  2.0524 	  
47.55 	 2.0365 	  2.0598 	  
47.65 	 2.0413 	  2.0672 	  
47.75 	 2.0461 	  2.0744 	  
47.85 	 2.0508 	  2.0816 	  
47.95 	 2.0554 	  2.0886 	  
48.05 	 2.06 	  2.0954 	  
48.15 	 2.0645 	  2.1022 	  
48.25 	 2.0689 	  2.1087 	  
48.35 	 2.0732 	  2.1152 	  
48.45 	 2.0774 	  2.1214 	  
48.55 	 2.0814 	  2.1275 	  
48.65 	 2.0854 	  2.1333 	  
48.75 	 2.0892 	  2.139 	  
48.85 	 2.093 	  2.1445 	  
48.95 	 2.0965 	  2.1497 	  
49.05 	 2.1 	  2.1547 	  
49.15 	 2.1032 	  2.1595 	  
49.25 	 2.1064 	  2.1641 	  
49.35 	 2.1093 	  2.1684 	  
49.45 	 2.1121 	  2.1724 	  
49.55 	 2.1148 	  2.1762 	  
49.65 	 2.1172 	  2.1798 	  
49.75 	 2.1195 	  2.183 	  
49.85 	 2.1216 	  2.186 	  
49.95 	 2.1236 	  2.1887 	  
50.05 	 2.1253 	  2.1911 	  
50.15 	 2.1269 	  2.1933 	  
50.25 	 2.1283 	  2.1951 	  
50.35 	 2.1295 	  2.1967 	  
50.45 	 2.1306 	  2.1979 	  
50.55 	 2.1314 	  2.1989 	  
50.65 	 2.1321 	  2.1996 	  
50.75 	 2.1327 	  2.1999 	  
50.85 	 2.133 	  2.2 	  
50.95 	 2.1332 	  2.1998 	  
51.05 	 2.1332 	  2.1992 	  
51.15 	 2.1331 	  2.1984 	  
51.25 	 2.1328 	  2.1973 	  
51.35 	 2.1324 	  2.1958 	  
51.45 	 2.1318 	  2.1941 	  
51.55 	 2.1311 	  2.1921 	  
51.65 	 2.1303 	  2.1898 	  
51.75 	 2.1293 	  2.1872 	  
51.85 	 2.1282 	  2.1844 	  
51.95 	 2.127 	  2.1812 	  
52.05 	 2.1257 	  2.1778 	  
52.15 	 2.1243 	  2.1741 	  
52.25 	 2.1227 	  2.1702 	  
52.35 	 2.1211 	  2.166 	  
52.45 	 2.1194 	  2.1615 	  
52.55 	 2.1176 	  2.1569 	  
52.65 	 2.1158 	  2.1519 	  
52.75 	 2.1138 	  2.1468 	  
52.85 	 2.1118 	  2.1414 	  
52.95 	 2.1098 	  2.1358 	  
53.05 	 2.1076 	  2.1301 	  
53.15 	 2.1055 	  2.1241 	  
53.25 	 2.1033 	  2.1179 	  
53.35 	 2.101 	  2.1116 	  
53.45 	 2.0987 	  2.1051 	  
53.55 	 2.0964 	  2.0984 	  
53.65 	 2.0941 	  2.0916 	  
53.75 	 2.0918 	  2.0846 	  
53.85 	 2.0894 	  2.0775 	  
53.95 	 2.087 	  2.0704 	  
54.05 	 2.0846 	  2.0631 	  
54.15 	 2.0822 	  2.0557 	  
54.25 	 2.0798 	  2.0482 	  
54.35 	 2.0775 	  2.0406 	  
54.45 	 2.0751 	  2.033 	  
54.55 	 2.0727 	  2.0254 	  
54.65 	 2.0704 	  2.0177 	  
54.75 	 2.0681 	  2.0099 	  
54.85 	 2.0658 	  2.0022 	  
54.95 	 2.0635 	  1.9944 	  
55.05 	 2.0612 	  1.9867 	  
55.15 	 2.059 	  1.979 	  
55.25 	 2.0568 	  1.9713 	  
55.35 	 2.0547 	  1.9637 	  
55.45 	 2.0526 	  1.9561 	  
55.55 	 2.0505 	  1.9486 	  
55.65 	 2.0484 	  1.9411 	  
55.75 	 2.0464 	  1.9338 	  
55.85 	 2.0444 	  1.9265 	  
55.95 	 2.0425 	  1.9194 	  
56.05 	 2.0406 	  1.9123 	  
56.15 	 2.0388 	  1.9054 	  
56.25 	 2.037 	  1.8987 	  
56.35 	 2.0352 	  1.8921 	  
56.45 	 2.0335 	  1.8857 	  
56.55 	 2.0318 	  1.8794 	  
56.65 	 2.0302 	  1.8733 	  
56.75 	 2.0286 	  1.8674 	  
56.85 	 2.0271 	  1.8617 	  
56.95 	 2.0256 	  1.8562 	  
57.05 	 2.0241 	  1.8509 	  
57.15 	 2.0227 	  1.8459 	  
57.25 	 2.0214 	  1.8411 	  
57.35 	 2.02 	  1.8365 	  
57.45 	 2.0188 	  1.8322 	  
57.55 	 2.0175 	  1.8281 	  
57.65 	 2.0163 	  1.8242 	  
57.75 	 2.0152 	  1.8207 	  
57.85 	 2.014 	  1.8174 	  
57.95 	 2.013 	  1.8144 	  
58.05 	 2.0119 	  1.8116 	  
58.15 	 2.0109 	  1.8092 	  
58.25 	 2.01 	  1.807 	  
58.35 	 2.009 	  1.8051 	  
58.45 	 2.0081 	  1.8035 	  
58.55 	 2.0073 	  1.8022 	  
58.65 	 2.0064 	  1.8012 	  
58.75 	 2.0056 	  1.8005 	  
58.85 	 2.0049 	  1.8001 	  
58.95 	 2.0042 	  1.8 	  
59.05 	 2.0035 	  1.8002 	  
59.15 	 2.0028 	  1.8007 	  
59.25 	 2.0022 	  1.8015 	  
59.35 	 2.0016 	  1.8026 	  
59.45 	 2.001 	  1.804 	  
59.55 	 2.0005 	  1.8057 	  
59.65 	 2 	  1.8076 	  
59.75 	 1.9995 	  1.8099 	  
59.85 	 1.999 	  1.8124 	  
59.95 	 1.9986 	  1.8153 	  
60.05 	 1.9982 	  1.8184 	  
60.15 	 1.9978 	  1.8217 	  
60.25 	 1.9975 	  1.8254 	  
60.35 	 1.9971 	  1.8293 	  
60.45 	 1.9968 	  1.8335 	  
60.55 	 1.9965 	  1.8379 	  
60.65 	 1.9962 	  1.8425 	  
60.75 	 1.9959 	  1.8474 	  
60.85 	 1.9957 	  1.8525 	  
60.95 	 1.9954 	  1.8579 	  
61.05 	 1.9952 	  1.8634 	  
61.15 	 1.9951 	  1.8692 	  
61.25 	 1.9949 	  1.8751 	  
61.35 	 1.9948 	  1.8813 	  
61.45 	 1.9947 	  1.8876 	  
61.55 	 1.9947 	  1.8941 	  
61.65 	 1.9945 	  1.9007 	  
61.75 	 1.9945 	  1.9075 	  
61.85 	 1.9944 	  1.9145 	  
61.95 	 1.9942 	  1.9215 	  
62.05 	 1.9941 	  1.9287 	  
62.15 	 1.9939 	  1.936 	  
62.25 	 1.9938 	  1.9434 	  
62.35 	 1.9939 	  1.9509 	  
62.45 	 1.9939 	  1.9584 	  
62.55 	 1.9939 	  1.966 	  
62.65 	 1.9939 	  1.9737 	  
62.75 	 1.9939 	  1.9814 	  
62.85 	 1.9939 	  1.9891 	  
62.95 	 1.9939 	  1.9968 	  
63.05 	 1.994 	  2.0046 	  
63.15 	 1.994 	  2.0123 	  
63.25 	 1.994 	  2.02 	  
63.35 	 1.994 	  2.0277 	  
63.45 	 1.994 	  2.0354 	  
63.55 	 1.9941 	  2.0429 	  
63.65 	 1.9941 	  2.0505 	  
63.75 	 1.9942 	  2.0579 	  
63.85 	 1.9942 	  2.0653 	  
63.95 	 1.9943 	  2.0726 	  
64.05 	 1.9944 	  2.0797 	  
64.15 	 1.9944 	  2.0868 	  
64.25 	 1.9945 	  2.0937 	  
64.35 	 1.9945 	  2.1005 	  
64.45 	 1.9946 	  2.1071 	  
64.55 	 1.9946 	  2.1135 	  
64.65 	 1.9947 	  2.1198 	  
64.75 	 1.9948 	  2.1259 	  
64.85 	 1.9948 	  2.1319 	  
64.95 	 1.9949 	  2.1376 	  
65.05 	 1.995 	  2.1431 	  
65.15 	 1.995 	  2.1484 	  
65.25 	 1.9951 	  2.1535 	  
65.35 	 1.9952 	  2.1583 	  
65.45 	 1.9952 	  2.1629 	  
65.55 	 1.9953 	  2.1673 	  
65.65 	 1.9954 	  2.1714 	  
65.75 	 1.9955 	  2.1753 	  
65.85 	 1.9956 	  2.1789 	  
65.95 	 1.9956 	  2.1822 	  
66.05 	 1.9957 	  2.1853 	  
66.15 	 1.9958 	  2.188 	  
66.25 	 1.9959 	  2.1905 	  
66.35 	 1.996 	  2.1927 	  
66.45 	 1.9961 	  2.1947 	  
66.55 	 1.9961 	  2.1963 	  
66.65 	 1.9962 	  2.1976 	  
66.75 	 1.9963 	  2.1987 	  
66.85 	 1.9964 	  2.1994 	  
66.95 	 1.9965 	  2.1999 	  
67.05 	 1.9965 	  2.2 	  
67.15 	 1.9966 	  2.1998 	  
67.25 	 1.9967 	  2.1994 	  
67.35 	 1.9967 	  2.1986 	  
67.45 	 1.9968 	  2.1976 	  
67.55 	 1.9969 	  2.1962 	  
67.65 	 1.997 	  2.1946 	  
67.75 	 1.997 	  2.1926 	  
67.85 	 1.9971 	  2.1904 	  
67.95 	 1.9972 	  2.1879 	  
68.05 	 1.9972 	  2.1851 	  
68.15 	 1.9973 	  2.182 	  
68.25 	 1.9974 	  2.1787 	  
68.35 	 1.9974 	  2.1751 	  
68.45 	 1.9975 	  2.1712 	  
68.55 	 1.9976 	  2.1671 	  
68.65 	 1.9976 	  2.1627 	  
68.75 	 1.9977 	  2.1581 	  
68.85 	 1.9978 	  2.1532 	  
68.95 	 1.9978 	  2.1481 	  
69.05 	 1.9979 	  2.1428 	  
69.15 	 1.9979 	  2.1373 	  
69.25 	 1.998 	  2.1316 	  
69.35 	 1.9981 	  2.1256 	  
69.45 	 1.9981 	  2.1195 	  
69.55 	 1.9982 	  2.1132 	  
69.65 	 1.9982 	  2.1068 	  
69.75 	 1.9982 	  2.1001 	  
69.85 	 1.9983 	  2.0933 	  
69.95 	 1.9983 	  2.0864 	  
70.05 	 1.9984 	  2.0794 	  
70.15 	 1.9984 	  2.0722 	  
70.25 	 1.9985 	  2.0649 	  
70.35 	 1.9985 	  2.0576 	  
70.45 	 1.9986 	  2.0501 	  
70.55 	 1.9986 	  2.0426 	  
70.65 	 1.9986 	  2.035 	  
70.75 	 1.9987 	  2.0273 	  
70.85 	 1.9987 	  2.0196 	  
70.95 	 1.9988 	  2.0119 	  
71.05 	 1.9988 	  2.0042 	  
71.15 	 1.9988 	  1.9964 	  
71.25 	 1.9989 	  1.9887 	  
71.35 	 1.9989 	  1.981 	  
71.45 	 1.9989 	  1.9733 	  
71.55 	 1.999 	  1.9656 	  
71.65 	 1.999 	  1.958 	  
71.75 	 1.999 	  1.9505 	  
71.85 	 1.9991 	  1.943 	  
71.95 	 1.9991 	  1.9356 	  
72.05 	 1.9991 	  1.9284 	  
72.15 	 1.9992 	  1.9212 	  
72.25 	 1.9992 	  1.9141 	  
72.35 	 1.9992 	  1.9072 	  
72.45 	 1.9992 	  1.9004 	  
72.55 	 1.9993 	  1.8938 	  
72.65 	 1.9993 	  1.8873 	  
72.75 	 1.9993 	  1.881 	  
72.85 	 1.9993 	  1.8748 	  
72.95 	 1.9994 	  1.8689 	  
73.05 	 1.9994 	  1.8632 	  
73.15 	 1.9994 	  1.8576 	  
73.25 	 1.9994 	  1.8523 	  
73.35 	 1.9994 	  1.8472 	  
73.45 	 1.9995 	  1.8423 	  
73.55 	 1.9995 	  1.8376 	  
73.65 	 1.9995 	  1.8332 	  
73.75 	 1.9995 	  1.8291 	  
73.85 	 1.9995 	  1.8252 	  
73.95 	 1.9995 	  1.8216 	  
74.05 	 1.9996 	  1.8182 	  
74.15 	 1.9996 	  1.8151 	  
74.25 	 1.9996 	  1.8123 	  
74.35 	 1.9996 	  1.8098 	  
74.45 	 1.9996 	  1.8075 	  
74.55 	 1.9996 	  1.8056 	  
74.65 	 1.9996 	  1.8039 	  
74.75 	 1.9996 	  1.8025 	  
74.85 	 1.9997 	  1.8014 	  
74.95 	 1.9997 	  1.8007 	  
75.05 	 1.9997 	  1.8002 	  
75.15 	 1.9997 	  1.8 	  
75.25 	 1.9997 	  1.8001 	  
75.35 	 1.9997 	  1.8005 	  
75.45 	 1.9997 	  1.8013 	  
75.55 	 1.9997 	  1.8023 	  
75.65 	 1.9997 	  1.8036 	  
75.75 	 1.9997 	  1.8052 	  
75.85 	 1.9997 	  1.8071 	  
75.95 	 1.9998 	  1.8093 	  
76.05 	 1.9998 	  1.8118 	  
76.15 	 1.9998 	  1.8145 	  
76.25 	 1.9998 	  1.8175 	  
76.35 	 1.9998 	  1.8208 	  
76.45 	 1.9998 	  1.8244 	  
76.55 	 1.9998 	  1.8283 	  
76.65 	 1.9998 	  1.8324 	  
76.75 	 1.9998 	  1.8367 	  
76.85 	 1.9998 	  1.8413 	  
76.95 	 1.9998 	  1.8461 	  
77.05 	 1.9998 	  1.8512 	  
77.15 	 1.9998 	  1.8565 	  
77.25 	 1.9998 	  1.862 	  
77.35 	 1.9998 	  1.8677 	  
77.45 	 1.9998 	  1.8736 	  
77.55 	 1.9998 	  1.8797 	  
77.65 	 1.9998 	  1.886 	  
77.75 	 1.9998 	  1.8924 	  
77.85 	 1.9998 	  1.899 	  
77.95 	 1.9998 	  1.9058 	  
78.05 	 1.9999 	  1.9127 	  
78.15 	 1.9999 	  1.9197 	  
78.25 	 1.9999 	  1.9269 	  
78.35 	 1.9999 	  1.9341 	  
78.45 	 1.9999 	  1.9415 	  
78.55 	 1.9999 	  1.9489 	  
78.65 	 1.9999 	  1.9565 	  
78.75 	 1.9999 	  1.964 	  
78.85 	 1.9999 	  1.9717 	  
78.95 	 1.9999 	  1.9794 	  
79.05 	 1.9999 	  1.9871 	  
79.15 	 1.9999 	  1.9948 	  
79.25 	 1.9999 	  2.0026 	  
79.35 	 1.9999 	  2.0103 	  
79.45 	 1.9999 	  2.018 	  
79.55 	 1.9999 	  2.0257 	  
79.65 	 1.9999 	  2.0334 	  
79.75 	 1.9999 	  2.041 	  
79.85 	 1.9999 	  2.0485 	  
79.95 	 1.9999 	  2.056 	  
80.05 	 1.9999 	  2.0634 	  
80.15 	 1.9999 	  2.0707 	  
80.25 	 1.9999 	  2.0779 	  
80.35 	 1.9999 	  2.085 	  
80.45 	 1.9999 	  2.0919 	  
80.55 	 1.9999 	  2.0987 	  
80.65 	 1.9999 	  2.1054 	  
80.75 	 1.9999 	  2.1119 	  
80.85 	 1.9999 	  2.1182 	  
80.95 	 1.9999 	  2.1244 	  
81.05 	 1.9999 	  2.1303 	  
81.15 	 1.9999 	  2.1361 	  
81.25 	 1.9999 	  2.1417 	  
81.35 	 1.9999 	  2.1471 	  
81.45 	 1.9999 	  2.1522 	  
81.55 	 1.9999 	  2.1571 	  
81.65 	 1.9999 	  2.1618 	  
81.75 	 1.9999 	  2.1662 	  
81.85 	 1.9999 	  2.1704 	  
81.95 	 1.9999 	  2.1743 	  
82.05 	 1.9999 	  2.178 	  
82.15 	 1.9999 	  2.1814 	  
82.25 	 1.9999 	  2.1845 	  
82.35 	 2 	  2.1874 	  
82.45 	 2 	  2.1899 	  
82.55 	 2 	  2.1922 	  
82.65 	 2 	  2.1942 	  
82.75 	 2 	  2.1959 	  
82.85 	 2 	  2.1973 	  
82.95 	 2 	  2.1984 	  
83.05 	 2 	  2.1993 	  
83.15 	 2 	  2.1998 	  
83.25 	 2 	  2.2 	  
83.35 	 2 	  2.1999 	  
83.45 	 2 	  2.1995 	  
83.55 	 2 	  2.1989 	  
83.65 	 2 	  2.1979 	  
83.75 	 2 	  2.1966 	  
83.85 	 2 	  2.195 	  
83.95 	 2 	  2.1932 	  
84.05 	 2 	  2.191 	  
84.15 	 2 	  2.1886 	  
84.25 	 2 	  2.1859 	  
84.35 	 2 	  2.1829 	  
84.45 	 2 	  2.1796 	  
84.55 	 2 	  2.1761 	  
84.65 	 2 	  2.1722 	  
84.75 	 2 	  2.1682 	  
84.85 	 2 	  2.1639 	  
84.95 	 2 	  2.1593 	  
85.05 	 2 	  2.1545 	  
85.15 	 2 	  2.1495 	  
85.25 	 2 	  2.1442 	  
85.35 	 2 	  2.1387 	  
85.45 	 2 	  2.1331 	  
85.55 	 2 	  2.1272 	  
85.65 	 2 	  2.1211 	  
85.75 	 2 	  2.1149 	  
85.85 	 2 	  2.1084 	  
85.95 	 2 	  2.1018 	  
86.05 	 2 	  2.0951 	  
86.15 	 2 	  2.0882 	  
86.25 	 2 	  2.0812 	  
86.35 	 2 	  2.0741 	  
86.45 	 2 	  2.0668 	  
86.55 	 2 	  2.0595 	  
86.65 	 2 	  2.052 	  
86.75 	 2 	  2.0445 	  
86.85 	 2 	  2.0369 	  
86.95 	 2 	  2.0293 	  
87.05 	 2 	  2.0216 	  
87.15 	 2 	  2.0139 	  
87.25 	 2 	  2.0062 	  
87.35 	 2 	  1.9984 	  
87.45 	 2 	  1.9907 	  
87.55 	 2 	  1.983 	  
87.65 	 2 	  1.9753 	  
87.75 	 2 	  1.9676 	  
87.85 	 2 	  1.96 	  
87.95 	 2 	  1.9524 	  
88.05 	 2 	  1.9449 	  
88.15 	 2 	  1.9375 	  
88.25 	 2 	  1.9302 	  
88.35 	 2 	  1.923 	  
88.45 	 2 	  1.9159 	  
88.55 	 2 	  1.909 	  
88.65 	 2 	  1.9021 	  
88.75 	 2 	  1.8955 	  
88.85 	 2 	  1.8889 	  
88.95 	 2 	  1.8826 	  
89.05 	 2 	  1.8764 	  
89.15 	 2 	  1.8704 	  
89.25 	 2 	  1.8646 	  
89.35 	 2 	  1.859 	  
89.45 	 2 	  1.8536 	  
89.55 	 2 	  1.8485 	  
89.65 	 2 	  1.8435 	  
89.75 	 2 	  1.8388 	  
89.85 	 2 	  1.8344 	  
89.95 	 2 	  1.8301 	  
90.05 	 2 	  1.8262 	  
90.15 	 2 	  1.8225 	  
90.25 	 2 	  1.819 	  
90.35 	 2 	  1.8159 	  
90.45 	 2 	  1.813 	  
90.55 	 2 	  1.8104 	  
90.65 	 2 	  1.8081 	  
90.75 	 2 	  1.806 	  
90.85 	 2 	  1.8043 	  
90.95 	 2 	  1.8028 	  
91.05 	 2 	  1.8017 	  
91.15 	 2 	  1.8008 	  
91.25 	 2 	  1.8003 	  
91.35 	 2 	  1.8 	  
91.45 	 1.9999 	  1.8001 	  
91.55 	 1.9999 	  1.8004 	  
91.65 	 1.9999 	  1.801 	  
91.75 	 1.9999 	  1.802 	  
91.85 	 1.9999 	  1.8032 	  
91.95 	 1.9999 	  1.8047 	  
92.05 	 1.9999 	  1.8066 	  
92.15 	 1.9999 	  1.8087 	  
92.25 	 1.9999 	  1.8111 	  
92.35 	 1.9999 	  1.8138 	  
92.45 	 1.9999 	  1.8167 	  
92.55 	 1.9999 	  1.82 	  
92.65 	 1.9999 	  1.8235 	  
92.75 	 1.9999 	  1.8273 	  
92.85 	 1.9999 	  1.8313 	  
92.95 	 1.9999 	  1.8356 	  
93.05 	 1.9999 	  1.8401 	  
93.15 	 1.9999 	  1.8449 	  
93.25 	 1.9999 	  1.8499 	  
93.35 	 1.9999 	  1.8551 	  
93.45 	 1.9999 	  1.8605 	  
93.55 	 1.9999 	  1.8662 	  
93.65 	 1.9999 	  1.8721 	  
93.75 	 1.9999 	  1.8781 	  
93.85 	 1.9999 	  1.8843 	  
93.95 	 1.9999 	  1.8907 	  
94.05 	 1.9999 	  1.8973 	  
94.15 	 1.9999 	  1.904 	  
94.25 	 1.9999 	  1.9109 	  
94.35 	 1.9999 	  1.9179 	  
94.45 	 1.9999 	  1.925 	  
94.55 	 1.9999 	  1.9322 	  
94.65 	 1.9999 	  1.9396 	  
94.75 	 1.9999 	  1.947 	  
94.85 	 1.9999 	  1.9545 	  
94.95 	 1.9999 	  1.9621 	  
95.05 	 1.9999 	  1.9697 	  
95.15 	 1.9999 	  1.9774 	  
95.25 	 1.9999 	  1.9851 	  
95.35 	 1.9999 	  1.9928 	  
95.45 	 1.9999 	  2.0006 	  
95.55 	 1.9999 	  2.0083 	  
95.65 	 1.9999 	  2.0161 	  
95.75 	 1.9999 	  2.0238 	  
95.85 	 1.9999 	  2.0314 	  
95.95 	 1.9999 	  2.039 	  
96.05 	 1.9999 	  2.0466 	  
96.15 	 1.9999 	  2.0541 	  
96.25 	 1.9999 	  2.0615 	  
96.35 	 1.9999 	  2.0688 	  
96.45 	 1.9999 	  2.0761 	  
96.55 	 1.9999 	  2.0832 	  
96.65 	 1.9999 	  2.0901 	  
96.75 	 1.9999 	  2.097 	  
96.85 	 1.9999 	  2.1037 	  
96.95 	 1.9999 	  2.1102 	  
97.05 	 1.9999 	  2.1166 	  
97.15 	 1.9999 	  2.1228 	  
97.25 	 1.9999 	  2.1288 	  
97.35 	 1.9999 	  2.1347 	  
97.45 	 1.9999 	  2.1403 	  
97.55 	 1.9999 	  2.1457 	  
97.65 	 1.9999 	  2.1509 	  
97.75 	 1.9999 	  2.1559 	  
97.85 	 1.9999 	  2.1606 	  
97.95 	 1.9999 	  2.1651 	  
98.05 	 1.9999 	  2.1693 	  
98.15 	 1.9999 	  2.1733 	  
98.25 	 1.9999 	  2.1771 	  
98.35 	 1.9999 	  2.1805 	  
98.45 	 2 	  2.1837 	  
98.55 	 2 	  2.1866 	  
98.65 	 2 	  2.1893 	  
98.75 	 2 	  2.1916 	  
98.85 	 2 	  2.1937 	  
98.95 	 2 	  2.1955 	  
99.05 	 2 	  2.197 	  
99.15 	 2 	  2.1982 	  
99.25 	 2 	  2.1991 	  
99.35 	 2 	  2.1997 	  
99.45 	 2 	  2.2 	  
99.55 	 2 	  2.2 	  
99.65 	 2 	  2.1997 	  
99.75 	 2 	  2.1991 	  
99.85 	 2 	  2.1982 	  
99.95 	 2 	  2.197 	  
100.05 	 2 	  2.1955 	  
100.15 	 2 	  2.1937 	  
100.25 	 2 	  2.1916 	  
100.35 	 1.9999 	  2.1892 	  
100.45 	 1.9999 	  2.1866 	  
100.55 	 1.9999 	  2.1837 	  
100.65 	 1.9999 	  2.1805 	  
100.75 	 1.9999 	  2.177 	  
100.85 	 1.9999 	  2.1732 	  
100.95 	 1.9999 	  2.1692 	  
101.05 	 1.9999 	  2.165 	  
101.15 	 1.9999 	  2.1605 	  
101.25 	 1.9999 	  2.1558 	  
101.35 	 1.9999 	  2.1508 	  
101.45 	 1.9999 	  2.1456 	  
101.55 	 1.9999 	  2.1402 	  
101.65 	 1.9999 	  2.1345 	  
101.75 	 1.9999 	  2.1287 	  
101.85 	 1.9999 	  2.1227 	  
101.95 	 1.9999 	  2.1165 	  
102.05 	 1.9999 	  2.1101 	  
102.15 	 1.9999 	  2.1035 	  
102.25 	 1.9999 	  2.0968 	  
102.35 	 1.9999 	  2.09 	  
102.45 	 1.9999 	  2.083 	  
102.55 	 1.9999 	  2.0759 	  
102.65 	 1.9999 	  2.0687 	  
102.75 	 1.9999 	  2.0614 	  
102.85 	 1.9999 	  2.054 	  
102.95 	 1.9999 	  2.0465 	  
103.05 	 1.9999 	  2.0389 	  
103.15 	 1.9999 	  2.0313 	  
103.25 	 1.9999 	  2.0236 	  
103.35 	 1.9999 	  2.0159 	  
103.45 	 1.9999 	  2.0082 	  
103.55 	 1.9999 	  2.0004 	  
103.65 	 1.9999 	  1.9927 	  
103.75 	 1.9999 	  1.9849 	  
103.85 	 1.9999 	  1.9772 	  
103.95 	 1.9999 	  1.9696 	  
104.05 	 1.9999 	  1.9619 	  
104.15 	 1.9999 	  1.9544 	  
104.25 	 1.9999 	  1.9469 	  
104.35 	 1.9999 	  1.9394 	  
104.45 	 1.9999 	  1.9321 	  
104.55 	 1.9999 	  1.9249 	  
104.65 	 1.9999 	  1.9177 	  
104.75 	 1.9999 	  1.9107 	  
104.85 	 1.9999 	  1.9039 	  
104.95 	 1.9999 	  1.8972 	  
105.05 	 1.9999 	  1.8906 	  
105.15 	 1.9999 	  1.8842 	  
105.25 	 1.9999 	  1.878 	  
105.35 	 1.9999 	  1.8719 	  
105.45 	 1.9999 	  1.8661 	  
105.55 	 1.9999 	  1.8604 	  
105.65 	 1.9999 	  1.855 	  
105.75 	 1.9999 	  1.8498 	  
105.85 	 1.9999 	  1.8448 	  
105.95 	 1.9999 	  1.84 	  
106.05 	 1.9999 	  1.8355 	  
106.15 	 1.9999 	  1.8312 	  
106.25 	 1.9999 	  1.8272 	  
106.35 	 1.9999 	  1.8234 	  
106.45 	 1.9999 	  1.8199 	  
106.55 	 1.9999 	  1.8167 	  
106.65 	 1.9999 	  1.8137 	  
106.75 	 1.9999 	  1.811 	  
106.85 	 1.9999 	  1.8086 	  
106.95 	 1.9999 	  1.8065 	  
107.05 	 1.9999 	  1.8047 	  
107.15 	 1.9999 	  1.8032 	  
107.25 	 1.9999 	  1.802 	  
107.35 	 1.9999 	  1.801 	  
107.45 	 1.9999 	  1.8004 	  
107.55 	 1.9999 	  1.8001 	  
107.65 	 1.9999 	  1.8 	  
107.75 	 1.9999 	  1.8003 	  
107.85 	 1.9999 	  1.8009 	  
107.95 	 1.9999 	  1.8017 	  
108.05 	 1.9999 	  1.8029 	  
108.15 	 1.9999 	  1.8043 	  
108.25 	 1.9999 	  1.8061 	  
108.35 	 2 	  1.8081 	  
108.45 	 2 	  1.8104 	  
108.55 	 2 	  1.8131 	  
108.65 	 2 	  1.8159 	  
108.75 	 2 	  1.8191 	  
108.85 	 2 	  1.8226 	  
108.95 	 2 	  1.8263 	  
