simtime:  5.8906
number of wsf-lines:  1

line_No     y_coord
1	 1.5
2	  Wave Theory 


X 1	 P 1 	 	 	 	 W 1

0.05 	 1.9553 	  1.962 	  
0.15 	 1.948 	  1.9544 	  
0.25 	 1.9407 	  1.9469 	  
0.35 	 1.9334 	  1.9395 	  
0.45 	 1.9263 	  1.9322 	  
0.55 	 1.9192 	  1.9249 	  
0.65 	 1.9123 	  1.9178 	  
0.75 	 1.9055 	  1.9108 	  
0.85 	 1.8988 	  1.9039 	  
0.95 	 1.8923 	  1.8972 	  
1.05 	 1.8859 	  1.8907 	  
1.15 	 1.8797 	  1.8843 	  
1.25 	 1.8737 	  1.878 	  
1.35 	 1.8678 	  1.872 	  
1.45 	 1.8621 	  1.8661 	  
1.55 	 1.8567 	  1.8605 	  
1.65 	 1.8514 	  1.855 	  
1.75 	 1.8464 	  1.8498 	  
1.85 	 1.8416 	  1.8448 	  
1.95 	 1.837 	  1.84 	  
2.05 	 1.8326 	  1.8355 	  
2.15 	 1.8285 	  1.8312 	  
2.25 	 1.8247 	  1.8272 	  
2.35 	 1.8211 	  1.8234 	  
2.45 	 1.8178 	  1.8199 	  
2.55 	 1.8148 	  1.8167 	  
2.65 	 1.812 	  1.8137 	  
2.75 	 1.8095 	  1.8111 	  
2.85 	 1.8073 	  1.8087 	  
2.95 	 1.8054 	  1.8066 	  
3.05 	 1.8038 	  1.8047 	  
3.15 	 1.8025 	  1.8032 	  
3.25 	 1.8015 	  1.802 	  
3.35 	 1.8008 	  1.801 	  
3.45 	 1.8004 	  1.8004 	  
3.55 	 1.8002 	  1.8001 	  
3.65 	 1.8004 	  1.8 	  
3.75 	 1.8009 	  1.8003 	  
3.85 	 1.8017 	  1.8008 	  
3.95 	 1.8028 	  1.8017 	  
4.05 	 1.8042 	  1.8029 	  
4.15 	 1.8058 	  1.8043 	  
4.25 	 1.8078 	  1.8061 	  
4.35 	 1.8101 	  1.8081 	  
4.45 	 1.8126 	  1.8104 	  
4.55 	 1.8155 	  1.813 	  
4.65 	 1.8186 	  1.8159 	  
4.75 	 1.822 	  1.8191 	  
4.85 	 1.8256 	  1.8225 	  
4.95 	 1.8295 	  1.8262 	  
5.05 	 1.8337 	  1.8302 	  
5.15 	 1.8381 	  1.8344 	  
5.25 	 1.8427 	  1.8389 	  
5.35 	 1.8476 	  1.8436 	  
5.45 	 1.8527 	  1.8485 	  
5.55 	 1.858 	  1.8537 	  
5.65 	 1.8636 	  1.8591 	  
5.75 	 1.8693 	  1.8647 	  
5.85 	 1.8752 	  1.8705 	  
5.95 	 1.8813 	  1.8765 	  
6.05 	 1.8875 	  1.8827 	  
6.15 	 1.8939 	  1.889 	  
6.25 	 1.9005 	  1.8955 	  
6.35 	 1.9072 	  1.9022 	  
6.45 	 1.914 	  1.909 	  
6.55 	 1.921 	  1.916 	  
6.65 	 1.9281 	  1.9231 	  
6.75 	 1.9352 	  1.9303 	  
6.85 	 1.9424 	  1.9376 	  
6.95 	 1.9497 	  1.945 	  
7.05 	 1.9571 	  1.9525 	  
7.15 	 1.9645 	  1.9601 	  
7.25 	 1.9719 	  1.9677 	  
7.35 	 1.9794 	  1.9753 	  
7.45 	 1.9869 	  1.983 	  
7.55 	 1.9944 	  1.9908 	  
7.65 	 2.0019 	  1.9985 	  
7.75 	 2.0094 	  2.0063 	  
7.85 	 2.0168 	  2.014 	  
7.95 	 2.0243 	  2.0217 	  
8.05 	 2.0317 	  2.0294 	  
8.15 	 2.039 	  2.037 	  
8.25 	 2.0463 	  2.0446 	  
8.35 	 2.0535 	  2.0521 	  
8.45 	 2.0606 	  2.0596 	  
8.55 	 2.0677 	  2.0669 	  
8.65 	 2.0747 	  2.0741 	  
8.75 	 2.0816 	  2.0813 	  
8.85 	 2.0884 	  2.0883 	  
8.95 	 2.0951 	  2.0952 	  
9.05 	 2.1016 	  2.1019 	  
9.15 	 2.1081 	  2.1085 	  
9.25 	 2.1144 	  2.1149 	  
9.35 	 2.1206 	  2.1212 	  
9.45 	 2.1266 	  2.1272 	  
9.55 	 2.1325 	  2.1331 	  
9.65 	 2.1382 	  2.1388 	  
9.75 	 2.1437 	  2.1443 	  
9.85 	 2.1491 	  2.1495 	  
9.95 	 2.1543 	  2.1546 	  
10.05 	 2.1592 	  2.1594 	  
10.15 	 2.164 	  2.1639 	  
10.25 	 2.1686 	  2.1682 	  
10.35 	 2.1729 	  2.1723 	  
10.45 	 2.1771 	  2.1761 	  
10.55 	 2.181 	  2.1796 	  
10.65 	 2.1846 	  2.1829 	  
10.75 	 2.188 	  2.1859 	  
10.85 	 2.1912 	  2.1886 	  
10.95 	 2.1941 	  2.191 	  
11.05 	 2.1967 	  2.1932 	  
11.15 	 2.199 	  2.1951 	  
11.25 	 2.2011 	  2.1966 	  
11.35 	 2.2028 	  2.1979 	  
11.45 	 2.2043 	  2.1989 	  
11.55 	 2.2055 	  2.1995 	  
11.65 	 2.2064 	  2.1999 	  
11.75 	 2.207 	  2.2 	  
11.85 	 2.2073 	  2.1998 	  
11.95 	 2.2074 	  2.1992 	  
12.05 	 2.2071 	  2.1984 	  
12.15 	 2.2065 	  2.1973 	  
12.25 	 2.2056 	  2.1959 	  
12.35 	 2.2045 	  2.1942 	  
12.45 	 2.203 	  2.1922 	  
12.55 	 2.2013 	  2.1899 	  
12.65 	 2.1992 	  2.1873 	  
12.75 	 2.1969 	  2.1845 	  
12.85 	 2.1943 	  2.1813 	  
12.95 	 2.1915 	  2.1779 	  
13.05 	 2.1883 	  2.1743 	  
13.15 	 2.1849 	  2.1703 	  
13.25 	 2.1812 	  2.1662 	  
13.35 	 2.1772 	  2.1617 	  
13.45 	 2.1728 	  2.157 	  
13.55 	 2.1681 	  2.1521 	  
13.65 	 2.163 	  2.147 	  
13.75 	 2.1576 	  2.1416 	  
13.85 	 2.1517 	  2.1361 	  
13.95 	 2.1454 	  2.1303 	  
14.05 	 2.1387 	  2.1243 	  
14.15 	 2.1315 	  2.1181 	  
14.25 	 2.1237 	  2.1118 	  
14.35 	 2.1155 	  2.1053 	  
14.45 	 2.1067 	  2.0986 	  
14.55 	 2.0975 	  2.0918 	  
14.65 	 2.0879 	  2.0849 	  
14.75 	 2.078 	  2.0778 	  
14.85 	 2.0677 	  2.0706 	  
14.95 	 2.0571 	  2.0633 	  
15.05 	 2.0463 	  2.0559 	  
15.15 	 2.0354 	  2.0485 	  
15.25 	 2.0244 	  2.0409 	  
15.35 	 2.0134 	  2.0333 	  
15.45 	 2.0024 	  2.0256 	  
15.55 	 1.9916 	  2.0179 	  
15.65 	 1.9811 	  2.0102 	  
15.75 	 1.9708 	  2.0025 	  
15.85 	 1.9608 	  1.9947 	  
15.95 	 1.951 	  1.987 	  
16.05 	 1.9416 	  1.9793 	  
16.15 	 1.9326 	  1.9716 	  
16.25 	 1.9239 	  1.964 	  
16.35 	 1.9157 	  1.9564 	  
16.45 	 1.9078 	  1.9488 	  
16.55 	 1.9002 	  1.9414 	  
16.65 	 1.893 	  1.934 	  
16.75 	 1.8862 	  1.9268 	  
16.85 	 1.8797 	  1.9196 	  
16.95 	 1.8737 	  1.9126 	  
17.05 	 1.868 	  1.9057 	  
17.15 	 1.8628 	  1.8989 	  
17.25 	 1.8579 	  1.8923 	  
17.35 	 1.8535 	  1.8859 	  
17.45 	 1.8495 	  1.8796 	  
17.55 	 1.8459 	  1.8735 	  
17.65 	 1.8428 	  1.8676 	  
17.75 	 1.8401 	  1.8619 	  
17.85 	 1.8379 	  1.8564 	  
17.95 	 1.836 	  1.8511 	  
18.05 	 1.8347 	  1.8461 	  
18.15 	 1.8337 	  1.8412 	  
18.25 	 1.8332 	  1.8367 	  
18.35 	 1.8331 	  1.8323 	  
18.45 	 1.8334 	  1.8282 	  
18.55 	 1.834 	  1.8244 	  
18.65 	 1.835 	  1.8208 	  
18.75 	 1.8362 	  1.8175 	  
18.85 	 1.8377 	  1.8145 	  
18.95 	 1.8394 	  1.8117 	  
19.05 	 1.8413 	  1.8092 	  
19.15 	 1.8433 	  1.8071 	  
19.25 	 1.8454 	  1.8052 	  
19.35 	 1.8475 	  1.8036 	  
19.45 	 1.8496 	  1.8023 	  
19.55 	 1.8516 	  1.8012 	  
19.65 	 1.8536 	  1.8005 	  
19.75 	 1.8554 	  1.8001 	  
19.85 	 1.8571 	  1.8 	  
19.95 	 1.8587 	  1.8002 	  
20.05 	 1.86 	  1.8007 	  
20.15 	 1.8612 	  1.8015 	  
20.25 	 1.8622 	  1.8025 	  
20.35 	 1.863 	  1.8039 	  
20.45 	 1.8636 	  1.8056 	  
20.55 	 1.8641 	  1.8075 	  
20.65 	 1.8644 	  1.8098 	  
20.75 	 1.8647 	  1.8123 	  
20.85 	 1.8648 	  1.8151 	  
20.95 	 1.8649 	  1.8182 	  
21.05 	 1.865 	  1.8216 	  
21.15 	 1.8652 	  1.8252 	  
21.25 	 1.8653 	  1.8291 	  
21.35 	 1.8656 	  1.8333 	  
21.45 	 1.866 	  1.8377 	  
21.55 	 1.8665 	  1.8423 	  
21.65 	 1.8672 	  1.8472 	  
21.75 	 1.8681 	  1.8523 	  
21.85 	 1.8692 	  1.8577 	  
21.95 	 1.8707 	  1.8632 	  
22.05 	 1.8723 	  1.869 	  
22.15 	 1.8743 	  1.8749 	  
22.25 	 1.8766 	  1.881 	  
22.35 	 1.8793 	  1.8874 	  
22.45 	 1.8823 	  1.8938 	  
22.55 	 1.8856 	  1.9005 	  
22.65 	 1.8894 	  1.9073 	  
22.75 	 1.8935 	  1.9142 	  
22.85 	 1.898 	  1.9213 	  
22.95 	 1.9028 	  1.9284 	  
23.05 	 1.9081 	  1.9357 	  
23.15 	 1.9137 	  1.9431 	  
23.25 	 1.9197 	  1.9506 	  
23.35 	 1.926 	  1.9581 	  
23.45 	 1.9328 	  1.9657 	  
23.55 	 1.9398 	  1.9734 	  
23.65 	 1.9472 	  1.9811 	  
23.75 	 1.9549 	  1.9888 	  
23.85 	 1.9629 	  1.9965 	  
23.95 	 1.9712 	  2.0043 	  
24.05 	 1.9798 	  2.012 	  
24.15 	 1.9886 	  2.0197 	  
24.25 	 1.9977 	  2.0274 	  
24.35 	 2.0069 	  2.0351 	  
24.45 	 2.0162 	  2.0427 	  
24.55 	 2.0257 	  2.0502 	  
24.65 	 2.0353 	  2.0577 	  
24.75 	 2.045 	  2.065 	  
24.85 	 2.0547 	  2.0723 	  
24.95 	 2.0644 	  2.0795 	  
25.05 	 2.0741 	  2.0865 	  
25.15 	 2.0836 	  2.0934 	  
25.25 	 2.093 	  2.1002 	  
25.35 	 2.1022 	  2.1068 	  
25.45 	 2.1112 	  2.1133 	  
25.55 	 2.1199 	  2.1196 	  
25.65 	 2.1284 	  2.1257 	  
25.75 	 2.1365 	  2.1316 	  
25.85 	 2.1443 	  2.1374 	  
25.95 	 2.1516 	  2.1429 	  
26.05 	 2.1585 	  2.1482 	  
26.15 	 2.1649 	  2.1533 	  
26.25 	 2.1709 	  2.1581 	  
26.35 	 2.1764 	  2.1628 	  
26.45 	 2.1814 	  2.1671 	  
26.55 	 2.1859 	  2.1713 	  
26.65 	 2.1898 	  2.1751 	  
26.75 	 2.1932 	  2.1787 	  
26.85 	 2.196 	  2.1821 	  
26.95 	 2.1983 	  2.1852 	  
27.05 	 2.2 	  2.1879 	  
27.15 	 2.2012 	  2.1904 	  
27.25 	 2.2019 	  2.1927 	  
27.35 	 2.202 	  2.1946 	  
27.45 	 2.2016 	  2.1962 	  
27.55 	 2.2008 	  2.1976 	  
27.65 	 2.1995 	  2.1986 	  
27.75 	 2.1978 	  2.1994 	  
27.85 	 2.1957 	  2.1998 	  
27.95 	 2.1933 	  2.2 	  
28.05 	 2.1904 	  2.1999 	  
28.15 	 2.1873 	  2.1994 	  
28.25 	 2.1838 	  2.1987 	  
28.35 	 2.1801 	  2.1976 	  
28.45 	 2.1761 	  2.1963 	  
28.55 	 2.172 	  2.1946 	  
28.65 	 2.1676 	  2.1927 	  
28.75 	 2.1631 	  2.1905 	  
28.85 	 2.1584 	  2.188 	  
28.95 	 2.1536 	  2.1852 	  
29.05 	 2.1487 	  2.1822 	  
29.15 	 2.1438 	  2.1788 	  
29.25 	 2.1387 	  2.1752 	  
29.35 	 2.1337 	  2.1714 	  
29.45 	 2.1286 	  2.1673 	  
29.55 	 2.1235 	  2.1629 	  
29.65 	 2.1184 	  2.1583 	  
29.75 	 2.1134 	  2.1534 	  
29.85 	 2.1084 	  2.1483 	  
29.95 	 2.1034 	  2.143 	  
30.05 	 2.0985 	  2.1375 	  
30.15 	 2.0936 	  2.1318 	  
30.25 	 2.0888 	  2.1259 	  
30.35 	 2.0841 	  2.1197 	  
30.45 	 2.0795 	  2.1135 	  
30.55 	 2.075 	  2.107 	  
30.65 	 2.0706 	  2.1004 	  
30.75 	 2.0663 	  2.0936 	  
30.85 	 2.0621 	  2.0867 	  
30.95 	 2.058 	  2.0796 	  
31.05 	 2.0541 	  2.0725 	  
31.15 	 2.0502 	  2.0652 	  
31.25 	 2.0465 	  2.0578 	  
31.35 	 2.043 	  2.0504 	  
31.45 	 2.0395 	  2.0429 	  
31.55 	 2.0362 	  2.0353 	  
31.65 	 2.0329 	  2.0276 	  
31.75 	 2.0299 	  2.0199 	  
31.85 	 2.0269 	  2.0122 	  
31.95 	 2.024 	  2.0045 	  
32.05 	 2.0213 	  1.9967 	  
32.15 	 2.0187 	  1.989 	  
32.25 	 2.0162 	  1.9813 	  
32.35 	 2.0138 	  1.9736 	  
32.45 	 2.0116 	  1.9659 	  
32.55 	 2.0094 	  1.9583 	  
32.65 	 2.0073 	  1.9508 	  
32.75 	 2.0054 	  1.9433 	  
32.85 	 2.0035 	  1.9359 	  
32.95 	 2.0018 	  1.9286 	  
33.05 	 2.0001 	  1.9215 	  
33.15 	 1.9986 	  1.9144 	  
33.25 	 1.9971 	  1.9075 	  
33.35 	 1.9957 	  1.9007 	  
33.45 	 1.9944 	  1.894 	  
33.55 	 1.9932 	  1.8875 	  
33.65 	 1.992 	  1.8812 	  
33.75 	 1.991 	  1.8751 	  
33.85 	 1.99 	  1.8691 	  
33.95 	 1.9891 	  1.8634 	  
34.05 	 1.9882 	  1.8578 	  
34.15 	 1.9874 	  1.8525 	  
34.25 	 1.9867 	  1.8474 	  
34.35 	 1.986 	  1.8425 	  
34.45 	 1.9854 	  1.8378 	  
34.55 	 1.9849 	  1.8334 	  
34.65 	 1.9844 	  1.8292 	  
34.75 	 1.9839 	  1.8253 	  
34.85 	 1.9835 	  1.8217 	  
34.95 	 1.9832 	  1.8183 	  
35.05 	 1.9828 	  1.8152 	  
35.15 	 1.9826 	  1.8124 	  
35.25 	 1.9823 	  1.8099 	  
35.35 	 1.9821 	  1.8076 	  
35.45 	 1.982 	  1.8056 	  
35.55 	 1.9819 	  1.804 	  
35.65 	 1.9818 	  1.8026 	  
35.75 	 1.9817 	  1.8015 	  
35.85 	 1.9817 	  1.8007 	  
35.95 	 1.9817 	  1.8002 	  
36.05 	 1.9817 	  1.8 	  
36.15 	 1.9817 	  1.8001 	  
36.25 	 1.9818 	  1.8005 	  
36.35 	 1.9819 	  1.8012 	  
36.45 	 1.982 	  1.8022 	  
36.55 	 1.9821 	  1.8035 	  
36.65 	 1.9822 	  1.8051 	  
36.75 	 1.9824 	  1.807 	  
36.85 	 1.9825 	  1.8092 	  
36.95 	 1.9827 	  1.8117 	  
37.05 	 1.9829 	  1.8144 	  
37.15 	 1.9831 	  1.8174 	  
37.25 	 1.9833 	  1.8207 	  
37.35 	 1.9836 	  1.8243 	  
37.45 	 1.9838 	  1.8281 	  
37.55 	 1.984 	  1.8322 	  
37.65 	 1.9843 	  1.8365 	  
37.75 	 1.9845 	  1.8411 	  
37.85 	 1.9848 	  1.8459 	  
37.95 	 1.985 	  1.851 	  
38.05 	 1.9853 	  1.8563 	  
38.15 	 1.9856 	  1.8618 	  
38.25 	 1.9858 	  1.8675 	  
38.35 	 1.9861 	  1.8734 	  
38.45 	 1.9864 	  1.8795 	  
38.55 	 1.9867 	  1.8857 	  
38.65 	 1.9869 	  1.8922 	  
38.75 	 1.9872 	  1.8988 	  
38.85 	 1.9875 	  1.9055 	  
38.95 	 1.9878 	  1.9124 	  
39.05 	 1.988 	  1.9194 	  
39.15 	 1.9883 	  1.9266 	  
39.25 	 1.9886 	  1.9338 	  
39.35 	 1.9888 	  1.9412 	  
39.45 	 1.9891 	  1.9486 	  
39.55 	 1.9894 	  1.9562 	  
39.65 	 1.9896 	  1.9638 	  
39.75 	 1.9899 	  1.9714 	  
39.85 	 1.9901 	  1.9791 	  
39.95 	 1.9904 	  1.9868 	  
40.05 	 1.9906 	  1.9945 	  
40.15 	 1.9909 	  2.0023 	  
40.25 	 1.9911 	  2.01 	  
40.35 	 1.9914 	  2.0177 	  
40.45 	 1.9916 	  2.0254 	  
40.55 	 1.9918 	  2.0331 	  
40.65 	 1.9921 	  2.0407 	  
40.75 	 1.9923 	  2.0483 	  
40.85 	 1.9925 	  2.0557 	  
40.95 	 1.9927 	  2.0631 	  
41.05 	 1.9929 	  2.0704 	  
41.15 	 1.9931 	  2.0776 	  
41.25 	 1.9933 	  2.0847 	  
41.35 	 1.9935 	  2.0917 	  
41.45 	 1.9937 	  2.0985 	  
41.55 	 1.9939 	  2.1051 	  
41.65 	 1.9941 	  2.1116 	  
41.75 	 1.9943 	  2.118 	  
41.85 	 1.9945 	  2.1241 	  
41.95 	 1.9946 	  2.1301 	  
42.05 	 1.9948 	  2.1359 	  
42.15 	 1.995 	  2.1415 	  
42.25 	 1.9951 	  2.1469 	  
42.35 	 1.9953 	  2.152 	  
42.45 	 1.9954 	  2.1569 	  
42.55 	 1.9956 	  2.1616 	  
42.65 	 1.9957 	  2.166 	  
42.75 	 1.9959 	  2.1702 	  
42.85 	 1.996 	  2.1742 	  
42.95 	 1.9961 	  2.1778 	  
43.05 	 1.9963 	  2.1813 	  
43.15 	 1.9964 	  2.1844 	  
43.25 	 1.9965 	  2.1873 	  
43.35 	 1.9966 	  2.1898 	  
43.45 	 1.9967 	  2.1921 	  
43.55 	 1.9969 	  2.1941 	  
43.65 	 1.997 	  2.1958 	  
43.75 	 1.9971 	  2.1973 	  
43.85 	 1.9972 	  2.1984 	  
43.95 	 1.9973 	  2.1992 	  
44.05 	 1.9974 	  2.1998 	  
44.15 	 1.9975 	  2.2 	  
44.25 	 1.9975 	  2.1999 	  
44.35 	 1.9976 	  2.1996 	  
44.45 	 1.9977 	  2.1989 	  
44.55 	 1.9978 	  2.1979 	  
44.65 	 1.9979 	  2.1967 	  
44.75 	 1.998 	  2.1951 	  
44.85 	 1.998 	  2.1932 	  
44.95 	 1.9981 	  2.1911 	  
45.05 	 1.9982 	  2.1887 	  
45.15 	 1.9982 	  2.186 	  
45.25 	 1.9983 	  2.183 	  
45.35 	 1.9984 	  2.1797 	  
45.45 	 1.9984 	  2.1762 	  
45.55 	 1.9985 	  2.1724 	  
45.65 	 1.9985 	  2.1683 	  
45.75 	 1.9986 	  2.164 	  
45.85 	 1.9987 	  2.1595 	  
45.95 	 1.9987 	  2.1547 	  
46.05 	 1.9988 	  2.1497 	  
46.15 	 1.9988 	  2.1444 	  
46.25 	 1.9988 	  2.1389 	  
46.35 	 1.9989 	  2.1333 	  
46.45 	 1.9989 	  2.1274 	  
46.55 	 1.999 	  2.1213 	  
46.65 	 1.999 	  2.1151 	  
46.75 	 1.9991 	  2.1087 	  
46.85 	 1.9991 	  2.1021 	  
46.95 	 1.9991 	  2.0954 	  
47.05 	 1.9992 	  2.0885 	  
47.15 	 1.9992 	  2.0815 	  
47.25 	 1.9992 	  2.0743 	  
47.35 	 1.9993 	  2.0671 	  
47.45 	 1.9993 	  2.0597 	  
47.55 	 1.9993 	  2.0523 	  
47.65 	 1.9993 	  2.0448 	  
47.75 	 1.9994 	  2.0372 	  
47.85 	 1.9994 	  2.0296 	  
47.95 	 1.9994 	  2.0219 	  
48.05 	 1.9994 	  2.0142 	  
48.15 	 1.9995 	  2.0065 	  
48.25 	 1.9995 	  1.9987 	  
48.35 	 1.9995 	  1.991 	  
48.45 	 1.9995 	  1.9832 	  
48.55 	 1.9996 	  1.9755 	  
48.65 	 1.9996 	  1.9679 	  
48.75 	 1.9996 	  1.9603 	  
48.85 	 1.9996 	  1.9527 	  
48.95 	 1.9996 	  1.9452 	  
49.05 	 1.9996 	  1.9378 	  
49.15 	 1.9997 	  1.9305 	  
49.25 	 1.9997 	  1.9233 	  
49.35 	 1.9997 	  1.9162 	  
49.45 	 1.9997 	  1.9092 	  
49.55 	 1.9997 	  1.9024 	  
49.65 	 1.9997 	  1.8957 	  
49.75 	 1.9997 	  1.8892 	  
49.85 	 1.9997 	  1.8828 	  
49.95 	 1.9998 	  1.8766 	  
50.05 	 1.9998 	  1.8706 	  
50.15 	 1.9998 	  1.8648 	  
50.25 	 1.9998 	  1.8592 	  
50.35 	 1.9998 	  1.8538 	  
50.45 	 1.9998 	  1.8486 	  
50.55 	 1.9998 	  1.8437 	  
50.65 	 1.9998 	  1.839 	  
50.75 	 1.9998 	  1.8345 	  
50.85 	 1.9998 	  1.8303 	  
50.95 	 1.9998 	  1.8263 	  
51.05 	 1.9999 	  1.8226 	  
51.15 	 1.9999 	  1.8192 	  
51.25 	 1.9999 	  1.816 	  
51.35 	 1.9999 	  1.8131 	  
51.45 	 1.9999 	  1.8105 	  
51.55 	 1.9999 	  1.8082 	  
51.65 	 1.9999 	  1.8061 	  
51.75 	 1.9999 	  1.8044 	  
51.85 	 1.9999 	  1.8029 	  
51.95 	 1.9999 	  1.8017 	  
52.05 	 1.9999 	  1.8009 	  
52.15 	 1.9999 	  1.8003 	  
52.25 	 1.9999 	  1.8 	  
52.35 	 1.9999 	  1.8001 	  
52.45 	 1.9999 	  1.8004 	  
52.55 	 1.9999 	  1.801 	  
52.65 	 1.9999 	  1.8019 	  
52.75 	 1.9999 	  1.8032 	  
52.85 	 1.9999 	  1.8047 	  
52.95 	 1.9999 	  1.8065 	  
53.05 	 1.9999 	  1.8086 	  
53.15 	 2 	  1.811 	  
53.25 	 2 	  1.8137 	  
53.35 	 2 	  1.8166 	  
53.45 	 2 	  1.8198 	  
53.55 	 2 	  1.8233 	  
53.65 	 2 	  1.8271 	  
53.75 	 2 	  1.8311 	  
53.85 	 2 	  1.8354 	  
53.95 	 2 	  1.8399 	  
54.05 	 2 	  1.8447 	  
54.15 	 2 	  1.8497 	  
54.25 	 2 	  1.8549 	  
54.35 	 2 	  1.8603 	  
54.45 	 2 	  1.866 	  
54.55 	 2 	  1.8718 	  
54.65 	 2 	  1.8779 	  
54.75 	 2 	  1.8841 	  
54.85 	 2 	  1.8905 	  
54.95 	 2 	  1.8971 	  
55.05 	 2 	  1.9038 	  
55.15 	 2 	  1.9106 	  
55.25 	 2 	  1.9176 	  
55.35 	 2 	  1.9247 	  
55.45 	 2 	  1.932 	  
55.55 	 2 	  1.9393 	  
55.65 	 2 	  1.9467 	  
55.75 	 2 	  1.9542 	  
55.85 	 2 	  1.9618 	  
55.95 	 2 	  1.9694 	  
56.05 	 2 	  1.9771 	  
56.15 	 2 	  1.9848 	  
56.25 	 2 	  1.9925 	  
56.35 	 2 	  2.0003 	  
56.45 	 2 	  2.008 	  
56.55 	 2 	  2.0158 	  
56.65 	 2 	  2.0235 	  
56.75 	 2 	  2.0311 	  
56.85 	 2 	  2.0388 	  
56.95 	 2 	  2.0463 	  
57.05 	 2 	  2.0538 	  
57.15 	 2 	  2.0612 	  
57.25 	 2 	  2.0686 	  
57.35 	 2 	  2.0758 	  
57.45 	 2 	  2.0829 	  
57.55 	 2 	  2.0899 	  
57.65 	 2 	  2.0967 	  
57.75 	 2 	  2.1034 	  
57.85 	 2 	  2.11 	  
57.95 	 2 	  2.1164 	  
58.05 	 2 	  2.1226 	  
58.15 	 2 	  2.1286 	  
58.25 	 2 	  2.1344 	  
58.35 	 2 	  2.1401 	  
58.45 	 2 	  2.1455 	  
58.55 	 2 	  2.1507 	  
58.65 	 2 	  2.1557 	  
58.75 	 2 	  2.1604 	  
58.85 	 2 	  2.1649 	  
58.95 	 2 	  2.1692 	  
59.05 	 2 	  2.1732 	  
59.15 	 2 	  2.1769 	  
59.25 	 2 	  2.1804 	  
59.35 	 2 	  2.1836 	  
59.45 	 2 	  2.1865 	  
59.55 	 2 	  2.1892 	  
59.65 	 2 	  2.1916 	  
59.75 	 2 	  2.1936 	  
59.85 	 2 	  2.1954 	  
59.95 	 2 	  2.1969 	  
60.05 	 2 	  2.1981 	  
60.15 	 2 	  2.199 	  
60.25 	 2 	  2.1997 	  
60.35 	 2 	  2.2 	  
60.45 	 2 	  2.2 	  
60.55 	 2 	  2.1997 	  
60.65 	 2 	  2.1991 	  
60.75 	 2 	  2.1982 	  
60.85 	 2 	  2.197 	  
60.95 	 2 	  2.1955 	  
61.05 	 2 	  2.1938 	  
61.15 	 2 	  2.1917 	  
61.25 	 2 	  2.1893 	  
61.35 	 2 	  2.1867 	  
61.45 	 2 	  2.1838 	  
61.55 	 2 	  2.1806 	  
61.65 	 2 	  2.1771 	  
61.75 	 2 	  2.1734 	  
61.85 	 2 	  2.1694 	  
61.95 	 2 	  2.1652 	  
62.05 	 2 	  2.1607 	  
62.15 	 2 	  2.1559 	  
62.25 	 2 	  2.151 	  
62.35 	 2 	  2.1458 	  
62.45 	 2.0001 	  2.1404 	  
62.55 	 2 	  2.1348 	  
62.65 	 2.0001 	  2.1289 	  
62.75 	 2.0001 	  2.1229 	  
62.85 	 2.0001 	  2.1167 	  
62.95 	 2 	  2.1103 	  
63.05 	 2 	  2.1038 	  
63.15 	 2 	  2.0971 	  
63.25 	 2 	  2.0903 	  
63.35 	 2 	  2.0833 	  
63.45 	 2 	  2.0762 	  
63.55 	 2 	  2.069 	  
63.65 	 2.0001 	  2.0616 	  
63.75 	 2.0001 	  2.0542 	  
63.85 	 2.0001 	  2.0467 	  
63.95 	 2 	  2.0392 	  
64.05 	 2 	  2.0316 	  
64.15 	 2 	  2.0239 	  
64.25 	 2 	  2.0162 	  
64.35 	 2 	  2.0085 	  
64.45 	 2 	  2.0007 	  
64.55 	 2 	  1.993 	  
64.65 	 2 	  1.9852 	  
64.75 	 2 	  1.9775 	  
64.85 	 2 	  1.9698 	  
64.95 	 2 	  1.9622 	  
65.05 	 2 	  1.9546 	  
65.15 	 2 	  1.9471 	  
65.25 	 2 	  1.9397 	  
65.35 	 2 	  1.9324 	  
65.45 	 2 	  1.9251 	  
65.55 	 2 	  1.918 	  
65.65 	 2 	  1.911 	  
65.75 	 2 	  1.9041 	  
65.85 	 2 	  1.8974 	  
65.95 	 2 	  1.8908 	  
66.05 	 2 	  1.8844 	  
66.15 	 2 	  1.8782 	  
66.25 	 2 	  1.8722 	  
66.35 	 2 	  1.8663 	  
66.45 	 2 	  1.8606 	  
66.55 	 2 	  1.8552 	  
66.65 	 2 	  1.85 	  
66.75 	 2 	  1.845 	  
66.85 	 2 	  1.8402 	  
66.95 	 2 	  1.8356 	  
67.05 	 2 	  1.8314 	  
67.15 	 2 	  1.8273 	  
67.25 	 2 	  1.8235 	  
67.35 	 2 	  1.82 	  
67.45 	 2 	  1.8168 	  
67.55 	 2 	  1.8138 	  
67.65 	 2 	  1.8111 	  
67.75 	 2 	  1.8087 	  
67.85 	 2 	  1.8066 	  
67.95 	 2 	  1.8048 	  
68.05 	 2 	  1.8032 	  
68.15 	 2 	  1.802 	  
68.25 	 2 	  1.8011 	  
68.35 	 2 	  1.8004 	  
68.45 	 2 	  1.8001 	  
68.55 	 2 	  1.8 	  
68.65 	 2 	  1.8003 	  
68.75 	 2 	  1.8008 	  
68.85 	 2 	  1.8017 	  
68.95 	 2 	  1.8028 	  
69.05 	 2 	  1.8043 	  
69.15 	 2 	  1.806 	  
69.25 	 2 	  1.808 	  
69.35 	 2 	  1.8104 	  
69.45 	 2 	  1.813 	  
69.55 	 2 	  1.8158 	  
69.65 	 2 	  1.819 	  
69.75 	 2 	  1.8224 	  
69.85 	 2 	  1.8261 	  
69.95 	 2 	  1.8301 	  
70.05 	 2 	  1.8343 	  
70.15 	 2 	  1.8387 	  
70.25 	 2 	  1.8434 	  
70.35 	 2 	  1.8484 	  
70.45 	 2 	  1.8535 	  
70.55 	 2 	  1.8589 	  
70.65 	 2 	  1.8645 	  
70.75 	 2 	  1.8703 	  
70.85 	 2 	  1.8763 	  
70.95 	 2 	  1.8825 	  
71.05 	 2 	  1.8888 	  
71.15 	 2 	  1.8954 	  
71.25 	 2 	  1.902 	  
71.35 	 2 	  1.9089 	  
71.45 	 2 	  1.9158 	  
71.55 	 2 	  1.9229 	  
71.65 	 2 	  1.9301 	  
71.75 	 2 	  1.9374 	  
71.85 	 2 	  1.9448 	  
71.95 	 2 	  1.9523 	  
72.05 	 2 	  1.9598 	  
72.15 	 2 	  1.9675 	  
72.25 	 2 	  1.9751 	  
72.35 	 2 	  1.9828 	  
72.45 	 2 	  1.9906 	  
72.55 	 2 	  1.9983 	  
72.65 	 2 	  2.006 	  
72.75 	 2 	  2.0138 	  
72.85 	 2 	  2.0215 	  
72.95 	 2 	  2.0292 	  
73.05 	 2 	  2.0368 	  
73.15 	 2 	  2.0444 	  
73.25 	 2 	  2.0519 	  
73.35 	 2 	  2.0593 	  
73.45 	 2 	  2.0667 	  
73.55 	 2 	  2.0739 	  
73.65 	 2 	  2.0811 	  
73.75 	 2 	  2.0881 	  
73.85 	 2 	  2.095 	  
73.95 	 2 	  2.1017 	  
74.05 	 2 	  2.1083 	  
74.15 	 2 	  2.1147 	  
74.25 	 2 	  2.121 	  
74.35 	 2 	  2.1271 	  
74.45 	 2 	  2.133 	  
74.55 	 2 	  2.1386 	  
74.65 	 2 	  2.1441 	  
74.75 	 2 	  2.1494 	  
74.85 	 2 	  2.1544 	  
74.95 	 2 	  2.1592 	  
75.05 	 2 	  2.1638 	  
75.15 	 2 	  2.1681 	  
75.25 	 2 	  2.1722 	  
75.35 	 2 	  2.176 	  
75.45 	 2 	  2.1795 	  
75.55 	 2 	  2.1828 	  
75.65 	 2 	  2.1858 	  
75.75 	 2 	  2.1885 	  
75.85 	 2 	  2.191 	  
75.95 	 2 	  2.1931 	  
76.05 	 2 	  2.195 	  
76.15 	 2 	  2.1966 	  
76.25 	 2 	  2.1979 	  
76.35 	 2 	  2.1988 	  
76.45 	 2 	  2.1995 	  
76.55 	 2 	  2.1999 	  
76.65 	 2 	  2.2 	  
76.75 	 2 	  2.1998 	  
76.85 	 2 	  2.1993 	  
76.95 	 2 	  2.1985 	  
77.05 	 2 	  2.1973 	  
77.15 	 2 	  2.1959 	  
77.25 	 2 	  2.1942 	  
77.35 	 2 	  2.1922 	  
77.45 	 2 	  2.19 	  
77.55 	 2 	  2.1874 	  
77.65 	 2 	  2.1846 	  
77.75 	 2 	  2.1814 	  
77.85 	 2 	  2.178 	  
77.95 	 2 	  2.1744 	  
78.05 	 2 	  2.1705 	  
78.15 	 2 	  2.1663 	  
78.25 	 2 	  2.1618 	  
78.35 	 2 	  2.1572 	  
78.45 	 2 	  2.1523 	  
78.55 	 2 	  2.1471 	  
78.65 	 2 	  2.1418 	  
78.75 	 2 	  2.1362 	  
78.85 	 2 	  2.1304 	  
78.95 	 2 	  2.1245 	  
79.05 	 2 	  2.1183 	  
79.15 	 2 	  2.112 	  
79.25 	 2 	  2.1055 	  
79.35 	 2 	  2.0988 	  
79.45 	 2 	  2.092 	  
79.55 	 2 	  2.0851 	  
79.65 	 2 	  2.078 	  
79.75 	 2 	  2.0708 	  
79.85 	 2 	  2.0635 	  
79.95 	 2 	  2.0561 	  
80.05 	 2 	  2.0487 	  
80.15 	 2 	  2.0411 	  
80.25 	 2 	  2.0335 	  
80.35 	 2 	  2.0259 	  
80.45 	 2 	  2.0182 	  
80.55 	 2 	  2.0104 	  
80.65 	 2 	  2.0027 	  
80.75 	 2 	  1.995 	  
80.85 	 2 	  1.9872 	  
80.95 	 2 	  1.9795 	  
81.05 	 2 	  1.9718 	  
81.15 	 2 	  1.9642 	  
81.25 	 2 	  1.9566 	  
81.35 	 2 	  1.9491 	  
81.45 	 2 	  1.9416 	  
81.55 	 2 	  1.9342 	  
81.65 	 2 	  1.927 	  
81.75 	 2 	  1.9198 	  
81.85 	 2 	  1.9128 	  
81.95 	 2 	  1.9059 	  
82.05 	 2 	  1.8991 	  
82.15 	 2 	  1.8925 	  
82.25 	 2 	  1.8861 	  
82.35 	 2 	  1.8798 	  
82.45 	 2 	  1.8737 	  
82.55 	 2 	  1.8678 	  
82.65 	 2 	  1.8621 	  
82.75 	 2 	  1.8566 	  
82.85 	 2 	  1.8513 	  
82.95 	 2 	  1.8462 	  
83.05 	 2 	  1.8414 	  
83.15 	 2 	  1.8368 	  
83.25 	 2 	  1.8324 	  
83.35 	 2 	  1.8283 	  
83.45 	 2 	  1.8245 	  
83.55 	 2 	  1.8209 	  
83.65 	 2 	  1.8176 	  
83.75 	 2 	  1.8146 	  
83.85 	 2 	  1.8118 	  
83.95 	 2 	  1.8093 	  
84.05 	 2 	  1.8071 	  
84.15 	 2 	  1.8052 	  
84.25 	 2 	  1.8036 	  
84.35 	 2 	  1.8023 	  
84.45 	 2 	  1.8013 	  
84.55 	 2 	  1.8005 	  
84.65 	 2 	  1.8001 	  
84.75 	 2 	  1.8 	  
84.85 	 2 	  1.8002 	  
84.95 	 2 	  1.8007 	  
85.05 	 2 	  1.8014 	  
85.15 	 2 	  1.8025 	  
85.25 	 2 	  1.8039 	  
85.35 	 2 	  1.8055 	  
85.45 	 2 	  1.8075 	  
85.55 	 2 	  1.8097 	  
85.65 	 2 	  1.8123 	  
85.75 	 2 	  1.8151 	  
85.85 	 2 	  1.8182 	  
85.95 	 2 	  1.8215 	  
86.05 	 2 	  1.8251 	  
86.15 	 2 	  1.829 	  
86.25 	 2 	  1.8332 	  
86.35 	 2 	  1.8376 	  
86.45 	 2 	  1.8422 	  
86.55 	 2 	  1.8471 	  
86.65 	 2 	  1.8522 	  
86.75 	 2 	  1.8575 	  
86.85 	 2 	  1.8631 	  
86.95 	 2 	  1.8688 	  
87.05 	 2 	  1.8747 	  
87.15 	 2 	  1.8809 	  
87.25 	 2 	  1.8872 	  
87.35 	 2 	  1.8937 	  
87.45 	 2 	  1.9003 	  
87.55 	 2 	  1.9071 	  
87.65 	 2 	  1.914 	  
87.75 	 2 	  1.9211 	  
87.85 	 2 	  1.9282 	  
87.95 	 2 	  1.9355 	  
88.05 	 2 	  1.9429 	  
88.15 	 2 	  1.9504 	  
88.25 	 2 	  1.9579 	  
88.35 	 2 	  1.9655 	  
88.45 	 2 	  1.9732 	  
88.55 	 2 	  1.9808 	  
88.65 	 2 	  1.9886 	  
88.75 	 2 	  1.9963 	  
88.85 	 2 	  2.004 	  
88.95 	 2 	  2.0118 	  
89.05 	 2 	  2.0195 	  
89.15 	 2 	  2.0272 	  
89.25 	 2 	  2.0349 	  
89.35 	 2 	  2.0424 	  
89.45 	 2 	  2.05 	  
89.55 	 2 	  2.0574 	  
89.65 	 2 	  2.0648 	  
89.75 	 2 	  2.0721 	  
89.85 	 2 	  2.0793 	  
89.95 	 2 	  2.0863 	  
90.05 	 2 	  2.0932 	  
90.15 	 2 	  2.1 	  
90.25 	 2 	  2.1066 	  
90.35 	 2 	  2.1131 	  
90.45 	 2 	  2.1194 	  
90.55 	 2 	  2.1255 	  
90.65 	 2 	  2.1315 	  
90.75 	 2 	  2.1372 	  
90.85 	 2 	  2.1427 	  
90.95 	 2 	  2.1481 	  
91.05 	 2 	  2.1531 	  
91.15 	 2 	  2.158 	  
91.25 	 2 	  2.1626 	  
91.35 	 2 	  2.167 	  
91.45 	 2 	  2.1712 	  
91.55 	 2 	  2.175 	  
91.65 	 2 	  2.1786 	  
91.75 	 2 	  2.182 	  
91.85 	 2 	  2.1851 	  
91.95 	 2 	  2.1879 	  
92.05 	 2 	  2.1904 	  
92.15 	 2 	  2.1926 	  
92.25 	 2 	  2.1946 	  
92.35 	 2 	  2.1962 	  
92.45 	 2 	  2.1976 	  
92.55 	 2 	  2.1986 	  
92.65 	 2 	  2.1994 	  
92.75 	 2 	  2.1998 	  
92.85 	 2 	  2.2 	  
92.95 	 2 	  2.1999 	  
93.05 	 2 	  2.1994 	  
93.15 	 2 	  2.1987 	  
93.25 	 2 	  2.1977 	  
93.35 	 2 	  2.1963 	  
93.45 	 2 	  2.1947 	  
93.55 	 2 	  2.1928 	  
93.65 	 2 	  2.1906 	  
93.75 	 2 	  2.1881 	  
93.85 	 2 	  2.1853 	  
93.95 	 2 	  2.1823 	  
94.05 	 2 	  2.1789 	  
94.15 	 2 	  2.1753 	  
94.25 	 2 	  2.1715 	  
94.35 	 2 	  2.1674 	  
94.45 	 2 	  2.163 	  
94.55 	 2 	  2.1584 	  
94.65 	 2 	  2.1536 	  
94.75 	 2 	  2.1485 	  
94.85 	 2 	  2.1432 	  
94.95 	 2 	  2.1377 	  
95.05 	 2 	  2.1319 	  
95.15 	 2 	  2.126 	  
95.25 	 2 	  2.1199 	  
95.35 	 2 	  2.1136 	  
95.45 	 2 	  2.1072 	  
95.55 	 2 	  2.1006 	  
95.65 	 2 	  2.0938 	  
95.75 	 2 	  2.0869 	  
95.85 	 2 	  2.0798 	  
95.95 	 2 	  2.0727 	  
96.05 	 2 	  2.0654 	  
96.15 	 2 	  2.0581 	  
96.25 	 2 	  2.0506 	  
96.35 	 2 	  2.0431 	  
96.45 	 2 	  2.0355 	  
96.55 	 2 	  2.0278 	  
96.65 	 2 	  2.0201 	  
96.75 	 2 	  2.0124 	  
96.85 	 2 	  2.0047 	  
96.95 	 2 	  1.9969 	  
97.05 	 2 	  1.9892 	  
97.15 	 2 	  1.9815 	  
97.25 	 2 	  1.9738 	  
97.35 	 2 	  1.9661 	  
97.45 	 2 	  1.9585 	  
97.55 	 2 	  1.951 	  
97.65 	 2 	  1.9435 	  
97.75 	 2 	  1.9361 	  
97.85 	 2 	  1.9288 	  
97.95 	 2 	  1.9217 	  
98.05 	 2 	  1.9146 	  
98.15 	 2 	  1.9077 	  
98.25 	 2 	  1.9009 	  
98.35 	 2 	  1.8942 	  
98.45 	 2 	  1.8877 	  
98.55 	 2 	  1.8814 	  
98.65 	 2 	  1.8752 	  
98.75 	 2 	  1.8693 	  
98.85 	 2 	  1.8635 	  
98.95 	 2 	  1.858 	  
99.05 	 2 	  1.8526 	  
99.15 	 2 	  1.8475 	  
99.25 	 2 	  1.8426 	  
99.35 	 2 	  1.8379 	  
99.45 	 2 	  1.8335 	  
99.55 	 2 	  1.8294 	  
99.65 	 2 	  1.8254 	  
99.75 	 2 	  1.8218 	  
99.85 	 2 	  1.8184 	  
99.95 	 2 	  1.8153 	  
100.05 	 1.9999 	  1.8125 	  
100.15 	 1.9999 	  1.8099 	  
100.25 	 1.9999 	  1.8077 	  
100.35 	 1.9999 	  1.8057 	  
100.45 	 1.9999 	  1.804 	  
100.55 	 1.9999 	  1.8026 	  
100.65 	 1.9999 	  1.8015 	  
100.75 	 1.9999 	  1.8007 	  
100.85 	 1.9999 	  1.8002 	  
100.95 	 1.9999 	  1.8 	  
101.05 	 1.9999 	  1.8001 	  
101.15 	 1.9999 	  1.8005 	  
101.25 	 1.9999 	  1.8012 	  
101.35 	 1.9999 	  1.8022 	  
101.45 	 1.9999 	  1.8035 	  
101.55 	 1.9999 	  1.8051 	  
101.65 	 1.9999 	  1.807 	  
101.75 	 1.9999 	  1.8091 	  
101.85 	 1.9999 	  1.8116 	  
101.95 	 1.9999 	  1.8143 	  
102.05 	 1.9999 	  1.8173 	  
102.15 	 1.9999 	  1.8206 	  
102.25 	 1.9999 	  1.8242 	  
102.35 	 1.9999 	  1.828 	  
102.45 	 1.9999 	  1.8321 	  
102.55 	 1.9999 	  1.8364 	  
102.65 	 1.9999 	  1.841 	  
102.75 	 1.9999 	  1.8458 	  
102.85 	 1.9999 	  1.8509 	  
102.95 	 1.9999 	  1.8561 	  
103.05 	 1.9999 	  1.8616 	  
103.15 	 1.9999 	  1.8673 	  
103.25 	 1.9999 	  1.8732 	  
103.35 	 1.9999 	  1.8793 	  
103.45 	 1.9999 	  1.8855 	  
103.55 	 1.9999 	  1.892 	  
103.65 	 1.9999 	  1.8986 	  
103.75 	 1.9999 	  1.9053 	  
103.85 	 1.9999 	  1.9122 	  
103.95 	 1.9999 	  1.9192 	  
104.05 	 1.9999 	  1.9264 	  
104.15 	 1.9999 	  1.9336 	  
104.25 	 1.9999 	  1.941 	  
104.35 	 1.9999 	  1.9484 	  
104.45 	 1.9999 	  1.956 	  
104.55 	 1.9999 	  1.9635 	  
104.65 	 1.9999 	  1.9712 	  
104.75 	 1.9999 	  1.9789 	  
104.85 	 1.9999 	  1.9866 	  
104.95 	 1.9999 	  1.9943 	  
105.05 	 1.9998 	  2.0021 	  
105.15 	 1.9998 	  2.0098 	  
105.25 	 1.9998 	  2.0175 	  
105.35 	 1.9998 	  2.0252 	  
105.45 	 1.9998 	  2.0329 	  
105.55 	 1.9998 	  2.0405 	  
105.65 	 1.9998 	  2.0481 	  
105.75 	 1.9998 	  2.0555 	  
105.85 	 1.9998 	  2.0629 	  
105.95 	 1.9998 	  2.0702 	  
106.05 	 1.9998 	  2.0774 	  
106.15 	 1.9998 	  2.0845 	  
106.25 	 1.9998 	  2.0915 	  
106.35 	 1.9998 	  2.0983 	  
106.45 	 1.9998 	  2.105 	  
106.55 	 1.9998 	  2.1115 	  
106.65 	 1.9998 	  2.1178 	  
106.75 	 1.9998 	  2.124 	  
106.85 	 1.9998 	  2.13 	  
106.95 	 1.9998 	  2.1357 	  
107.05 	 1.9998 	  2.1413 	  
107.15 	 1.9998 	  2.1467 	  
107.25 	 1.9998 	  2.1519 	  
107.35 	 1.9999 	  2.1568 	  
107.45 	 1.9999 	  2.1615 	  
107.55 	 1.9999 	  2.1659 	  
107.65 	 1.9999 	  2.1701 	  
107.75 	 1.9999 	  2.1741 	  
107.85 	 1.9999 	  2.1777 	  
107.95 	 1.9999 	  2.1812 	  
108.05 	 1.9999 	  2.1843 	  
108.15 	 1.9999 	  2.1872 	  
108.25 	 1.9999 	  2.1898 	  
108.35 	 1.9999 	  2.1921 	  
108.45 	 2 	  2.1941 	  
108.55 	 2 	  2.1958 	  
108.65 	 2 	  2.1972 	  
108.75 	 2 	  2.1984 	  
108.85 	 2 	  2.1992 	  
108.95 	 2 	  2.1997 	  
