simtime:  12.674
number of wsf-lines:  1

line_No     y_coord
1	 1.5
2	  Wave Theory 


X 1	 P 1 	 	 	 	 W 1

0.05 	 1.8305 	  1.8276 	  
0.15 	 1.8347 	  1.8317 	  
0.25 	 1.8392 	  1.836 	  
0.35 	 1.8438 	  1.8405 	  
0.45 	 1.8488 	  1.8453 	  
0.55 	 1.8539 	  1.8504 	  
0.65 	 1.8593 	  1.8556 	  
0.75 	 1.8648 	  1.8611 	  
0.85 	 1.8706 	  1.8667 	  
0.95 	 1.8766 	  1.8726 	  
1.05 	 1.8827 	  1.8787 	  
1.15 	 1.889 	  1.8849 	  
1.25 	 1.8955 	  1.8913 	  
1.35 	 1.9021 	  1.8979 	  
1.45 	 1.9089 	  1.9047 	  
1.55 	 1.9158 	  1.9115 	  
1.65 	 1.9229 	  1.9186 	  
1.75 	 1.93 	  1.9257 	  
1.85 	 1.9373 	  1.9329 	  
1.95 	 1.9446 	  1.9403 	  
2.05 	 1.9521 	  1.9477 	  
2.15 	 1.9595 	  1.9552 	  
2.25 	 1.9671 	  1.9628 	  
2.35 	 1.9747 	  1.9704 	  
2.45 	 1.9823 	  1.9781 	  
2.55 	 1.99 	  1.9858 	  
2.65 	 1.9977 	  1.9936 	  
2.75 	 2.0054 	  2.0013 	  
2.85 	 2.013 	  2.0091 	  
2.95 	 2.0207 	  2.0168 	  
3.05 	 2.0283 	  2.0245 	  
3.15 	 2.0359 	  2.0321 	  
3.25 	 2.0434 	  2.0398 	  
3.35 	 2.0508 	  2.0473 	  
3.45 	 2.0582 	  2.0548 	  
3.55 	 2.0655 	  2.0622 	  
3.65 	 2.0727 	  2.0695 	  
3.75 	 2.0798 	  2.0767 	  
3.85 	 2.0867 	  2.0838 	  
3.95 	 2.0936 	  2.0908 	  
4.05 	 2.1003 	  2.0976 	  
4.15 	 2.1068 	  2.1043 	  
4.25 	 2.1132 	  2.1108 	  
4.35 	 2.1195 	  2.1172 	  
4.45 	 2.1255 	  2.1234 	  
4.55 	 2.1314 	  2.1294 	  
4.65 	 2.1371 	  2.1352 	  
4.75 	 2.1425 	  2.1408 	  
4.85 	 2.1478 	  2.1462 	  
4.95 	 2.1528 	  2.1514 	  
5.05 	 2.1577 	  2.1563 	  
5.15 	 2.1623 	  2.161 	  
5.25 	 2.1666 	  2.1655 	  
5.35 	 2.1708 	  2.1697 	  
5.45 	 2.1746 	  2.1737 	  
5.55 	 2.1783 	  2.1774 	  
5.65 	 2.1816 	  2.1808 	  
5.75 	 2.1848 	  2.184 	  
5.85 	 2.1876 	  2.1869 	  
5.95 	 2.1902 	  2.1895 	  
6.05 	 2.1925 	  2.1919 	  
6.15 	 2.1945 	  2.1939 	  
6.25 	 2.1963 	  2.1957 	  
6.35 	 2.1977 	  2.1971 	  
6.45 	 2.1989 	  2.1983 	  
6.55 	 2.1998 	  2.1991 	  
6.65 	 2.2004 	  2.1997 	  
6.75 	 2.2007 	  2.2 	  
6.85 	 2.2008 	  2.1999 	  
6.95 	 2.2005 	  2.1996 	  
7.05 	 2.2 	  2.199 	  
7.15 	 2.1992 	  2.1981 	  
7.25 	 2.198 	  2.1968 	  
7.35 	 2.1966 	  2.1953 	  
7.45 	 2.1949 	  2.1935 	  
7.55 	 2.1929 	  2.1914 	  
7.65 	 2.1906 	  2.189 	  
7.75 	 2.1881 	  2.1863 	  
7.85 	 2.1852 	  2.1834 	  
7.95 	 2.182 	  2.1801 	  
8.05 	 2.1786 	  2.1766 	  
8.15 	 2.1749 	  2.1729 	  
8.25 	 2.1709 	  2.1689 	  
8.35 	 2.1666 	  2.1646 	  
8.45 	 2.1621 	  2.1601 	  
8.55 	 2.1572 	  2.1553 	  
8.65 	 2.1522 	  2.1503 	  
8.75 	 2.1468 	  2.1451 	  
8.85 	 2.1413 	  2.1396 	  
8.95 	 2.1354 	  2.134 	  
9.05 	 2.1294 	  2.1281 	  
9.15 	 2.1231 	  2.1221 	  
9.25 	 2.1165 	  2.1159 	  
9.35 	 2.1098 	  2.1095 	  
9.45 	 2.1029 	  2.1029 	  
9.55 	 2.0957 	  2.0962 	  
9.65 	 2.0884 	  2.0893 	  
9.75 	 2.0809 	  2.0824 	  
9.85 	 2.0733 	  2.0752 	  
9.95 	 2.0656 	  2.068 	  
10.05 	 2.0577 	  2.0607 	  
10.15 	 2.0497 	  2.0532 	  
10.25 	 2.0417 	  2.0457 	  
10.35 	 2.0335 	  2.0382 	  
10.45 	 2.0253 	  2.0305 	  
10.55 	 2.0171 	  2.0229 	  
10.65 	 2.0088 	  2.0152 	  
10.75 	 2.0004 	  2.0074 	  
10.85 	 1.9921 	  1.9997 	  
10.95 	 1.9837 	  1.9919 	  
11.05 	 1.9753 	  1.9842 	  
11.15 	 1.967 	  1.9765 	  
11.25 	 1.9588 	  1.9688 	  
11.35 	 1.9506 	  1.9612 	  
11.45 	 1.9425 	  1.9536 	  
11.55 	 1.9344 	  1.9461 	  
11.65 	 1.9266 	  1.9387 	  
11.75 	 1.9188 	  1.9314 	  
11.85 	 1.9112 	  1.9242 	  
11.95 	 1.9037 	  1.9171 	  
12.05 	 1.8964 	  1.9101 	  
12.15 	 1.8893 	  1.9032 	  
12.25 	 1.8824 	  1.8965 	  
12.35 	 1.8757 	  1.89 	  
12.45 	 1.8693 	  1.8836 	  
12.55 	 1.8631 	  1.8774 	  
12.65 	 1.8573 	  1.8714 	  
12.75 	 1.8517 	  1.8655 	  
12.85 	 1.8465 	  1.8599 	  
12.95 	 1.8416 	  1.8545 	  
13.05 	 1.837 	  1.8493 	  
13.15 	 1.8328 	  1.8443 	  
13.25 	 1.829 	  1.8396 	  
13.35 	 1.8256 	  1.8351 	  
13.45 	 1.8225 	  1.8308 	  
13.55 	 1.8198 	  1.8268 	  
13.65 	 1.8176 	  1.8231 	  
13.75 	 1.8157 	  1.8196 	  
13.85 	 1.8141 	  1.8164 	  
13.95 	 1.813 	  1.8134 	  
14.05 	 1.8122 	  1.8108 	  
14.15 	 1.8118 	  1.8084 	  
14.25 	 1.8117 	  1.8063 	  
14.35 	 1.812 	  1.8046 	  
14.45 	 1.8127 	  1.8031 	  
14.55 	 1.8136 	  1.8019 	  
14.65 	 1.8147 	  1.801 	  
14.75 	 1.8162 	  1.8003 	  
14.85 	 1.8181 	  1.8 	  
14.95 	 1.8202 	  1.8 	  
15.05 	 1.8226 	  1.8003 	  
15.15 	 1.8253 	  1.8009 	  
15.25 	 1.8281 	  1.8018 	  
15.35 	 1.8312 	  1.803 	  
15.45 	 1.8343 	  1.8045 	  
15.55 	 1.8376 	  1.8063 	  
15.65 	 1.841 	  1.8083 	  
15.75 	 1.8444 	  1.8107 	  
15.85 	 1.848 	  1.8133 	  
15.95 	 1.8517 	  1.8162 	  
16.05 	 1.8554 	  1.8194 	  
16.15 	 1.8593 	  1.8229 	  
16.25 	 1.8633 	  1.8266 	  
16.35 	 1.8674 	  1.8306 	  
16.45 	 1.8716 	  1.8349 	  
16.55 	 1.876 	  1.8393 	  
16.65 	 1.8805 	  1.8441 	  
16.75 	 1.885 	  1.849 	  
16.85 	 1.8895 	  1.8542 	  
16.95 	 1.8942 	  1.8596 	  
17.05 	 1.8989 	  1.8653 	  
17.15 	 1.9036 	  1.8711 	  
17.25 	 1.9084 	  1.8771 	  
17.35 	 1.9132 	  1.8833 	  
17.45 	 1.9181 	  1.8897 	  
17.55 	 1.9229 	  1.8962 	  
17.65 	 1.9276 	  1.9029 	  
17.75 	 1.9323 	  1.9098 	  
17.85 	 1.9368 	  1.9167 	  
17.95 	 1.9411 	  1.9238 	  
18.05 	 1.9454 	  1.9311 	  
18.15 	 1.9495 	  1.9384 	  
18.25 	 1.9534 	  1.9458 	  
18.35 	 1.9572 	  1.9533 	  
18.45 	 1.9608 	  1.9608 	  
18.55 	 1.9643 	  1.9685 	  
18.65 	 1.9676 	  1.9761 	  
18.75 	 1.9708 	  1.9838 	  
18.85 	 1.9739 	  1.9916 	  
18.95 	 1.977 	  1.9993 	  
19.05 	 1.9802 	  2.0071 	  
19.15 	 1.9834 	  2.0148 	  
19.25 	 1.9866 	  2.0225 	  
19.35 	 1.99 	  2.0302 	  
19.45 	 1.9936 	  2.0378 	  
19.55 	 1.9975 	  2.0454 	  
19.65 	 2.0016 	  2.0529 	  
19.75 	 2.0061 	  2.0603 	  
19.85 	 2.0109 	  2.0677 	  
19.95 	 2.0162 	  2.0749 	  
20.05 	 2.0218 	  2.082 	  
20.15 	 2.028 	  2.089 	  
20.25 	 2.0346 	  2.0959 	  
20.35 	 2.0417 	  2.1026 	  
20.45 	 2.0493 	  2.1092 	  
20.55 	 2.0574 	  2.1156 	  
20.65 	 2.066 	  2.1218 	  
20.75 	 2.075 	  2.1279 	  
20.85 	 2.0843 	  2.1337 	  
20.95 	 2.0939 	  2.1394 	  
21.05 	 2.1037 	  2.1448 	  
21.15 	 2.1137 	  2.1501 	  
21.25 	 2.1239 	  2.1551 	  
21.35 	 2.1341 	  2.1598 	  
21.45 	 2.1445 	  2.1644 	  
21.55 	 2.1549 	  2.1687 	  
21.65 	 2.1653 	  2.1727 	  
21.75 	 2.1757 	  2.1765 	  
21.85 	 2.1859 	  2.18 	  
21.95 	 2.196 	  2.1832 	  
22.05 	 2.2059 	  2.1862 	  
22.15 	 2.2156 	  2.1889 	  
22.25 	 2.2249 	  2.1913 	  
22.35 	 2.2338 	  2.1934 	  
22.45 	 2.242 	  2.1952 	  
22.55 	 2.2496 	  2.1968 	  
22.65 	 2.2563 	  2.198 	  
22.75 	 2.262 	  2.1989 	  
22.85 	 2.2668 	  2.1996 	  
22.95 	 2.2704 	  2.1999 	  
23.05 	 2.2727 	  2.2 	  
23.15 	 2.2737 	  2.1997 	  
23.25 	 2.2732 	  2.1992 	  
23.35 	 2.2714 	  2.1983 	  
23.45 	 2.2683 	  2.1972 	  
23.55 	 2.264 	  2.1957 	  
23.65 	 2.2585 	  2.194 	  
23.75 	 2.252 	  2.192 	  
23.85 	 2.2445 	  2.1896 	  
23.95 	 2.2362 	  2.187 	  
24.05 	 2.2271 	  2.1842 	  
24.15 	 2.2173 	  2.181 	  
24.25 	 2.2071 	  2.1776 	  
24.35 	 2.1963 	  2.1739 	  
24.45 	 2.1853 	  2.1699 	  
24.55 	 2.1739 	  2.1657 	  
24.65 	 2.1624 	  2.1612 	  
24.75 	 2.1508 	  2.1565 	  
24.85 	 2.1392 	  2.1516 	  
24.95 	 2.1277 	  2.1464 	  
25.05 	 2.1162 	  2.1411 	  
25.15 	 2.1049 	  2.1355 	  
25.25 	 2.0937 	  2.1297 	  
25.35 	 2.0828 	  2.1237 	  
25.45 	 2.0723 	  2.1175 	  
25.55 	 2.062 	  2.1111 	  
25.65 	 2.0521 	  2.1046 	  
25.75 	 2.0426 	  2.0979 	  
25.85 	 2.0335 	  2.0911 	  
25.95 	 2.0249 	  2.0842 	  
26.05 	 2.0167 	  2.0771 	  
26.15 	 2.009 	  2.0699 	  
26.25 	 2.0018 	  2.0626 	  
26.35 	 1.9951 	  2.0552 	  
26.45 	 1.9889 	  2.0477 	  
26.55 	 1.9832 	  2.0401 	  
26.65 	 1.9779 	  2.0325 	  
26.75 	 1.9731 	  2.0248 	  
26.85 	 1.9687 	  2.0171 	  
26.95 	 1.9648 	  2.0094 	  
27.05 	 1.9612 	  2.0017 	  
27.15 	 1.9579 	  1.9939 	  
27.25 	 1.955 	  1.9862 	  
27.35 	 1.9523 	  1.9785 	  
27.45 	 1.9499 	  1.9708 	  
27.55 	 1.9476 	  1.9632 	  
27.65 	 1.9454 	  1.9556 	  
27.75 	 1.9433 	  1.9481 	  
27.85 	 1.9412 	  1.9406 	  
27.95 	 1.9392 	  1.9333 	  
28.05 	 1.937 	  1.926 	  
28.15 	 1.9348 	  1.9189 	  
28.25 	 1.9325 	  1.9119 	  
28.35 	 1.9299 	  1.905 	  
28.45 	 1.9272 	  1.8982 	  
28.55 	 1.9243 	  1.8917 	  
28.65 	 1.9211 	  1.8852 	  
28.75 	 1.9177 	  1.879 	  
28.85 	 1.9141 	  1.8729 	  
28.95 	 1.9102 	  1.867 	  
29.05 	 1.9062 	  1.8613 	  
29.15 	 1.9019 	  1.8559 	  
29.25 	 1.8975 	  1.8506 	  
29.35 	 1.893 	  1.8456 	  
29.45 	 1.8883 	  1.8408 	  
29.55 	 1.8836 	  1.8362 	  
29.65 	 1.8788 	  1.8319 	  
29.75 	 1.8741 	  1.8278 	  
29.85 	 1.8695 	  1.824 	  
29.95 	 1.8649 	  1.8205 	  
30.05 	 1.8604 	  1.8172 	  
30.15 	 1.8561 	  1.8142 	  
30.25 	 1.852 	  1.8115 	  
30.35 	 1.8481 	  1.809 	  
30.45 	 1.8445 	  1.8069 	  
30.55 	 1.8411 	  1.805 	  
30.65 	 1.8379 	  1.8034 	  
30.75 	 1.8351 	  1.8021 	  
30.85 	 1.8325 	  1.8012 	  
30.95 	 1.8303 	  1.8005 	  
31.05 	 1.8285 	  1.8001 	  
31.15 	 1.8269 	  1.8 	  
31.25 	 1.8257 	  1.8002 	  
31.35 	 1.8248 	  1.8007 	  
31.45 	 1.8243 	  1.8016 	  
31.55 	 1.8241 	  1.8027 	  
31.65 	 1.8242 	  1.8041 	  
31.75 	 1.8246 	  1.8058 	  
31.85 	 1.8253 	  1.8078 	  
31.95 	 1.8263 	  1.81 	  
32.05 	 1.8277 	  1.8126 	  
32.15 	 1.8293 	  1.8155 	  
32.25 	 1.8312 	  1.8186 	  
32.35 	 1.8334 	  1.822 	  
32.45 	 1.8359 	  1.8256 	  
32.55 	 1.8386 	  1.8296 	  
32.65 	 1.8415 	  1.8337 	  
32.75 	 1.8446 	  1.8382 	  
32.85 	 1.848 	  1.8428 	  
32.95 	 1.8516 	  1.8477 	  
33.05 	 1.8554 	  1.8529 	  
33.15 	 1.8594 	  1.8582 	  
33.25 	 1.8636 	  1.8638 	  
33.35 	 1.8679 	  1.8696 	  
33.45 	 1.8725 	  1.8755 	  
33.55 	 1.8772 	  1.8817 	  
33.65 	 1.8821 	  1.888 	  
33.75 	 1.8871 	  1.8945 	  
33.85 	 1.8922 	  1.9012 	  
33.95 	 1.8974 	  1.908 	  
34.05 	 1.9026 	  1.9149 	  
34.15 	 1.908 	  1.922 	  
34.25 	 1.9134 	  1.9292 	  
34.35 	 1.9188 	  1.9365 	  
34.45 	 1.9243 	  1.9439 	  
34.55 	 1.9298 	  1.9514 	  
34.65 	 1.9354 	  1.9589 	  
34.75 	 1.941 	  1.9665 	  
34.85 	 1.9466 	  1.9742 	  
34.95 	 1.9523 	  1.9819 	  
35.05 	 1.958 	  1.9896 	  
35.15 	 1.9638 	  1.9973 	  
35.25 	 1.9697 	  2.0051 	  
35.35 	 1.9756 	  2.0128 	  
35.45 	 1.9817 	  2.0205 	  
35.55 	 1.9878 	  2.0282 	  
35.65 	 1.994 	  2.0359 	  
35.75 	 2.0003 	  2.0434 	  
35.85 	 2.0067 	  2.051 	  
35.95 	 2.0132 	  2.0584 	  
36.05 	 2.0198 	  2.0658 	  
36.15 	 2.0265 	  2.073 	  
36.25 	 2.0334 	  2.0802 	  
36.35 	 2.0403 	  2.0872 	  
36.45 	 2.0475 	  2.0941 	  
36.55 	 2.0548 	  2.1009 	  
36.65 	 2.0623 	  2.1075 	  
36.75 	 2.0699 	  2.114 	  
36.85 	 2.0776 	  2.1202 	  
36.95 	 2.0854 	  2.1263 	  
37.05 	 2.0934 	  2.1322 	  
37.15 	 2.1014 	  2.1379 	  
37.25 	 2.1095 	  2.1434 	  
37.35 	 2.1177 	  2.1487 	  
37.45 	 2.1259 	  2.1538 	  
37.55 	 2.1342 	  2.1586 	  
37.65 	 2.1424 	  2.1632 	  
37.75 	 2.1505 	  2.1676 	  
37.85 	 2.1586 	  2.1717 	  
37.95 	 2.1666 	  2.1755 	  
38.05 	 2.1744 	  2.1791 	  
38.15 	 2.1821 	  2.1824 	  
38.25 	 2.1896 	  2.1855 	  
38.35 	 2.1968 	  2.1882 	  
38.45 	 2.2037 	  2.1907 	  
38.55 	 2.2102 	  2.1929 	  
38.65 	 2.2164 	  2.1948 	  
38.75 	 2.222 	  2.1964 	  
38.85 	 2.2271 	  2.1977 	  
38.95 	 2.2316 	  2.1987 	  
39.05 	 2.2355 	  2.1995 	  
39.15 	 2.2387 	  2.1999 	  
39.25 	 2.2413 	  2.2 	  
39.35 	 2.2431 	  2.1998 	  
39.45 	 2.2442 	  2.1993 	  
39.55 	 2.2446 	  2.1986 	  
39.65 	 2.2442 	  2.1975 	  
39.75 	 2.2431 	  2.1961 	  
39.85 	 2.2413 	  2.1945 	  
39.95 	 2.2388 	  2.1925 	  
40.05 	 2.2355 	  2.1903 	  
40.15 	 2.2316 	  2.1877 	  
40.25 	 2.2269 	  2.1849 	  
40.35 	 2.2216 	  2.1818 	  
40.45 	 2.2157 	  2.1785 	  
40.55 	 2.2093 	  2.1748 	  
40.65 	 2.2023 	  2.171 	  
40.75 	 2.1948 	  2.1668 	  
40.85 	 2.1868 	  2.1624 	  
40.95 	 2.1784 	  2.1578 	  
41.05 	 2.1697 	  2.1529 	  
41.15 	 2.1607 	  2.1478 	  
41.25 	 2.1514 	  2.1425 	  
41.35 	 2.1419 	  2.1369 	  
41.45 	 2.1322 	  2.1312 	  
41.55 	 2.1223 	  2.1252 	  
41.65 	 2.1123 	  2.1191 	  
41.75 	 2.1022 	  2.1128 	  
41.85 	 2.0921 	  2.1063 	  
41.95 	 2.082 	  2.0997 	  
42.05 	 2.072 	  2.0929 	  
42.15 	 2.062 	  2.086 	  
42.25 	 2.0522 	  2.0789 	  
42.35 	 2.0425 	  2.0717 	  
42.45 	 2.033 	  2.0645 	  
42.55 	 2.0237 	  2.0571 	  
42.65 	 2.0146 	  2.0496 	  
42.75 	 2.0056 	  2.0421 	  
42.85 	 1.9969 	  2.0345 	  
42.95 	 1.9885 	  2.0268 	  
43.05 	 1.9803 	  2.0191 	  
43.15 	 1.9723 	  2.0114 	  
43.25 	 1.9646 	  2.0037 	  
43.35 	 1.9572 	  1.9959 	  
43.45 	 1.9501 	  1.9882 	  
43.55 	 1.9433 	  1.9805 	  
43.65 	 1.9367 	  1.9728 	  
43.75 	 1.9304 	  1.9651 	  
43.85 	 1.9244 	  1.9575 	  
43.95 	 1.9187 	  1.95 	  
44.05 	 1.9133 	  1.9425 	  
44.15 	 1.9081 	  1.9352 	  
44.25 	 1.9032 	  1.9279 	  
44.35 	 1.8985 	  1.9207 	  
44.45 	 1.8942 	  1.9137 	  
44.55 	 1.89 	  1.9067 	  
44.65 	 1.8862 	  1.9 	  
44.75 	 1.8825 	  1.8933 	  
44.85 	 1.8791 	  1.8869 	  
44.95 	 1.876 	  1.8806 	  
45.05 	 1.8731 	  1.8744 	  
45.15 	 1.8704 	  1.8685 	  
45.25 	 1.8679 	  1.8628 	  
45.35 	 1.8657 	  1.8572 	  
45.45 	 1.8636 	  1.8519 	  
45.55 	 1.8618 	  1.8468 	  
45.65 	 1.8602 	  1.842 	  
45.75 	 1.8588 	  1.8373 	  
45.85 	 1.8576 	  1.833 	  
45.95 	 1.8566 	  1.8288 	  
46.05 	 1.8558 	  1.825 	  
46.15 	 1.8551 	  1.8213 	  
46.25 	 1.8546 	  1.818 	  
46.35 	 1.8544 	  1.8149 	  
46.45 	 1.8543 	  1.8121 	  
46.55 	 1.8543 	  1.8096 	  
46.65 	 1.8545 	  1.8074 	  
46.75 	 1.8549 	  1.8054 	  
46.85 	 1.8555 	  1.8038 	  
46.95 	 1.8562 	  1.8024 	  
47.05 	 1.857 	  1.8014 	  
47.15 	 1.858 	  1.8006 	  
47.25 	 1.8591 	  1.8002 	  
47.35 	 1.8604 	  1.8 	  
47.45 	 1.8618 	  1.8001 	  
47.55 	 1.8633 	  1.8006 	  
47.65 	 1.865 	  1.8013 	  
47.75 	 1.8668 	  1.8023 	  
47.85 	 1.8687 	  1.8037 	  
47.95 	 1.8708 	  1.8053 	  
48.05 	 1.8729 	  1.8072 	  
48.15 	 1.8752 	  1.8094 	  
48.25 	 1.8775 	  1.8119 	  
48.35 	 1.88 	  1.8147 	  
48.45 	 1.8826 	  1.8178 	  
48.55 	 1.8853 	  1.8211 	  
48.65 	 1.8881 	  1.8247 	  
48.75 	 1.891 	  1.8285 	  
48.85 	 1.8939 	  1.8326 	  
48.95 	 1.897 	  1.837 	  
49.05 	 1.9002 	  1.8416 	  
49.15 	 1.9034 	  1.8465 	  
49.25 	 1.9068 	  1.8515 	  
49.35 	 1.9102 	  1.8568 	  
49.45 	 1.9137 	  1.8624 	  
49.55 	 1.9173 	  1.8681 	  
49.65 	 1.9209 	  1.874 	  
49.75 	 1.9247 	  1.8801 	  
49.85 	 1.9285 	  1.8864 	  
49.95 	 1.9323 	  1.8928 	  
50.05 	 1.9363 	  1.8995 	  
50.15 	 1.9403 	  1.9062 	  
50.25 	 1.9443 	  1.9131 	  
50.35 	 1.9484 	  1.9202 	  
50.45 	 1.9526 	  1.9273 	  
50.55 	 1.9568 	  1.9346 	  
50.65 	 1.9611 	  1.942 	  
50.75 	 1.9654 	  1.9494 	  
50.85 	 1.9697 	  1.957 	  
50.95 	 1.9741 	  1.9645 	  
51.05 	 1.9785 	  1.9722 	  
51.15 	 1.983 	  1.9799 	  
51.25 	 1.9875 	  1.9876 	  
51.35 	 1.9919 	  1.9953 	  
51.45 	 1.9964 	  2.0031 	  
51.55 	 2.0009 	  2.0108 	  
51.65 	 2.0054 	  2.0185 	  
51.75 	 2.0099 	  2.0262 	  
51.85 	 2.0144 	  2.0339 	  
51.95 	 2.0189 	  2.0415 	  
52.05 	 2.0233 	  2.049 	  
52.15 	 2.0277 	  2.0565 	  
52.25 	 2.0321 	  2.0639 	  
52.35 	 2.0364 	  2.0712 	  
52.45 	 2.0408 	  2.0784 	  
52.55 	 2.045 	  2.0854 	  
52.65 	 2.0492 	  2.0924 	  
52.75 	 2.0534 	  2.0992 	  
52.85 	 2.0575 	  2.1058 	  
52.95 	 2.0615 	  2.1123 	  
53.05 	 2.0654 	  2.1186 	  
53.15 	 2.0693 	  2.1248 	  
53.25 	 2.0731 	  2.1307 	  
53.35 	 2.0767 	  2.1365 	  
53.45 	 2.0803 	  2.1421 	  
53.55 	 2.0837 	  2.1474 	  
53.65 	 2.0871 	  2.1525 	  
53.75 	 2.0903 	  2.1574 	  
53.85 	 2.0934 	  2.1621 	  
53.95 	 2.0964 	  2.1665 	  
54.05 	 2.0992 	  2.1707 	  
54.15 	 2.1019 	  2.1746 	  
54.25 	 2.1045 	  2.1782 	  
54.35 	 2.107 	  2.1816 	  
54.45 	 2.1092 	  2.1847 	  
54.55 	 2.1114 	  2.1875 	  
54.65 	 2.1134 	  2.1901 	  
54.75 	 2.1152 	  2.1923 	  
54.85 	 2.1169 	  2.1943 	  
54.95 	 2.1185 	  2.196 	  
55.05 	 2.1199 	  2.1974 	  
55.15 	 2.1211 	  2.1985 	  
55.25 	 2.1222 	  2.1993 	  
55.35 	 2.1232 	  2.1998 	  
55.45 	 2.124 	  2.2 	  
55.55 	 2.1246 	  2.1999 	  
55.65 	 2.1251 	  2.1995 	  
55.75 	 2.1255 	  2.1988 	  
55.85 	 2.1258 	  2.1978 	  
55.95 	 2.1258 	  2.1965 	  
56.05 	 2.1258 	  2.1949 	  
56.15 	 2.1256 	  2.193 	  
56.25 	 2.1254 	  2.1909 	  
56.35 	 2.1249 	  2.1884 	  
56.45 	 2.1244 	  2.1857 	  
56.55 	 2.1238 	  2.1827 	  
56.65 	 2.123 	  2.1794 	  
56.75 	 2.1222 	  2.1758 	  
56.85 	 2.1212 	  2.172 	  
56.95 	 2.1201 	  2.1679 	  
57.05 	 2.119 	  2.1636 	  
57.15 	 2.1177 	  2.159 	  
57.25 	 2.1164 	  2.1542 	  
57.35 	 2.115 	  2.1491 	  
57.45 	 2.1135 	  2.1439 	  
57.55 	 2.112 	  2.1384 	  
57.65 	 2.1104 	  2.1327 	  
57.75 	 2.1088 	  2.1268 	  
57.85 	 2.1071 	  2.1207 	  
57.95 	 2.1053 	  2.1144 	  
58.05 	 2.1035 	  2.108 	  
58.15 	 2.1017 	  2.1014 	  
58.25 	 2.0998 	  2.0946 	  
58.35 	 2.0979 	  2.0878 	  
58.45 	 2.0959 	  2.0807 	  
58.55 	 2.094 	  2.0736 	  
58.65 	 2.092 	  2.0663 	  
58.75 	 2.09 	  2.059 	  
58.85 	 2.088 	  2.0515 	  
58.95 	 2.086 	  2.044 	  
59.05 	 2.0841 	  2.0364 	  
59.15 	 2.0821 	  2.0288 	  
59.25 	 2.0801 	  2.0211 	  
59.35 	 2.0781 	  2.0134 	  
59.45 	 2.0761 	  2.0057 	  
59.55 	 2.0741 	  1.9979 	  
59.65 	 2.0722 	  1.9902 	  
59.75 	 2.0702 	  1.9824 	  
59.85 	 2.0684 	  1.9747 	  
59.95 	 2.0665 	  1.9671 	  
60.05 	 2.0647 	  1.9595 	  
60.15 	 2.0629 	  1.9519 	  
60.25 	 2.0611 	  1.9444 	  
60.35 	 2.0594 	  1.937 	  
60.45 	 2.0577 	  1.9297 	  
60.55 	 2.056 	  1.9225 	  
60.65 	 2.0543 	  1.9155 	  
60.75 	 2.0527 	  1.9085 	  
60.85 	 2.0511 	  1.9017 	  
60.95 	 2.0497 	  1.895 	  
61.05 	 2.0482 	  1.8885 	  
61.15 	 2.0468 	  1.8822 	  
61.25 	 2.0455 	  1.876 	  
61.35 	 2.0442 	  1.87 	  
61.45 	 2.0428 	  1.8642 	  
61.55 	 2.0417 	  1.8586 	  
61.65 	 2.0405 	  1.8533 	  
61.75 	 2.0392 	  1.8481 	  
61.85 	 2.0378 	  1.8432 	  
61.95 	 2.036 	  1.8385 	  
62.05 	 2.0325 	  1.8341 	  
62.15 	 2.0292 	  1.8299 	  
62.25 	 2.0261 	  1.8259 	  
62.35 	 2.0228 	  1.8222 	  
62.45 	 2.0196 	  1.8188 	  
62.55 	 2.0163 	  1.8157 	  
62.65 	 2.0145 	  1.8128 	  
62.75 	 2.0133 	  1.8102 	  
62.85 	 2.0122 	  1.8079 	  
62.95 	 2.0113 	  1.8059 	  
63.05 	 2.0105 	  1.8042 	  
63.15 	 2.0096 	  1.8028 	  
63.25 	 2.0088 	  1.8016 	  
63.35 	 2.008 	  1.8008 	  
63.45 	 2.0073 	  1.8003 	  
63.55 	 2.0066 	  1.8 	  
63.65 	 2.0059 	  1.8001 	  
63.75 	 2.0054 	  1.8004 	  
63.85 	 2.0048 	  1.8011 	  
63.95 	 2.0041 	  1.8021 	  
64.05 	 2.0036 	  1.8033 	  
64.15 	 2.0031 	  1.8049 	  
64.25 	 2.0026 	  1.8067 	  
64.35 	 2.0021 	  1.8088 	  
64.45 	 2.0016 	  1.8113 	  
64.55 	 2.0011 	  1.814 	  
64.65 	 2.0007 	  1.8169 	  
64.75 	 2.0003 	  1.8202 	  
64.85 	 1.9999 	  1.8237 	  
64.95 	 1.9995 	  1.8275 	  
65.05 	 1.9992 	  1.8316 	  
65.15 	 1.9988 	  1.8359 	  
65.25 	 1.9985 	  1.8404 	  
65.35 	 1.9983 	  1.8452 	  
65.45 	 1.998 	  1.8502 	  
65.55 	 1.9977 	  1.8555 	  
65.65 	 1.9975 	  1.8609 	  
65.75 	 1.9972 	  1.8666 	  
65.85 	 1.997 	  1.8725 	  
65.95 	 1.9968 	  1.8785 	  
66.05 	 1.9966 	  1.8848 	  
66.15 	 1.9965 	  1.8912 	  
66.25 	 1.9963 	  1.8977 	  
66.35 	 1.9962 	  1.9045 	  
66.45 	 1.996 	  1.9113 	  
66.55 	 1.9959 	  1.9184 	  
66.65 	 1.9957 	  1.9255 	  
66.75 	 1.9956 	  1.9327 	  
66.85 	 1.9955 	  1.9401 	  
66.95 	 1.9954 	  1.9475 	  
67.05 	 1.9953 	  1.955 	  
67.15 	 1.9952 	  1.9626 	  
67.25 	 1.9952 	  1.9702 	  
67.35 	 1.9951 	  1.9779 	  
67.45 	 1.995 	  1.9856 	  
67.55 	 1.995 	  1.9933 	  
67.65 	 1.9949 	  2.0011 	  
67.75 	 1.9949 	  2.0088 	  
67.85 	 1.9949 	  2.0166 	  
67.95 	 1.9948 	  2.0243 	  
68.05 	 1.9948 	  2.0319 	  
68.15 	 1.9948 	  2.0396 	  
68.25 	 1.9948 	  2.0471 	  
68.35 	 1.9948 	  2.0546 	  
68.45 	 1.9948 	  2.062 	  
68.55 	 1.9948 	  2.0693 	  
68.65 	 1.9949 	  2.0765 	  
68.75 	 1.9949 	  2.0836 	  
68.85 	 1.9949 	  2.0906 	  
68.95 	 1.9949 	  2.0974 	  
69.05 	 1.995 	  2.1041 	  
69.15 	 1.995 	  2.1107 	  
69.25 	 1.995 	  2.117 	  
69.35 	 1.9951 	  2.1232 	  
69.45 	 1.9951 	  2.1292 	  
69.55 	 1.9951 	  2.135 	  
69.65 	 1.9952 	  2.1406 	  
69.75 	 1.9952 	  2.146 	  
69.85 	 1.9953 	  2.1512 	  
69.95 	 1.9953 	  2.1562 	  
70.05 	 1.9954 	  2.1609 	  
70.15 	 1.9954 	  2.1654 	  
70.25 	 1.9955 	  2.1696 	  
70.35 	 1.9956 	  2.1736 	  
70.45 	 1.9956 	  2.1773 	  
70.55 	 1.9957 	  2.1807 	  
70.65 	 1.9958 	  2.1839 	  
70.75 	 1.9958 	  2.1868 	  
70.85 	 1.9959 	  2.1895 	  
70.95 	 1.996 	  2.1918 	  
71.05 	 1.996 	  2.1938 	  
71.15 	 1.9961 	  2.1956 	  
71.25 	 1.9961 	  2.1971 	  
71.35 	 1.9962 	  2.1982 	  
71.45 	 1.9963 	  2.1991 	  
71.55 	 1.9963 	  2.1997 	  
71.65 	 1.9964 	  2.2 	  
71.75 	 1.9965 	  2.2 	  
71.85 	 1.9965 	  2.1996 	  
71.95 	 1.9966 	  2.199 	  
72.05 	 1.9967 	  2.1981 	  
72.15 	 1.9967 	  2.1969 	  
72.25 	 1.9968 	  2.1954 	  
72.35 	 1.9969 	  2.1935 	  
72.45 	 1.9969 	  2.1915 	  
72.55 	 1.997 	  2.1891 	  
72.65 	 1.9971 	  2.1864 	  
72.75 	 1.9971 	  2.1835 	  
72.85 	 1.9972 	  2.1802 	  
72.95 	 1.9972 	  2.1767 	  
73.05 	 1.9973 	  2.173 	  
73.15 	 1.9974 	  2.169 	  
73.25 	 1.9974 	  2.1647 	  
73.35 	 1.9975 	  2.1602 	  
73.45 	 1.9975 	  2.1554 	  
73.55 	 1.9976 	  2.1504 	  
73.65 	 1.9976 	  2.1452 	  
73.75 	 1.9977 	  2.1398 	  
73.85 	 1.9977 	  2.1342 	  
73.95 	 1.9978 	  2.1283 	  
74.05 	 1.9979 	  2.1223 	  
74.15 	 1.9979 	  2.1161 	  
74.25 	 1.998 	  2.1097 	  
74.35 	 1.998 	  2.1031 	  
74.45 	 1.9981 	  2.0964 	  
74.55 	 1.9981 	  2.0895 	  
74.65 	 1.9982 	  2.0826 	  
74.75 	 1.9982 	  2.0754 	  
74.85 	 1.9983 	  2.0682 	  
74.95 	 1.9983 	  2.0609 	  
75.05 	 1.9984 	  2.0535 	  
75.15 	 1.9984 	  2.046 	  
75.25 	 1.9984 	  2.0384 	  
75.35 	 1.9985 	  2.0308 	  
75.45 	 1.9985 	  2.0231 	  
75.55 	 1.9986 	  2.0154 	  
75.65 	 1.9986 	  2.0076 	  
75.75 	 1.9987 	  1.9999 	  
75.85 	 1.9987 	  1.9922 	  
75.95 	 1.9987 	  1.9844 	  
76.05 	 1.9988 	  1.9767 	  
76.15 	 1.9988 	  1.9691 	  
76.25 	 1.9988 	  1.9614 	  
76.35 	 1.9989 	  1.9539 	  
76.45 	 1.9989 	  1.9464 	  
76.55 	 1.9989 	  1.9389 	  
76.65 	 1.999 	  1.9316 	  
76.75 	 1.999 	  1.9244 	  
76.85 	 1.999 	  1.9173 	  
76.95 	 1.9991 	  1.9103 	  
77.05 	 1.9991 	  1.9034 	  
77.15 	 1.9991 	  1.8967 	  
77.25 	 1.9991 	  1.8902 	  
77.35 	 1.9992 	  1.8838 	  
77.45 	 1.9992 	  1.8776 	  
77.55 	 1.9992 	  1.8715 	  
77.65 	 1.9993 	  1.8657 	  
77.75 	 1.9993 	  1.8601 	  
77.85 	 1.9993 	  1.8546 	  
77.95 	 1.9993 	  1.8494 	  
78.05 	 1.9993 	  1.8444 	  
78.15 	 1.9994 	  1.8397 	  
78.25 	 1.9994 	  1.8352 	  
78.35 	 1.9994 	  1.8309 	  
78.45 	 1.9994 	  1.8269 	  
78.55 	 1.9994 	  1.8232 	  
78.65 	 1.9995 	  1.8197 	  
78.75 	 1.9995 	  1.8165 	  
78.85 	 1.9995 	  1.8135 	  
78.95 	 1.9995 	  1.8109 	  
79.05 	 1.9995 	  1.8085 	  
79.15 	 1.9995 	  1.8064 	  
79.25 	 1.9996 	  1.8046 	  
79.35 	 1.9996 	  1.8031 	  
79.45 	 1.9996 	  1.8019 	  
79.55 	 1.9996 	  1.801 	  
79.65 	 1.9996 	  1.8004 	  
79.75 	 1.9996 	  1.8 	  
79.85 	 1.9996 	  1.8 	  
79.95 	 1.9996 	  1.8003 	  
80.05 	 1.9997 	  1.8009 	  
80.15 	 1.9997 	  1.8018 	  
80.25 	 1.9997 	  1.803 	  
80.35 	 1.9997 	  1.8044 	  
80.45 	 1.9997 	  1.8062 	  
80.55 	 1.9997 	  1.8083 	  
80.65 	 1.9997 	  1.8106 	  
80.75 	 1.9997 	  1.8132 	  
80.85 	 1.9997 	  1.8161 	  
80.95 	 1.9997 	  1.8193 	  
81.05 	 1.9997 	  1.8228 	  
81.15 	 1.9998 	  1.8265 	  
81.25 	 1.9998 	  1.8305 	  
81.35 	 1.9998 	  1.8347 	  
81.45 	 1.9998 	  1.8392 	  
81.55 	 1.9998 	  1.8439 	  
81.65 	 1.9998 	  1.8489 	  
81.75 	 1.9998 	  1.8541 	  
81.85 	 1.9998 	  1.8595 	  
81.95 	 1.9998 	  1.8651 	  
82.05 	 1.9998 	  1.8709 	  
82.15 	 1.9998 	  1.8769 	  
82.25 	 1.9998 	  1.8831 	  
82.35 	 1.9998 	  1.8895 	  
82.45 	 1.9998 	  1.896 	  
82.55 	 1.9998 	  1.9027 	  
82.65 	 1.9998 	  1.9096 	  
82.75 	 1.9998 	  1.9165 	  
82.85 	 1.9998 	  1.9236 	  
82.95 	 1.9998 	  1.9309 	  
83.05 	 1.9998 	  1.9382 	  
83.15 	 1.9999 	  1.9456 	  
83.25 	 1.9999 	  1.9531 	  
83.35 	 1.9999 	  1.9606 	  
83.45 	 1.9999 	  1.9683 	  
83.55 	 1.9999 	  1.9759 	  
83.65 	 1.9999 	  1.9836 	  
83.75 	 1.9999 	  1.9914 	  
83.85 	 1.9999 	  1.9991 	  
83.95 	 1.9999 	  2.0068 	  
84.05 	 1.9999 	  2.0146 	  
84.15 	 1.9999 	  2.0223 	  
84.25 	 1.9999 	  2.03 	  
84.35 	 1.9999 	  2.0376 	  
84.45 	 1.9999 	  2.0452 	  
84.55 	 1.9999 	  2.0527 	  
84.65 	 1.9999 	  2.0601 	  
84.75 	 1.9999 	  2.0675 	  
84.85 	 1.9999 	  2.0747 	  
84.95 	 1.9999 	  2.0818 	  
85.05 	 1.9999 	  2.0888 	  
85.15 	 1.9999 	  2.0957 	  
85.25 	 1.9999 	  2.1024 	  
85.35 	 1.9999 	  2.109 	  
85.45 	 1.9999 	  2.1154 	  
85.55 	 1.9999 	  2.1216 	  
85.65 	 1.9999 	  2.1277 	  
85.75 	 1.9999 	  2.1336 	  
85.85 	 1.9999 	  2.1392 	  
85.95 	 1.9999 	  2.1447 	  
86.05 	 1.9999 	  2.1499 	  
86.15 	 1.9999 	  2.1549 	  
86.25 	 1.9999 	  2.1597 	  
86.35 	 1.9999 	  2.1642 	  
86.45 	 1.9999 	  2.1685 	  
86.55 	 1.9999 	  2.1726 	  
86.65 	 1.9999 	  2.1764 	  
86.75 	 1.9999 	  2.1799 	  
86.85 	 1.9999 	  2.1831 	  
86.95 	 1.9999 	  2.1861 	  
87.05 	 2 	  2.1888 	  
87.15 	 2 	  2.1912 	  
87.25 	 2 	  2.1933 	  
87.35 	 2 	  2.1952 	  
87.45 	 2 	  2.1967 	  
87.55 	 2 	  2.198 	  
87.65 	 2 	  2.1989 	  
87.75 	 2 	  2.1996 	  
87.85 	 2 	  2.1999 	  
87.95 	 2 	  2.2 	  
88.05 	 2 	  2.1997 	  
88.15 	 2 	  2.1992 	  
88.25 	 2 	  2.1983 	  
88.35 	 2 	  2.1972 	  
88.45 	 2 	  2.1958 	  
88.55 	 2 	  2.194 	  
88.65 	 2 	  2.192 	  
88.75 	 2 	  2.1897 	  
88.85 	 2 	  2.1871 	  
88.95 	 2 	  2.1842 	  
89.05 	 2 	  2.1811 	  
89.15 	 2 	  2.1777 	  
89.25 	 2 	  2.174 	  
89.35 	 2 	  2.17 	  
89.45 	 2 	  2.1658 	  
89.55 	 2 	  2.1614 	  
89.65 	 2 	  2.1567 	  
89.75 	 2 	  2.1518 	  
89.85 	 2 	  2.1466 	  
89.95 	 2 	  2.1412 	  
90.05 	 2 	  2.1356 	  
90.15 	 2 	  2.1298 	  
90.25 	 2 	  2.1238 	  
90.35 	 2 	  2.1177 	  
90.45 	 2 	  2.1113 	  
90.55 	 2 	  2.1048 	  
90.65 	 2 	  2.0981 	  
90.75 	 2 	  2.0913 	  
90.85 	 2 	  2.0844 	  
90.95 	 2 	  2.0773 	  
91.05 	 2 	  2.0701 	  
91.15 	 2 	  2.0628 	  
91.25 	 2 	  2.0554 	  
91.35 	 2 	  2.0479 	  
91.45 	 2 	  2.0403 	  
91.55 	 2 	  2.0327 	  
91.65 	 2 	  2.0251 	  
91.75 	 2 	  2.0174 	  
91.85 	 2 	  2.0096 	  
91.95 	 2 	  2.0019 	  
92.05 	 2 	  1.9942 	  
92.15 	 2 	  1.9864 	  
92.25 	 2 	  1.9787 	  
92.35 	 2 	  1.971 	  
92.45 	 2 	  1.9634 	  
92.55 	 2 	  1.9558 	  
92.65 	 2 	  1.9483 	  
92.75 	 2 	  1.9408 	  
92.85 	 2 	  1.9335 	  
92.95 	 2 	  1.9262 	  
93.05 	 2 	  1.9191 	  
93.15 	 2 	  1.9121 	  
93.25 	 2 	  1.9052 	  
93.35 	 2 	  1.8984 	  
93.45 	 2 	  1.8918 	  
93.55 	 2 	  1.8854 	  
93.65 	 2 	  1.8791 	  
93.75 	 2 	  1.8731 	  
93.85 	 2 	  1.8672 	  
93.95 	 2 	  1.8615 	  
94.05 	 2 	  1.856 	  
94.15 	 2 	  1.8507 	  
94.25 	 2 	  1.8457 	  
94.35 	 2 	  1.8409 	  
94.45 	 2 	  1.8363 	  
94.55 	 2 	  1.832 	  
94.65 	 2 	  1.8279 	  
94.75 	 2 	  1.8241 	  
94.85 	 2 	  1.8205 	  
94.95 	 2 	  1.8173 	  
95.05 	 2 	  1.8143 	  
95.15 	 2 	  1.8115 	  
95.25 	 2 	  1.8091 	  
95.35 	 2 	  1.8069 	  
95.45 	 2 	  1.805 	  
95.55 	 2 	  1.8035 	  
95.65 	 2 	  1.8022 	  
95.75 	 2 	  1.8012 	  
95.85 	 2 	  1.8005 	  
95.95 	 2 	  1.8001 	  
96.05 	 2 	  1.8 	  
96.15 	 2 	  1.8002 	  
96.25 	 2 	  1.8007 	  
96.35 	 2 	  1.8015 	  
96.45 	 2 	  1.8026 	  
96.55 	 2 	  1.804 	  
96.65 	 2 	  1.8057 	  
96.75 	 2 	  1.8077 	  
96.85 	 2 	  1.81 	  
96.95 	 2 	  1.8125 	  
97.05 	 2 	  1.8154 	  
97.15 	 2 	  1.8185 	  
97.25 	 2 	  1.8219 	  
97.35 	 2 	  1.8255 	  
97.45 	 2 	  1.8294 	  
97.55 	 2 	  1.8336 	  
97.65 	 2 	  1.838 	  
97.75 	 2 	  1.8427 	  
97.85 	 2 	  1.8476 	  
97.95 	 2 	  1.8527 	  
98.05 	 2 	  1.8581 	  
98.15 	 2 	  1.8636 	  
98.25 	 2 	  1.8694 	  
98.35 	 2 	  1.8754 	  
98.45 	 2 	  1.8815 	  
98.55 	 2 	  1.8878 	  
98.65 	 2 	  1.8943 	  
98.75 	 2 	  1.901 	  
98.85 	 2 	  1.9078 	  
98.95 	 2 	  1.9147 	  
99.05 	 2 	  1.9218 	  
99.15 	 2 	  1.929 	  
99.25 	 2 	  1.9363 	  
99.35 	 2 	  1.9437 	  
99.45 	 2 	  1.9511 	  
99.55 	 2 	  1.9587 	  
99.65 	 2 	  1.9663 	  
99.75 	 2 	  1.9739 	  
99.85 	 2 	  1.9816 	  
99.95 	 2 	  1.9894 	  
100.05 	 2 	  1.9971 	  
100.15 	 2 	  2.0049 	  
100.25 	 2 	  2.0126 	  
100.35 	 2 	  2.0203 	  
100.45 	 2 	  2.028 	  
100.55 	 2 	  2.0356 	  
100.65 	 2 	  2.0432 	  
100.75 	 2 	  2.0508 	  
100.85 	 2 	  2.0582 	  
100.95 	 2 	  2.0656 	  
101.05 	 2 	  2.0728 	  
101.15 	 2 	  2.08 	  
101.25 	 2 	  2.087 	  
101.35 	 2 	  2.0939 	  
101.45 	 2 	  2.1007 	  
101.55 	 2 	  2.1073 	  
101.65 	 2 	  2.1138 	  
101.75 	 1.9999 	  2.1201 	  
101.85 	 1.9999 	  2.1262 	  
101.95 	 1.9999 	  2.1321 	  
102.05 	 1.9999 	  2.1378 	  
102.15 	 1.9999 	  2.1433 	  
102.25 	 1.9999 	  2.1486 	  
102.35 	 1.9999 	  2.1537 	  
102.45 	 1.9999 	  2.1585 	  
102.55 	 1.9999 	  2.1631 	  
102.65 	 1.9999 	  2.1675 	  
102.75 	 1.9999 	  2.1716 	  
102.85 	 1.9999 	  2.1754 	  
102.95 	 1.9999 	  2.179 	  
103.05 	 1.9999 	  2.1823 	  
103.15 	 1.9999 	  2.1854 	  
103.25 	 1.9999 	  2.1881 	  
103.35 	 1.9999 	  2.1906 	  
103.45 	 1.9999 	  2.1928 	  
103.55 	 1.9999 	  2.1947 	  
103.65 	 1.9999 	  2.1964 	  
103.75 	 1.9999 	  2.1977 	  
103.85 	 1.9999 	  2.1987 	  
103.95 	 1.9999 	  2.1994 	  
104.05 	 1.9999 	  2.1999 	  
104.15 	 1.9999 	  2.2 	  
104.25 	 1.9999 	  2.1998 	  
104.35 	 1.9999 	  2.1994 	  
104.45 	 1.9999 	  2.1986 	  
104.55 	 1.9999 	  2.1975 	  
104.65 	 1.9999 	  2.1962 	  
104.75 	 1.9999 	  2.1945 	  
104.85 	 1.9999 	  2.1926 	  
104.95 	 1.9999 	  2.1903 	  
105.05 	 1.9999 	  2.1878 	  
105.15 	 1.9999 	  2.185 	  
105.25 	 1.9999 	  2.1819 	  
105.35 	 1.9999 	  2.1786 	  
105.45 	 1.9999 	  2.175 	  
105.55 	 1.9999 	  2.1711 	  
105.65 	 1.9999 	  2.1669 	  
105.75 	 1.9999 	  2.1625 	  
105.85 	 1.9999 	  2.1579 	  
105.95 	 1.9999 	  2.153 	  
106.05 	 1.9999 	  2.1479 	  
106.15 	 1.9999 	  2.1426 	  
106.25 	 1.9999 	  2.1371 	  
106.35 	 1.9999 	  2.1313 	  
106.45 	 1.9999 	  2.1254 	  
106.55 	 1.9999 	  2.1193 	  
106.65 	 1.9999 	  2.113 	  
106.75 	 1.9999 	  2.1065 	  
106.85 	 1.9999 	  2.0999 	  
106.95 	 1.9999 	  2.0931 	  
107.05 	 1.9999 	  2.0862 	  
107.15 	 1.9999 	  2.0791 	  
107.25 	 1.9999 	  2.0719 	  
107.35 	 1.9999 	  2.0647 	  
107.45 	 1.9999 	  2.0573 	  
107.55 	 1.9999 	  2.0498 	  
107.65 	 1.9999 	  2.0423 	  
107.75 	 1.9999 	  2.0347 	  
107.85 	 1.9999 	  2.027 	  
107.95 	 1.9999 	  2.0193 	  
108.05 	 1.9999 	  2.0116 	  
108.15 	 1.9999 	  2.0039 	  
108.25 	 2 	  1.9961 	  
108.35 	 2 	  1.9884 	  
108.45 	 2 	  1.9807 	  
108.55 	 2 	  1.973 	  
108.65 	 2 	  1.9653 	  
108.75 	 2 	  1.9577 	  
108.85 	 2 	  1.9502 	  
108.95 	 2 	  1.9427 	  
