simtime:  2.9211
number of wsf-lines:  1

line_No     y_coord
1	 1.5
2	  Wave Theory 


X 1	 P 1 	 	 	 	 W 1

0.05 	 2.1971 	  2.198 	  
0.15 	 2.1956 	  2.1967 	  
0.25 	 2.1939 	  2.1951 	  
0.35 	 2.1918 	  2.1933 	  
0.45 	 2.1895 	  2.1912 	  
0.55 	 2.1869 	  2.1888 	  
0.65 	 2.184 	  2.1861 	  
0.75 	 2.1809 	  2.1831 	  
0.85 	 2.1775 	  2.1798 	  
0.95 	 2.1738 	  2.1763 	  
1.05 	 2.1699 	  2.1725 	  
1.15 	 2.1657 	  2.1685 	  
1.25 	 2.1613 	  2.1642 	  
1.35 	 2.1567 	  2.1596 	  
1.45 	 2.1518 	  2.1548 	  
1.55 	 2.1467 	  2.1498 	  
1.65 	 2.1414 	  2.1446 	  
1.75 	 2.1358 	  2.1391 	  
1.85 	 2.1301 	  2.1335 	  
1.95 	 2.1242 	  2.1276 	  
2.05 	 2.1181 	  2.1215 	  
2.15 	 2.1118 	  2.1153 	  
2.25 	 2.1053 	  2.1089 	  
2.35 	 2.0987 	  2.1023 	  
2.45 	 2.0919 	  2.0956 	  
2.55 	 2.085 	  2.0887 	  
2.65 	 2.0779 	  2.0817 	  
2.75 	 2.0707 	  2.0746 	  
2.85 	 2.0635 	  2.0673 	  
2.95 	 2.0561 	  2.06 	  
3.05 	 2.0486 	  2.0525 	  
3.15 	 2.0411 	  2.045 	  
3.25 	 2.0335 	  2.0375 	  
3.35 	 2.0258 	  2.0298 	  
3.45 	 2.0181 	  2.0221 	  
3.55 	 2.0104 	  2.0144 	  
3.65 	 2.0026 	  2.0067 	  
3.75 	 1.9948 	  1.999 	  
3.85 	 1.9871 	  1.9912 	  
3.95 	 1.9793 	  1.9835 	  
4.05 	 1.9716 	  1.9758 	  
4.15 	 1.9639 	  1.9681 	  
4.25 	 1.9562 	  1.9605 	  
4.35 	 1.9486 	  1.9529 	  
4.45 	 1.9411 	  1.9454 	  
4.55 	 1.9337 	  1.938 	  
4.65 	 1.9264 	  1.9307 	  
4.75 	 1.9192 	  1.9235 	  
4.85 	 1.9121 	  1.9164 	  
4.95 	 1.9051 	  1.9094 	  
5.05 	 1.8983 	  1.9026 	  
5.15 	 1.8916 	  1.8959 	  
5.25 	 1.8851 	  1.8894 	  
5.35 	 1.8787 	  1.883 	  
5.45 	 1.8725 	  1.8768 	  
5.55 	 1.8666 	  1.8708 	  
5.65 	 1.8608 	  1.865 	  
5.75 	 1.8552 	  1.8594 	  
5.85 	 1.8499 	  1.854 	  
5.95 	 1.8448 	  1.8488 	  
6.05 	 1.84 	  1.8438 	  
6.15 	 1.8354 	  1.8391 	  
6.25 	 1.831 	  1.8346 	  
6.35 	 1.8269 	  1.8304 	  
6.45 	 1.8231 	  1.8264 	  
6.55 	 1.8196 	  1.8227 	  
6.65 	 1.8164 	  1.8193 	  
6.75 	 1.8134 	  1.8161 	  
6.85 	 1.8107 	  1.8132 	  
6.95 	 1.8084 	  1.8106 	  
7.05 	 1.8063 	  1.8082 	  
7.15 	 1.8045 	  1.8062 	  
7.25 	 1.8031 	  1.8044 	  
7.35 	 1.8019 	  1.8029 	  
7.45 	 1.8011 	  1.8018 	  
7.55 	 1.8006 	  1.8009 	  
7.65 	 1.8004 	  1.8003 	  
7.75 	 1.8005 	  1.8 	  
7.85 	 1.8009 	  1.8 	  
7.95 	 1.8017 	  1.8004 	  
8.05 	 1.8027 	  1.801 	  
8.15 	 1.8041 	  1.8019 	  
8.25 	 1.8057 	  1.8031 	  
8.35 	 1.8076 	  1.8046 	  
8.45 	 1.8098 	  1.8064 	  
8.55 	 1.8123 	  1.8085 	  
8.65 	 1.8151 	  1.8109 	  
8.75 	 1.8182 	  1.8136 	  
8.85 	 1.8215 	  1.8165 	  
8.95 	 1.8251 	  1.8197 	  
9.05 	 1.8289 	  1.8232 	  
9.15 	 1.833 	  1.827 	  
9.25 	 1.8373 	  1.831 	  
9.35 	 1.8419 	  1.8353 	  
9.45 	 1.8466 	  1.8398 	  
9.55 	 1.8516 	  1.8445 	  
9.65 	 1.8568 	  1.8495 	  
9.75 	 1.8622 	  1.8547 	  
9.85 	 1.8677 	  1.8602 	  
9.95 	 1.8735 	  1.8658 	  
10.05 	 1.8794 	  1.8717 	  
10.15 	 1.8855 	  1.8777 	  
10.25 	 1.8916 	  1.8839 	  
10.35 	 1.898 	  1.8903 	  
10.45 	 1.9044 	  1.8969 	  
10.55 	 1.911 	  1.9036 	  
10.65 	 1.9176 	  1.9104 	  
10.75 	 1.9244 	  1.9174 	  
10.85 	 1.9312 	  1.9245 	  
10.95 	 1.9382 	  1.9317 	  
11.05 	 1.9451 	  1.9391 	  
11.15 	 1.9521 	  1.9465 	  
11.25 	 1.9592 	  1.954 	  
11.35 	 1.9663 	  1.9616 	  
11.45 	 1.9734 	  1.9692 	  
11.55 	 1.9805 	  1.9769 	  
11.65 	 1.9877 	  1.9846 	  
11.75 	 1.9948 	  1.9923 	  
11.85 	 2.0019 	  2.0001 	  
11.95 	 2.009 	  2.0078 	  
12.05 	 2.016 	  2.0155 	  
12.15 	 2.023 	  2.0232 	  
12.25 	 2.0299 	  2.0309 	  
12.35 	 2.0368 	  2.0385 	  
12.45 	 2.0436 	  2.0461 	  
12.55 	 2.0503 	  2.0536 	  
12.65 	 2.057 	  2.061 	  
12.75 	 2.0635 	  2.0683 	  
12.85 	 2.07 	  2.0756 	  
12.95 	 2.0763 	  2.0827 	  
13.05 	 2.0826 	  2.0897 	  
13.15 	 2.0887 	  2.0965 	  
13.25 	 2.0947 	  2.1032 	  
13.35 	 2.1007 	  2.1098 	  
13.45 	 2.1064 	  2.1162 	  
13.55 	 2.1121 	  2.1224 	  
13.65 	 2.1176 	  2.1284 	  
13.75 	 2.123 	  2.1343 	  
13.85 	 2.1283 	  2.1399 	  
13.95 	 2.1334 	  2.1453 	  
14.05 	 2.1384 	  2.1505 	  
14.15 	 2.1432 	  2.1555 	  
14.25 	 2.148 	  2.1603 	  
14.35 	 2.1527 	  2.1648 	  
14.45 	 2.1574 	  2.1691 	  
14.55 	 2.1621 	  2.1731 	  
14.65 	 2.1669 	  2.1768 	  
14.75 	 2.1718 	  2.1803 	  
14.85 	 2.1769 	  2.1835 	  
14.95 	 2.182 	  2.1865 	  
15.05 	 2.1873 	  2.1891 	  
15.15 	 2.1927 	  2.1915 	  
15.25 	 2.1981 	  2.1936 	  
15.35 	 2.2036 	  2.1954 	  
15.45 	 2.2091 	  2.1969 	  
15.55 	 2.2145 	  2.1981 	  
15.65 	 2.2196 	  2.199 	  
15.75 	 2.2243 	  2.1996 	  
15.85 	 2.2284 	  2.2 	  
15.95 	 2.2319 	  2.2 	  
16.05 	 2.2345 	  2.1997 	  
16.15 	 2.2363 	  2.1991 	  
16.25 	 2.2369 	  2.1982 	  
16.35 	 2.2365 	  2.197 	  
16.45 	 2.2349 	  2.1956 	  
16.55 	 2.2321 	  2.1938 	  
16.65 	 2.2282 	  2.1918 	  
16.75 	 2.2231 	  2.1894 	  
16.85 	 2.2169 	  2.1868 	  
16.95 	 2.2099 	  2.1839 	  
17.05 	 2.2019 	  2.1807 	  
17.15 	 2.1933 	  2.1772 	  
17.25 	 2.1841 	  2.1735 	  
17.35 	 2.1745 	  2.1695 	  
17.45 	 2.1645 	  2.1653 	  
17.55 	 2.1544 	  2.1608 	  
17.65 	 2.1442 	  2.1561 	  
17.75 	 2.134 	  2.1511 	  
17.85 	 2.1238 	  2.1459 	  
17.95 	 2.1138 	  2.1405 	  
18.05 	 2.104 	  2.1349 	  
18.15 	 2.0944 	  2.1291 	  
18.25 	 2.085 	  2.1231 	  
18.35 	 2.076 	  2.1169 	  
18.45 	 2.0674 	  2.1105 	  
18.55 	 2.059 	  2.104 	  
18.65 	 2.0511 	  2.0973 	  
18.75 	 2.0436 	  2.0905 	  
18.85 	 2.0364 	  2.0835 	  
18.95 	 2.0297 	  2.0764 	  
19.05 	 2.0233 	  2.0692 	  
19.15 	 2.0172 	  2.0619 	  
19.25 	 2.0116 	  2.0545 	  
19.35 	 2.0063 	  2.047 	  
19.45 	 2.0013 	  2.0394 	  
19.55 	 1.9967 	  2.0318 	  
19.65 	 1.9924 	  2.0241 	  
19.75 	 1.9885 	  2.0164 	  
19.85 	 1.9848 	  2.0087 	  
19.95 	 1.9814 	  2.0009 	  
20.05 	 1.9783 	  1.9932 	  
20.15 	 1.9755 	  1.9855 	  
20.25 	 1.973 	  1.9778 	  
20.35 	 1.9706 	  1.9701 	  
20.45 	 1.9685 	  1.9624 	  
20.55 	 1.9667 	  1.9549 	  
20.65 	 1.965 	  1.9474 	  
20.75 	 1.9635 	  1.9399 	  
20.85 	 1.9622 	  1.9326 	  
20.95 	 1.9611 	  1.9253 	  
21.05 	 1.9601 	  1.9182 	  
21.15 	 1.9593 	  1.9112 	  
21.25 	 1.9587 	  1.9043 	  
21.35 	 1.9581 	  1.8976 	  
21.45 	 1.9577 	  1.891 	  
21.55 	 1.9575 	  1.8846 	  
21.65 	 1.9573 	  1.8784 	  
21.75 	 1.9572 	  1.8723 	  
21.85 	 1.9572 	  1.8665 	  
21.95 	 1.9573 	  1.8608 	  
22.05 	 1.9575 	  1.8554 	  
22.15 	 1.9578 	  1.8501 	  
22.25 	 1.9581 	  1.8451 	  
22.35 	 1.9585 	  1.8403 	  
22.45 	 1.9589 	  1.8358 	  
22.55 	 1.9594 	  1.8315 	  
22.65 	 1.9599 	  1.8274 	  
22.75 	 1.9605 	  1.8237 	  
22.85 	 1.9611 	  1.8201 	  
22.95 	 1.9618 	  1.8169 	  
23.05 	 1.9624 	  1.8139 	  
23.15 	 1.9631 	  1.8112 	  
23.25 	 1.9639 	  1.8088 	  
23.35 	 1.9646 	  1.8067 	  
23.45 	 1.9653 	  1.8048 	  
23.55 	 1.9661 	  1.8033 	  
23.65 	 1.9669 	  1.802 	  
23.75 	 1.9677 	  1.8011 	  
23.85 	 1.9684 	  1.8004 	  
23.95 	 1.9692 	  1.8001 	  
24.05 	 1.97 	  1.8 	  
24.15 	 1.9708 	  1.8003 	  
24.25 	 1.9716 	  1.8008 	  
24.35 	 1.9724 	  1.8016 	  
24.45 	 1.9732 	  1.8028 	  
24.55 	 1.9739 	  1.8042 	  
24.65 	 1.9747 	  1.8059 	  
24.75 	 1.9754 	  1.808 	  
24.85 	 1.9762 	  1.8103 	  
24.95 	 1.9769 	  1.8129 	  
25.05 	 1.9776 	  1.8157 	  
25.15 	 1.9783 	  1.8189 	  
25.25 	 1.979 	  1.8223 	  
25.35 	 1.9797 	  1.826 	  
25.45 	 1.9804 	  1.8299 	  
25.55 	 1.981 	  1.8341 	  
25.65 	 1.9817 	  1.8386 	  
25.75 	 1.9823 	  1.8433 	  
25.85 	 1.9829 	  1.8482 	  
25.95 	 1.9835 	  1.8534 	  
26.05 	 1.9841 	  1.8588 	  
26.15 	 1.9847 	  1.8643 	  
26.25 	 1.9852 	  1.8701 	  
26.35 	 1.9858 	  1.8761 	  
26.45 	 1.9863 	  1.8823 	  
26.55 	 1.9868 	  1.8886 	  
26.65 	 1.9873 	  1.8952 	  
26.75 	 1.9878 	  1.9018 	  
26.85 	 1.9882 	  1.9086 	  
26.95 	 1.9887 	  1.9156 	  
27.05 	 1.9891 	  1.9227 	  
27.15 	 1.9896 	  1.9299 	  
27.25 	 1.99 	  1.9372 	  
27.35 	 1.9904 	  1.9446 	  
27.45 	 1.9908 	  1.9521 	  
27.55 	 1.9911 	  1.9596 	  
27.65 	 1.9915 	  1.9672 	  
27.75 	 1.9918 	  1.9749 	  
27.85 	 1.9922 	  1.9826 	  
27.95 	 1.9925 	  1.9903 	  
28.05 	 1.9928 	  1.9981 	  
28.15 	 1.9931 	  2.0058 	  
28.25 	 1.9934 	  2.0135 	  
28.35 	 1.9937 	  2.0213 	  
28.45 	 1.9939 	  2.0289 	  
28.55 	 1.9942 	  2.0366 	  
28.65 	 1.9944 	  2.0442 	  
28.75 	 1.9947 	  2.0517 	  
28.85 	 1.9949 	  2.0591 	  
28.95 	 1.9951 	  2.0665 	  
29.05 	 1.9953 	  2.0737 	  
29.15 	 1.9956 	  2.0809 	  
29.25 	 1.9958 	  2.0879 	  
29.35 	 1.9959 	  2.0948 	  
29.45 	 1.9961 	  2.1015 	  
29.55 	 1.9963 	  2.1081 	  
29.65 	 1.9965 	  2.1146 	  
29.75 	 1.9966 	  2.1208 	  
29.85 	 1.9968 	  2.1269 	  
29.95 	 1.9969 	  2.1328 	  
30.05 	 1.9971 	  2.1385 	  
30.15 	 1.9972 	  2.144 	  
30.25 	 1.9973 	  2.1492 	  
30.35 	 1.9975 	  2.1543 	  
30.45 	 1.9976 	  2.1591 	  
30.55 	 1.9977 	  2.1637 	  
30.65 	 1.9978 	  2.168 	  
30.75 	 1.9979 	  2.1721 	  
30.85 	 1.998 	  2.1759 	  
30.95 	 1.9981 	  2.1794 	  
31.05 	 1.9982 	  2.1827 	  
31.15 	 1.9983 	  2.1857 	  
31.25 	 1.9984 	  2.1885 	  
31.35 	 1.9984 	  2.1909 	  
31.45 	 1.9985 	  2.1931 	  
31.55 	 1.9986 	  2.195 	  
31.65 	 1.9986 	  2.1965 	  
31.75 	 1.9987 	  2.1978 	  
31.85 	 1.9988 	  2.1988 	  
31.95 	 1.9988 	  2.1995 	  
32.05 	 1.9989 	  2.1999 	  
32.15 	 1.9989 	  2.2 	  
32.25 	 1.999 	  2.1998 	  
32.35 	 1.999 	  2.1993 	  
32.45 	 1.9991 	  2.1985 	  
32.55 	 1.9991 	  2.1974 	  
32.65 	 1.9992 	  2.196 	  
32.75 	 1.9992 	  2.1943 	  
32.85 	 1.9993 	  2.1923 	  
32.95 	 1.9993 	  2.19 	  
33.05 	 1.9993 	  2.1875 	  
33.15 	 1.9994 	  2.1846 	  
33.25 	 1.9994 	  2.1815 	  
33.35 	 1.9994 	  2.1781 	  
33.45 	 1.9995 	  2.1745 	  
33.55 	 1.9995 	  2.1706 	  
33.65 	 1.9995 	  2.1664 	  
33.75 	 1.9995 	  2.162 	  
33.85 	 1.9996 	  2.1573 	  
33.95 	 1.9996 	  2.1524 	  
34.05 	 1.9996 	  2.1473 	  
34.15 	 1.9996 	  2.142 	  
34.25 	 1.9997 	  2.1364 	  
34.35 	 1.9997 	  2.1306 	  
34.45 	 1.9997 	  2.1247 	  
34.55 	 1.9997 	  2.1185 	  
34.65 	 1.9997 	  2.1122 	  
34.75 	 1.9997 	  2.1057 	  
34.85 	 1.9998 	  2.099 	  
34.95 	 1.9998 	  2.0922 	  
35.05 	 1.9998 	  2.0853 	  
35.15 	 1.9998 	  2.0782 	  
35.25 	 1.9998 	  2.0711 	  
35.35 	 1.9998 	  2.0638 	  
35.45 	 1.9998 	  2.0564 	  
35.55 	 1.9998 	  2.0489 	  
35.65 	 1.9998 	  2.0414 	  
35.75 	 1.9999 	  2.0338 	  
35.85 	 1.9999 	  2.0261 	  
35.95 	 1.9999 	  2.0184 	  
36.05 	 1.9999 	  2.0107 	  
36.15 	 1.9999 	  2.0029 	  
36.25 	 1.9999 	  1.9952 	  
36.35 	 1.9999 	  1.9875 	  
36.45 	 1.9999 	  1.9797 	  
36.55 	 1.9999 	  1.972 	  
36.65 	 1.9999 	  1.9644 	  
36.75 	 1.9999 	  1.9568 	  
36.85 	 1.9999 	  1.9493 	  
36.95 	 1.9999 	  1.9418 	  
37.05 	 1.9999 	  1.9345 	  
37.15 	 1.9999 	  1.9272 	  
37.25 	 1.9999 	  1.92 	  
37.35 	 1.9999 	  1.913 	  
37.45 	 1.9999 	  1.9061 	  
37.55 	 2 	  1.8993 	  
37.65 	 2 	  1.8927 	  
37.75 	 2 	  1.8863 	  
37.85 	 2 	  1.88 	  
37.95 	 2 	  1.8739 	  
38.05 	 2 	  1.868 	  
38.15 	 2 	  1.8622 	  
38.25 	 2 	  1.8567 	  
38.35 	 2 	  1.8514 	  
38.45 	 2 	  1.8464 	  
38.55 	 2 	  1.8415 	  
38.65 	 2 	  1.8369 	  
38.75 	 2 	  1.8326 	  
38.85 	 2 	  1.8285 	  
38.95 	 2 	  1.8246 	  
39.05 	 2 	  1.821 	  
39.15 	 2 	  1.8177 	  
39.25 	 2 	  1.8146 	  
39.35 	 2 	  1.8119 	  
39.45 	 2 	  1.8094 	  
39.55 	 2 	  1.8072 	  
39.65 	 2 	  1.8053 	  
39.75 	 2 	  1.8037 	  
39.85 	 2 	  1.8023 	  
39.95 	 2 	  1.8013 	  
40.05 	 2 	  1.8006 	  
40.15 	 2 	  1.8001 	  
40.25 	 2 	  1.8 	  
40.35 	 2 	  1.8002 	  
40.45 	 2 	  1.8006 	  
40.55 	 2 	  1.8014 	  
40.65 	 2 	  1.8025 	  
40.75 	 2 	  1.8038 	  
40.85 	 2 	  1.8055 	  
40.95 	 2 	  1.8074 	  
41.05 	 2 	  1.8097 	  
41.15 	 2 	  1.8122 	  
41.25 	 2 	  1.815 	  
41.35 	 2 	  1.8181 	  
41.45 	 2 	  1.8214 	  
41.55 	 2 	  1.825 	  
41.65 	 2 	  1.8289 	  
41.75 	 2 	  1.833 	  
41.85 	 2 	  1.8374 	  
41.95 	 2 	  1.8421 	  
42.05 	 2 	  1.8469 	  
42.15 	 2 	  1.852 	  
42.25 	 2 	  1.8573 	  
42.35 	 2 	  1.8629 	  
42.45 	 2 	  1.8686 	  
42.55 	 2 	  1.8746 	  
42.65 	 2 	  1.8807 	  
42.75 	 2 	  1.887 	  
42.85 	 2 	  1.8935 	  
42.95 	 2 	  1.9001 	  
43.05 	 2 	  1.9069 	  
43.15 	 2 	  1.9138 	  
43.25 	 2 	  1.9208 	  
43.35 	 2 	  1.928 	  
43.45 	 2 	  1.9353 	  
43.55 	 2 	  1.9427 	  
43.65 	 2 	  1.9501 	  
43.75 	 2 	  1.9577 	  
43.85 	 2 	  1.9653 	  
43.95 	 2 	  1.9729 	  
44.05 	 2 	  1.9806 	  
44.15 	 2 	  1.9883 	  
44.25 	 2 	  1.9961 	  
44.35 	 2 	  2.0038 	  
44.45 	 2 	  2.0116 	  
44.55 	 2 	  2.0193 	  
44.65 	 2 	  2.027 	  
44.75 	 2 	  2.0346 	  
44.85 	 2 	  2.0422 	  
44.95 	 2 	  2.0498 	  
45.05 	 2 	  2.0572 	  
45.15 	 2 	  2.0646 	  
45.25 	 2 	  2.0719 	  
45.35 	 2 	  2.079 	  
45.45 	 2 	  2.0861 	  
45.55 	 2 	  2.093 	  
45.65 	 2 	  2.0998 	  
45.75 	 2 	  2.1064 	  
45.85 	 2 	  2.1129 	  
45.95 	 2 	  2.1192 	  
46.05 	 2 	  2.1253 	  
46.15 	 2 	  2.1313 	  
46.25 	 2 	  2.137 	  
46.35 	 2 	  2.1426 	  
46.45 	 2 	  2.1479 	  
46.55 	 2 	  2.153 	  
46.65 	 2 	  2.1579 	  
46.75 	 2 	  2.1625 	  
46.85 	 2 	  2.1669 	  
46.95 	 2 	  2.171 	  
47.05 	 2 	  2.1749 	  
47.15 	 2 	  2.1785 	  
47.25 	 2 	  2.1819 	  
47.35 	 2 	  2.185 	  
47.45 	 2 	  2.1878 	  
47.55 	 2 	  2.1903 	  
47.65 	 2 	  2.1925 	  
47.75 	 2 	  2.1945 	  
47.85 	 2 	  2.1962 	  
47.95 	 2 	  2.1975 	  
48.05 	 2 	  2.1986 	  
48.15 	 2 	  2.1994 	  
48.25 	 2 	  2.1998 	  
48.35 	 2 	  2.2 	  
48.45 	 2 	  2.1999 	  
48.55 	 2 	  2.1994 	  
48.65 	 2 	  2.1987 	  
48.75 	 2 	  2.1977 	  
48.85 	 2 	  2.1964 	  
48.95 	 2 	  2.1948 	  
49.05 	 2 	  2.1928 	  
49.15 	 2 	  2.1906 	  
49.25 	 2 	  2.1882 	  
49.35 	 2 	  2.1854 	  
49.45 	 2 	  2.1824 	  
49.55 	 2 	  2.179 	  
49.65 	 2 	  2.1755 	  
49.75 	 2 	  2.1716 	  
49.85 	 2 	  2.1675 	  
49.95 	 2 	  2.1631 	  
50.05 	 2 	  2.1585 	  
50.15 	 2 	  2.1537 	  
50.25 	 2 	  2.1486 	  
50.35 	 2 	  2.1433 	  
50.45 	 2 	  2.1378 	  
50.55 	 2 	  2.1321 	  
50.65 	 2 	  2.1262 	  
50.75 	 2 	  2.1201 	  
50.85 	 2 	  2.1138 	  
50.95 	 2 	  2.1074 	  
51.05 	 2 	  2.1008 	  
51.15 	 2 	  2.094 	  
51.25 	 2 	  2.0871 	  
51.35 	 2 	  2.0801 	  
51.45 	 2 	  2.0729 	  
51.55 	 2 	  2.0656 	  
51.65 	 2 	  2.0583 	  
51.75 	 2 	  2.0508 	  
51.85 	 2 	  2.0433 	  
51.95 	 2 	  2.0357 	  
52.05 	 2 	  2.0281 	  
52.15 	 2 	  2.0204 	  
52.25 	 2 	  2.0127 	  
52.35 	 2 	  2.0049 	  
52.45 	 2 	  1.9972 	  
52.55 	 2 	  1.9894 	  
52.65 	 2 	  1.9817 	  
52.75 	 2 	  1.974 	  
52.85 	 2 	  1.9664 	  
52.95 	 2 	  1.9588 	  
53.05 	 2 	  1.9512 	  
53.15 	 2 	  1.9437 	  
53.25 	 2 	  1.9364 	  
53.35 	 2 	  1.9291 	  
53.45 	 2 	  1.9219 	  
53.55 	 2 	  1.9148 	  
53.65 	 2 	  1.9079 	  
53.75 	 2 	  1.9011 	  
53.85 	 2 	  1.8944 	  
53.95 	 2 	  1.8879 	  
54.05 	 2 	  1.8816 	  
54.15 	 2 	  1.8754 	  
54.25 	 2 	  1.8695 	  
54.35 	 2 	  1.8637 	  
54.45 	 2 	  1.8581 	  
54.55 	 2 	  1.8528 	  
54.65 	 2 	  1.8476 	  
54.75 	 2 	  1.8427 	  
54.85 	 2 	  1.8381 	  
54.95 	 2 	  1.8337 	  
55.05 	 2 	  1.8295 	  
55.15 	 2 	  1.8256 	  
55.25 	 2 	  1.8219 	  
55.35 	 2 	  1.8185 	  
55.45 	 2 	  1.8154 	  
55.55 	 2 	  1.8126 	  
55.65 	 2 	  1.81 	  
55.75 	 2 	  1.8077 	  
55.85 	 2 	  1.8057 	  
55.95 	 2 	  1.804 	  
56.05 	 2 	  1.8026 	  
56.15 	 2 	  1.8015 	  
56.25 	 2 	  1.8007 	  
56.35 	 2 	  1.8002 	  
56.45 	 2 	  1.8 	  
56.55 	 2 	  1.8001 	  
56.65 	 2 	  1.8005 	  
56.75 	 2 	  1.8012 	  
56.85 	 2 	  1.8022 	  
56.95 	 2 	  1.8034 	  
57.05 	 2 	  1.805 	  
57.15 	 2 	  1.8069 	  
57.25 	 2 	  1.8091 	  
57.35 	 2 	  1.8115 	  
57.45 	 2 	  1.8142 	  
57.55 	 2 	  1.8172 	  
57.65 	 2 	  1.8205 	  
57.75 	 2 	  1.8241 	  
57.85 	 2 	  1.8279 	  
57.95 	 2 	  1.832 	  
58.05 	 2 	  1.8363 	  
58.15 	 2 	  1.8408 	  
58.25 	 2 	  1.8457 	  
58.35 	 2 	  1.8507 	  
58.45 	 2 	  1.856 	  
58.55 	 2 	  1.8614 	  
58.65 	 2 	  1.8671 	  
58.75 	 2 	  1.873 	  
58.85 	 2 	  1.8791 	  
58.95 	 2 	  1.8854 	  
59.05 	 2 	  1.8918 	  
59.15 	 2 	  1.8984 	  
59.25 	 2 	  1.9051 	  
59.35 	 2 	  1.912 	  
59.45 	 2 	  1.919 	  
59.55 	 2 	  1.9262 	  
59.65 	 2 	  1.9334 	  
59.75 	 2 	  1.9408 	  
59.85 	 2 	  1.9482 	  
59.95 	 2 	  1.9557 	  
60.05 	 2 	  1.9633 	  
60.15 	 2 	  1.9709 	  
60.25 	 2 	  1.9786 	  
60.35 	 2 	  1.9863 	  
60.45 	 2 	  1.9941 	  
60.55 	 2 	  2.0018 	  
60.65 	 2 	  2.0096 	  
60.75 	 2 	  2.0173 	  
60.85 	 2 	  2.025 	  
60.95 	 2 	  2.0327 	  
61.05 	 2 	  2.0403 	  
61.15 	 2 	  2.0478 	  
61.25 	 2 	  2.0553 	  
61.35 	 2 	  2.0627 	  
61.45 	 2 	  2.07 	  
61.55 	 2 	  2.0772 	  
61.65 	 2.0001 	  2.0843 	  
61.75 	 2 	  2.0913 	  
61.85 	 2.0001 	  2.0981 	  
61.95 	 2.0001 	  2.1047 	  
62.05 	 2.0001 	  2.1113 	  
62.15 	 2.0001 	  2.1176 	  
62.25 	 2.0001 	  2.1238 	  
62.35 	 2.0001 	  2.1298 	  
62.45 	 2 	  2.1356 	  
62.55 	 2 	  2.1412 	  
62.65 	 2 	  2.1465 	  
62.75 	 2 	  2.1517 	  
62.85 	 2 	  2.1566 	  
62.95 	 2 	  2.1613 	  
63.05 	 2 	  2.1658 	  
63.15 	 2 	  2.17 	  
63.25 	 2 	  2.1739 	  
63.35 	 2 	  2.1776 	  
63.45 	 2 	  2.1811 	  
63.55 	 2 	  2.1842 	  
63.65 	 2 	  2.1871 	  
63.75 	 2 	  2.1897 	  
63.85 	 2 	  2.192 	  
63.95 	 2 	  2.194 	  
64.05 	 2 	  2.1958 	  
64.15 	 2 	  2.1972 	  
64.25 	 2 	  2.1983 	  
64.35 	 2 	  2.1992 	  
64.45 	 2 	  2.1997 	  
64.55 	 2 	  2.2 	  
64.65 	 2 	  2.1999 	  
64.75 	 2 	  2.1996 	  
64.85 	 2 	  2.1989 	  
64.95 	 2 	  2.198 	  
65.05 	 2 	  2.1967 	  
65.15 	 2 	  2.1952 	  
65.25 	 2 	  2.1934 	  
65.35 	 2 	  2.1912 	  
65.45 	 2 	  2.1888 	  
65.55 	 2 	  2.1861 	  
65.65 	 2 	  2.1832 	  
65.75 	 2 	  2.1799 	  
65.85 	 2 	  2.1764 	  
65.95 	 2 	  2.1726 	  
66.05 	 2 	  2.1686 	  
66.15 	 2 	  2.1643 	  
66.25 	 2 	  2.1598 	  
66.35 	 2 	  2.155 	  
66.45 	 2 	  2.15 	  
66.55 	 2 	  2.1447 	  
66.65 	 2 	  2.1393 	  
66.75 	 2 	  2.1336 	  
66.85 	 2 	  2.1278 	  
66.95 	 2 	  2.1217 	  
67.05 	 2 	  2.1155 	  
67.15 	 2 	  2.1091 	  
67.25 	 2 	  2.1025 	  
67.35 	 2 	  2.0958 	  
67.45 	 2 	  2.0889 	  
67.55 	 2 	  2.0819 	  
67.65 	 2 	  2.0748 	  
67.75 	 2 	  2.0675 	  
67.85 	 2 	  2.0602 	  
67.95 	 2 	  2.0528 	  
68.05 	 2 	  2.0452 	  
68.15 	 2 	  2.0377 	  
68.25 	 2 	  2.03 	  
68.35 	 2 	  2.0224 	  
68.45 	 2 	  2.0146 	  
68.55 	 2 	  2.0069 	  
68.65 	 2 	  1.9992 	  
68.75 	 2 	  1.9914 	  
68.85 	 2 	  1.9837 	  
68.95 	 2 	  1.976 	  
69.05 	 2 	  1.9683 	  
69.15 	 2 	  1.9607 	  
69.25 	 2 	  1.9531 	  
69.35 	 2 	  1.9457 	  
69.45 	 2 	  1.9382 	  
69.55 	 2 	  1.9309 	  
69.65 	 2 	  1.9237 	  
69.75 	 2 	  1.9166 	  
69.85 	 2 	  1.9096 	  
69.95 	 2 	  1.9028 	  
70.05 	 2 	  1.8961 	  
70.15 	 2 	  1.8896 	  
70.25 	 2 	  1.8832 	  
70.35 	 2 	  1.877 	  
70.45 	 2 	  1.871 	  
70.55 	 2 	  1.8652 	  
70.65 	 2 	  1.8595 	  
70.75 	 2 	  1.8541 	  
70.85 	 2 	  1.8489 	  
70.95 	 2 	  1.844 	  
71.05 	 2 	  1.8393 	  
71.15 	 2 	  1.8348 	  
71.25 	 2 	  1.8305 	  
71.35 	 2 	  1.8265 	  
71.45 	 2 	  1.8228 	  
71.55 	 2 	  1.8194 	  
71.65 	 2 	  1.8162 	  
71.75 	 2 	  1.8133 	  
71.85 	 2 	  1.8106 	  
71.95 	 2 	  1.8083 	  
72.05 	 2 	  1.8062 	  
72.15 	 2 	  1.8044 	  
72.25 	 2 	  1.803 	  
72.35 	 2 	  1.8018 	  
72.45 	 2 	  1.8009 	  
72.55 	 2 	  1.8003 	  
72.65 	 2 	  1.8 	  
72.75 	 2 	  1.8 	  
72.85 	 2 	  1.8004 	  
72.95 	 2 	  1.801 	  
73.05 	 2 	  1.8019 	  
73.15 	 2 	  1.8031 	  
73.25 	 2 	  1.8046 	  
73.35 	 2 	  1.8064 	  
73.45 	 2 	  1.8085 	  
73.55 	 2 	  1.8108 	  
73.65 	 2 	  1.8135 	  
73.75 	 2 	  1.8164 	  
73.85 	 2 	  1.8196 	  
73.95 	 2 	  1.8231 	  
74.05 	 2 	  1.8269 	  
74.15 	 2 	  1.8309 	  
74.25 	 2 	  1.8351 	  
74.35 	 2 	  1.8397 	  
74.45 	 2 	  1.8444 	  
74.55 	 2 	  1.8494 	  
74.65 	 2 	  1.8546 	  
74.75 	 2 	  1.86 	  
74.85 	 2 	  1.8656 	  
74.95 	 2 	  1.8715 	  
75.05 	 2 	  1.8775 	  
75.15 	 2 	  1.8837 	  
75.25 	 2 	  1.8901 	  
75.35 	 2 	  1.8967 	  
75.45 	 2 	  1.9034 	  
75.55 	 2 	  1.9102 	  
75.65 	 2 	  1.9172 	  
75.75 	 2 	  1.9243 	  
75.85 	 2 	  1.9315 	  
75.95 	 2 	  1.9389 	  
76.05 	 2 	  1.9463 	  
76.15 	 2 	  1.9538 	  
76.25 	 2 	  1.9614 	  
76.35 	 2 	  1.969 	  
76.45 	 2 	  1.9767 	  
76.55 	 2 	  1.9844 	  
76.65 	 2 	  1.9921 	  
76.75 	 2 	  1.9998 	  
76.85 	 2 	  2.0076 	  
76.95 	 2 	  2.0153 	  
77.05 	 2 	  2.023 	  
77.15 	 2 	  2.0307 	  
77.25 	 2 	  2.0383 	  
77.35 	 2 	  2.0459 	  
77.45 	 2 	  2.0534 	  
77.55 	 2 	  2.0608 	  
77.65 	 2 	  2.0681 	  
77.75 	 2 	  2.0754 	  
77.85 	 2 	  2.0825 	  
77.95 	 2 	  2.0895 	  
78.05 	 2 	  2.0963 	  
78.15 	 2 	  2.103 	  
78.25 	 2 	  2.1096 	  
78.35 	 2 	  2.116 	  
78.45 	 2 	  2.1222 	  
78.55 	 2 	  2.1283 	  
78.65 	 2 	  2.1341 	  
78.75 	 2 	  2.1397 	  
78.85 	 2 	  2.1452 	  
78.95 	 2 	  2.1504 	  
79.05 	 2 	  2.1554 	  
79.15 	 2 	  2.1601 	  
79.25 	 2 	  2.1647 	  
79.35 	 2 	  2.1689 	  
79.45 	 2 	  2.173 	  
79.55 	 2 	  2.1767 	  
79.65 	 2 	  2.1802 	  
79.75 	 2 	  2.1834 	  
79.85 	 2 	  2.1864 	  
79.95 	 2 	  2.189 	  
80.05 	 2 	  2.1914 	  
80.15 	 2 	  2.1935 	  
80.25 	 2 	  2.1953 	  
80.35 	 2 	  2.1969 	  
80.45 	 2 	  2.1981 	  
80.55 	 2 	  2.199 	  
80.65 	 2 	  2.1996 	  
80.75 	 2 	  2.1999 	  
80.85 	 2 	  2.2 	  
80.95 	 2 	  2.1997 	  
81.05 	 2 	  2.1991 	  
81.15 	 2 	  2.1983 	  
81.25 	 2 	  2.1971 	  
81.35 	 2 	  2.1956 	  
81.45 	 2 	  2.1939 	  
81.55 	 2 	  2.1918 	  
81.65 	 2 	  2.1895 	  
81.75 	 2 	  2.1869 	  
81.85 	 2 	  2.184 	  
81.95 	 2 	  2.1808 	  
82.05 	 2 	  2.1773 	  
82.15 	 2 	  2.1736 	  
82.25 	 2 	  2.1696 	  
82.35 	 2 	  2.1654 	  
82.45 	 2 	  2.1609 	  
82.55 	 2 	  2.1562 	  
82.65 	 2 	  2.1513 	  
82.75 	 2 	  2.1461 	  
82.85 	 2 	  2.1407 	  
82.95 	 2 	  2.1351 	  
83.05 	 2 	  2.1293 	  
83.15 	 2 	  2.1233 	  
83.25 	 2 	  2.1171 	  
83.35 	 2 	  2.1107 	  
83.45 	 2 	  2.1042 	  
83.55 	 2 	  2.0975 	  
83.65 	 2 	  2.0907 	  
83.75 	 2 	  2.0837 	  
83.85 	 2 	  2.0766 	  
83.95 	 2 	  2.0694 	  
84.05 	 2 	  2.0621 	  
84.15 	 2 	  2.0547 	  
84.25 	 2 	  2.0472 	  
84.35 	 2 	  2.0396 	  
84.45 	 2 	  2.032 	  
84.55 	 2 	  2.0243 	  
84.65 	 2 	  2.0166 	  
84.75 	 2 	  2.0089 	  
84.85 	 2 	  2.0012 	  
84.95 	 2 	  1.9934 	  
85.05 	 2 	  1.9857 	  
85.15 	 2 	  1.978 	  
85.25 	 2 	  1.9703 	  
85.35 	 2 	  1.9627 	  
85.45 	 2 	  1.9551 	  
85.55 	 2 	  1.9476 	  
85.65 	 2 	  1.9401 	  
85.75 	 2 	  1.9328 	  
85.85 	 2 	  1.9256 	  
85.95 	 2 	  1.9184 	  
86.05 	 2 	  1.9114 	  
86.15 	 2 	  1.9045 	  
86.25 	 2 	  1.8978 	  
86.35 	 2 	  1.8912 	  
86.45 	 2 	  1.8848 	  
86.55 	 2 	  1.8786 	  
86.65 	 2 	  1.8725 	  
86.75 	 2 	  1.8666 	  
86.85 	 2 	  1.861 	  
86.95 	 2 	  1.8555 	  
87.05 	 2 	  1.8503 	  
87.15 	 2 	  1.8452 	  
87.25 	 2 	  1.8405 	  
87.35 	 2 	  1.8359 	  
87.45 	 2 	  1.8316 	  
87.55 	 2 	  1.8275 	  
87.65 	 2 	  1.8238 	  
87.75 	 2 	  1.8202 	  
87.85 	 2 	  1.817 	  
87.95 	 2 	  1.814 	  
88.05 	 2 	  1.8113 	  
88.15 	 2 	  1.8089 	  
88.25 	 2 	  1.8067 	  
88.35 	 2 	  1.8049 	  
88.45 	 2 	  1.8033 	  
88.55 	 2 	  1.8021 	  
88.65 	 2 	  1.8011 	  
88.75 	 2 	  1.8004 	  
88.85 	 2 	  1.8001 	  
88.95 	 2 	  1.8 	  
89.05 	 2 	  1.8002 	  
89.15 	 2 	  1.8008 	  
89.25 	 2 	  1.8016 	  
89.35 	 2 	  1.8027 	  
89.45 	 2 	  1.8042 	  
89.55 	 2 	  1.8059 	  
89.65 	 2 	  1.8079 	  
89.75 	 2 	  1.8102 	  
89.85 	 2 	  1.8128 	  
89.95 	 2 	  1.8157 	  
90.05 	 2 	  1.8188 	  
90.15 	 2 	  1.8222 	  
90.25 	 2 	  1.8259 	  
90.35 	 2 	  1.8298 	  
90.45 	 2 	  1.834 	  
90.55 	 2 	  1.8385 	  
90.65 	 2 	  1.8432 	  
90.75 	 2 	  1.8481 	  
90.85 	 2 	  1.8532 	  
90.95 	 2 	  1.8586 	  
91.05 	 2 	  1.8642 	  
91.15 	 2 	  1.87 	  
91.25 	 2 	  1.8759 	  
91.35 	 2 	  1.8821 	  
91.45 	 2 	  1.8885 	  
91.55 	 2 	  1.895 	  
91.65 	 2 	  1.9016 	  
91.75 	 2 	  1.9084 	  
91.85 	 2 	  1.9154 	  
91.95 	 2 	  1.9225 	  
92.05 	 2 	  1.9297 	  
92.15 	 2 	  1.937 	  
92.25 	 2 	  1.9444 	  
92.35 	 2 	  1.9519 	  
92.45 	 2 	  1.9594 	  
92.55 	 2 	  1.967 	  
92.65 	 2 	  1.9747 	  
92.75 	 2 	  1.9824 	  
92.85 	 2 	  1.9901 	  
92.95 	 2 	  1.9978 	  
93.05 	 2 	  2.0056 	  
93.15 	 2 	  2.0133 	  
93.25 	 2 	  2.021 	  
93.35 	 2 	  2.0287 	  
93.45 	 2 	  2.0364 	  
93.55 	 2 	  2.0439 	  
93.65 	 2 	  2.0515 	  
93.75 	 2 	  2.0589 	  
93.85 	 2 	  2.0663 	  
93.95 	 2 	  2.0735 	  
94.05 	 2 	  2.0807 	  
94.15 	 2 	  2.0877 	  
94.25 	 2 	  2.0946 	  
94.35 	 2 	  2.1013 	  
94.45 	 2 	  2.1079 	  
94.55 	 2 	  2.1144 	  
94.65 	 2 	  2.1206 	  
94.75 	 2 	  2.1267 	  
94.85 	 2 	  2.1326 	  
94.95 	 2 	  2.1383 	  
95.05 	 2 	  2.1438 	  
95.15 	 2 	  2.1491 	  
95.25 	 2 	  2.1541 	  
95.35 	 2 	  2.1589 	  
95.45 	 2 	  2.1635 	  
95.55 	 2 	  2.1679 	  
95.65 	 2 	  2.1719 	  
95.75 	 2 	  2.1758 	  
95.85 	 2 	  2.1793 	  
95.95 	 2 	  2.1826 	  
96.05 	 2 	  2.1856 	  
96.15 	 2 	  2.1884 	  
96.25 	 2 	  2.1908 	  
96.35 	 2 	  2.193 	  
96.45 	 2 	  2.1949 	  
96.55 	 2 	  2.1965 	  
96.65 	 2 	  2.1978 	  
96.75 	 2 	  2.1988 	  
96.85 	 2 	  2.1995 	  
96.95 	 2 	  2.1999 	  
97.05 	 2 	  2.2 	  
97.15 	 2 	  2.1998 	  
97.25 	 2 	  2.1993 	  
97.35 	 2 	  2.1985 	  
97.45 	 2 	  2.1974 	  
97.55 	 2 	  2.196 	  
97.65 	 2 	  2.1943 	  
97.75 	 2 	  2.1924 	  
97.85 	 2 	  2.1901 	  
97.95 	 2 	  2.1876 	  
98.05 	 2 	  2.1847 	  
98.15 	 1.9999 	  2.1816 	  
98.25 	 1.9999 	  2.1782 	  
98.35 	 1.9999 	  2.1746 	  
98.45 	 1.9999 	  2.1707 	  
98.55 	 1.9999 	  2.1665 	  
98.65 	 1.9999 	  2.1621 	  
98.75 	 1.9999 	  2.1575 	  
98.85 	 1.9999 	  2.1526 	  
98.95 	 1.9999 	  2.1474 	  
99.05 	 1.9999 	  2.1421 	  
99.15 	 1.9999 	  2.1365 	  
99.25 	 1.9999 	  2.1308 	  
99.35 	 1.9999 	  2.1248 	  
99.45 	 1.9999 	  2.1187 	  
99.55 	 1.9999 	  2.1124 	  
99.65 	 1.9999 	  2.1059 	  
99.75 	 1.9999 	  2.0992 	  
99.85 	 1.9999 	  2.0924 	  
99.95 	 1.9999 	  2.0855 	  
100.05 	 1.9999 	  2.0784 	  
100.15 	 1.9999 	  2.0713 	  
100.25 	 1.9999 	  2.064 	  
100.35 	 1.9999 	  2.0566 	  
100.45 	 1.9999 	  2.0491 	  
100.55 	 1.9999 	  2.0416 	  
100.65 	 1.9999 	  2.034 	  
100.75 	 1.9999 	  2.0263 	  
100.85 	 1.9999 	  2.0186 	  
100.95 	 1.9999 	  2.0109 	  
101.05 	 1.9999 	  2.0032 	  
101.15 	 1.9999 	  1.9954 	  
101.25 	 1.9999 	  1.9877 	  
101.35 	 1.9999 	  1.98 	  
101.45 	 1.9999 	  1.9723 	  
101.55 	 1.9999 	  1.9646 	  
101.65 	 1.9999 	  1.957 	  
101.75 	 1.9999 	  1.9495 	  
101.85 	 1.9999 	  1.942 	  
101.95 	 1.9999 	  1.9347 	  
102.05 	 1.9999 	  1.9274 	  
102.15 	 1.9999 	  1.9202 	  
102.25 	 1.9999 	  1.9132 	  
102.35 	 1.9999 	  1.9063 	  
102.45 	 1.9999 	  1.8995 	  
102.55 	 1.9999 	  1.8929 	  
102.65 	 1.9999 	  1.8864 	  
102.75 	 1.9999 	  1.8802 	  
102.85 	 1.9999 	  1.874 	  
102.95 	 1.9999 	  1.8681 	  
103.05 	 1.9999 	  1.8624 	  
103.15 	 1.9999 	  1.8569 	  
103.25 	 1.9999 	  1.8516 	  
103.35 	 1.9999 	  1.8465 	  
103.45 	 1.9999 	  1.8417 	  
103.55 	 1.9999 	  1.837 	  
103.65 	 1.9999 	  1.8327 	  
103.75 	 1.9999 	  1.8286 	  
103.85 	 1.9999 	  1.8247 	  
103.95 	 1.9999 	  1.8211 	  
104.05 	 1.9999 	  1.8178 	  
104.15 	 1.9999 	  1.8147 	  
104.25 	 1.9999 	  1.8119 	  
104.35 	 1.9999 	  1.8095 	  
104.45 	 1.9999 	  1.8072 	  
104.55 	 1.9999 	  1.8053 	  
104.65 	 1.9999 	  1.8037 	  
104.75 	 1.9999 	  1.8024 	  
104.85 	 1.9999 	  1.8013 	  
104.95 	 1.9999 	  1.8006 	  
105.05 	 1.9999 	  1.8001 	  
105.15 	 1.9999 	  1.8 	  
105.25 	 1.9999 	  1.8002 	  
105.35 	 1.9999 	  1.8006 	  
105.45 	 1.9999 	  1.8014 	  
105.55 	 1.9999 	  1.8024 	  
105.65 	 1.9999 	  1.8038 	  
105.75 	 1.9999 	  1.8054 	  
105.85 	 1.9999 	  1.8074 	  
105.95 	 1.9999 	  1.8096 	  
106.05 	 1.9999 	  1.8121 	  
106.15 	 1.9999 	  1.8149 	  
106.25 	 1.9999 	  1.818 	  
106.35 	 1.9999 	  1.8213 	  
106.45 	 1.9999 	  1.8249 	  
106.55 	 1.9999 	  1.8288 	  
106.65 	 1.9999 	  1.8329 	  
106.75 	 1.9999 	  1.8373 	  
106.85 	 1.9999 	  1.8419 	  
106.95 	 1.9999 	  1.8468 	  
107.05 	 1.9999 	  1.8519 	  
107.15 	 1.9999 	  1.8572 	  
107.25 	 1.9999 	  1.8627 	  
107.35 	 1.9999 	  1.8685 	  
107.45 	 1.9999 	  1.8744 	  
107.55 	 1.9999 	  1.8805 	  
107.65 	 1.9999 	  1.8868 	  
107.75 	 1.9999 	  1.8933 	  
107.85 	 1.9999 	  1.8999 	  
107.95 	 1.9999 	  1.9067 	  
108.05 	 1.9999 	  1.9136 	  
108.15 	 1.9999 	  1.9206 	  
108.25 	 2 	  1.9278 	  
108.35 	 2 	  1.9351 	  
108.45 	 2 	  1.9425 	  
108.55 	 2 	  1.9499 	  
108.65 	 2 	  1.9575 	  
108.75 	 2 	  1.9651 	  
108.85 	 2 	  1.9727 	  
108.95 	 2 	  1.9804 	  
