simtime:  3.8631
number of wsf-lines:  1

line_No     y_coord
1	 1.5
2	  Wave Theory 


X 1	 P 1 	 	 	 	 W 1

0.05 	 2.0532 	  2.0464 	  
0.15 	 2.0604 	  2.0539 	  
0.25 	 2.0676 	  2.0614 	  
0.35 	 2.0747 	  2.0687 	  
0.45 	 2.0816 	  2.0759 	  
0.55 	 2.0885 	  2.083 	  
0.65 	 2.0952 	  2.09 	  
0.75 	 2.1018 	  2.0968 	  
0.85 	 2.1083 	  2.1035 	  
0.95 	 2.1146 	  2.1101 	  
1.05 	 2.1208 	  2.1165 	  
1.15 	 2.1267 	  2.1227 	  
1.25 	 2.1325 	  2.1287 	  
1.35 	 2.1381 	  2.1345 	  
1.45 	 2.1435 	  2.1402 	  
1.55 	 2.1487 	  2.1456 	  
1.65 	 2.1537 	  2.1508 	  
1.75 	 2.1584 	  2.1558 	  
1.85 	 2.1629 	  2.1605 	  
1.95 	 2.1672 	  2.165 	  
2.05 	 2.1713 	  2.1692 	  
2.15 	 2.175 	  2.1732 	  
2.25 	 2.1786 	  2.177 	  
2.35 	 2.1819 	  2.1805 	  
2.45 	 2.1849 	  2.1837 	  
2.55 	 2.1876 	  2.1866 	  
2.65 	 2.1901 	  2.1892 	  
2.75 	 2.1923 	  2.1916 	  
2.85 	 2.1942 	  2.1937 	  
2.95 	 2.1959 	  2.1955 	  
3.05 	 2.1972 	  2.197 	  
3.15 	 2.1983 	  2.1982 	  
3.25 	 2.199 	  2.1991 	  
3.35 	 2.1995 	  2.1997 	  
3.45 	 2.1997 	  2.2 	  
3.55 	 2.1996 	  2.2 	  
3.65 	 2.1992 	  2.1997 	  
3.75 	 2.1985 	  2.1991 	  
3.85 	 2.1975 	  2.1982 	  
3.95 	 2.1962 	  2.197 	  
4.05 	 2.1947 	  2.1955 	  
4.15 	 2.1928 	  2.1937 	  
4.25 	 2.1907 	  2.1917 	  
4.35 	 2.1882 	  2.1893 	  
4.45 	 2.1855 	  2.1867 	  
4.55 	 2.1826 	  2.1837 	  
4.65 	 2.1793 	  2.1805 	  
4.75 	 2.1758 	  2.1771 	  
4.85 	 2.172 	  2.1733 	  
4.95 	 2.1679 	  2.1693 	  
5.05 	 2.1636 	  2.1651 	  
5.15 	 2.1591 	  2.1606 	  
5.25 	 2.1543 	  2.1559 	  
5.35 	 2.1492 	  2.1509 	  
5.45 	 2.144 	  2.1457 	  
5.55 	 2.1385 	  2.1403 	  
5.65 	 2.1328 	  2.1347 	  
5.75 	 2.1269 	  2.1288 	  
5.85 	 2.1207 	  2.1228 	  
5.95 	 2.1144 	  2.1166 	  
6.05 	 2.1079 	  2.1102 	  
6.15 	 2.1012 	  2.1037 	  
6.25 	 2.0944 	  2.097 	  
6.35 	 2.0874 	  2.0902 	  
6.45 	 2.0802 	  2.0832 	  
6.55 	 2.0729 	  2.0761 	  
6.65 	 2.0655 	  2.0689 	  
6.75 	 2.058 	  2.0615 	  
6.85 	 2.0503 	  2.0541 	  
6.95 	 2.0426 	  2.0466 	  
7.05 	 2.0348 	  2.0391 	  
7.15 	 2.0269 	  2.0314 	  
7.25 	 2.0189 	  2.0238 	  
7.35 	 2.0109 	  2.0161 	  
7.45 	 2.0029 	  2.0083 	  
7.55 	 1.9949 	  2.0006 	  
7.65 	 1.9868 	  1.9928 	  
7.75 	 1.9787 	  1.9851 	  
7.85 	 1.9707 	  1.9774 	  
7.95 	 1.9627 	  1.9697 	  
8.05 	 1.9548 	  1.9621 	  
8.15 	 1.9469 	  1.9545 	  
8.25 	 1.9391 	  1.947 	  
8.35 	 1.9315 	  1.9396 	  
8.45 	 1.9239 	  1.9323 	  
8.55 	 1.9165 	  1.925 	  
8.65 	 1.9092 	  1.9179 	  
8.75 	 1.9021 	  1.9109 	  
8.85 	 1.8951 	  1.904 	  
8.95 	 1.8884 	  1.8973 	  
9.05 	 1.8818 	  1.8907 	  
9.15 	 1.8754 	  1.8843 	  
9.25 	 1.8692 	  1.8781 	  
9.35 	 1.8633 	  1.8721 	  
9.45 	 1.8576 	  1.8662 	  
9.55 	 1.8522 	  1.8606 	  
9.65 	 1.847 	  1.8551 	  
9.75 	 1.8421 	  1.8499 	  
9.85 	 1.8375 	  1.8449 	  
9.95 	 1.8331 	  1.8401 	  
10.05 	 1.8291 	  1.8356 	  
10.15 	 1.8253 	  1.8313 	  
10.25 	 1.8218 	  1.8273 	  
10.35 	 1.8187 	  1.8235 	  
10.45 	 1.8158 	  1.82 	  
10.55 	 1.8132 	  1.8167 	  
10.65 	 1.811 	  1.8138 	  
10.75 	 1.809 	  1.8111 	  
10.85 	 1.8074 	  1.8087 	  
10.95 	 1.8061 	  1.8066 	  
11.05 	 1.8052 	  1.8048 	  
11.15 	 1.8045 	  1.8032 	  
11.25 	 1.8042 	  1.802 	  
11.35 	 1.8042 	  1.801 	  
11.45 	 1.8045 	  1.8004 	  
11.55 	 1.8052 	  1.8001 	  
11.65 	 1.8061 	  1.8 	  
11.75 	 1.8074 	  1.8003 	  
11.85 	 1.8089 	  1.8008 	  
11.95 	 1.8108 	  1.8017 	  
12.05 	 1.8129 	  1.8028 	  
12.15 	 1.8153 	  1.8043 	  
12.25 	 1.818 	  1.806 	  
12.35 	 1.821 	  1.8081 	  
12.45 	 1.8242 	  1.8104 	  
12.55 	 1.8276 	  1.813 	  
12.65 	 1.8313 	  1.8159 	  
12.75 	 1.8352 	  1.819 	  
12.85 	 1.8394 	  1.8225 	  
12.95 	 1.8437 	  1.8262 	  
13.05 	 1.8482 	  1.8301 	  
13.15 	 1.853 	  1.8343 	  
13.25 	 1.8578 	  1.8388 	  
13.35 	 1.8628 	  1.8435 	  
13.45 	 1.868 	  1.8485 	  
13.55 	 1.8733 	  1.8536 	  
13.65 	 1.8787 	  1.859 	  
13.75 	 1.8842 	  1.8646 	  
13.85 	 1.8899 	  1.8704 	  
13.95 	 1.8956 	  1.8764 	  
14.05 	 1.9013 	  1.8826 	  
14.15 	 1.9071 	  1.8889 	  
14.25 	 1.913 	  1.8955 	  
14.35 	 1.9188 	  1.9021 	  
14.45 	 1.9247 	  1.909 	  
14.55 	 1.9306 	  1.9159 	  
14.65 	 1.9366 	  1.923 	  
14.75 	 1.9426 	  1.9302 	  
14.85 	 1.9486 	  1.9375 	  
14.95 	 1.9546 	  1.9449 	  
15.05 	 1.9605 	  1.9524 	  
15.15 	 1.9664 	  1.96 	  
15.25 	 1.9722 	  1.9676 	  
15.35 	 1.9779 	  1.9752 	  
15.45 	 1.9834 	  1.9829 	  
15.55 	 1.9888 	  1.9907 	  
15.65 	 1.9941 	  1.9984 	  
15.75 	 1.9993 	  2.0062 	  
15.85 	 2.0044 	  2.0139 	  
15.95 	 2.0093 	  2.0216 	  
16.05 	 2.014 	  2.0293 	  
16.15 	 2.0187 	  2.0369 	  
16.25 	 2.0233 	  2.0445 	  
16.35 	 2.0279 	  2.052 	  
16.45 	 2.0326 	  2.0595 	  
16.55 	 2.0374 	  2.0668 	  
16.65 	 2.0423 	  2.0741 	  
16.75 	 2.0475 	  2.0812 	  
16.85 	 2.0529 	  2.0882 	  
16.95 	 2.0586 	  2.0951 	  
17.05 	 2.0647 	  2.1018 	  
17.15 	 2.0712 	  2.1084 	  
17.25 	 2.0782 	  2.1148 	  
17.35 	 2.0856 	  2.1211 	  
17.45 	 2.0935 	  2.1272 	  
17.55 	 2.1018 	  2.1331 	  
17.65 	 2.1106 	  2.1387 	  
17.75 	 2.1197 	  2.1442 	  
17.85 	 2.1292 	  2.1495 	  
17.95 	 2.139 	  2.1545 	  
18.05 	 2.1489 	  2.1593 	  
18.15 	 2.1589 	  2.1639 	  
18.25 	 2.1688 	  2.1682 	  
18.35 	 2.1786 	  2.1722 	  
18.45 	 2.1882 	  2.176 	  
18.55 	 2.1974 	  2.1796 	  
18.65 	 2.206 	  2.1829 	  
18.75 	 2.214 	  2.1859 	  
18.85 	 2.2212 	  2.1886 	  
18.95 	 2.2275 	  2.191 	  
19.05 	 2.2327 	  2.1932 	  
19.15 	 2.2369 	  2.195 	  
19.25 	 2.24 	  2.1966 	  
19.35 	 2.242 	  2.1979 	  
19.45 	 2.243 	  2.1989 	  
19.55 	 2.2428 	  2.1995 	  
19.65 	 2.2417 	  2.1999 	  
19.75 	 2.2395 	  2.2 	  
19.85 	 2.2365 	  2.1998 	  
19.95 	 2.2326 	  2.1993 	  
20.05 	 2.2279 	  2.1984 	  
20.15 	 2.2226 	  2.1973 	  
20.25 	 2.2166 	  2.1959 	  
20.35 	 2.2101 	  2.1942 	  
20.45 	 2.2032 	  2.1922 	  
20.55 	 2.1959 	  2.1899 	  
20.65 	 2.1883 	  2.1874 	  
20.75 	 2.1805 	  2.1845 	  
20.85 	 2.1725 	  2.1814 	  
20.95 	 2.1644 	  2.178 	  
21.05 	 2.1563 	  2.1743 	  
21.15 	 2.1481 	  2.1704 	  
21.25 	 2.14 	  2.1662 	  
21.35 	 2.132 	  2.1618 	  
21.45 	 2.124 	  2.1571 	  
21.55 	 2.1162 	  2.1522 	  
21.65 	 2.1085 	  2.1471 	  
21.75 	 2.101 	  2.1417 	  
21.85 	 2.0936 	  2.1361 	  
21.95 	 2.0865 	  2.1304 	  
22.05 	 2.0795 	  2.1244 	  
22.15 	 2.0728 	  2.1182 	  
22.25 	 2.0663 	  2.1119 	  
22.35 	 2.0601 	  2.1054 	  
22.45 	 2.0541 	  2.0987 	  
22.55 	 2.0483 	  2.0919 	  
22.65 	 2.0428 	  2.085 	  
22.75 	 2.0376 	  2.0779 	  
22.85 	 2.0326 	  2.0707 	  
22.95 	 2.0278 	  2.0634 	  
23.05 	 2.0232 	  2.056 	  
23.15 	 2.0189 	  2.0486 	  
23.25 	 2.0148 	  2.041 	  
23.35 	 2.011 	  2.0334 	  
23.45 	 2.0073 	  2.0257 	  
23.55 	 2.0039 	  2.018 	  
23.65 	 2.0007 	  2.0103 	  
23.75 	 1.9977 	  2.0026 	  
23.85 	 1.9948 	  1.9948 	  
23.95 	 1.9922 	  1.9871 	  
24.05 	 1.9897 	  1.9794 	  
24.15 	 1.9874 	  1.9717 	  
24.25 	 1.9853 	  1.9641 	  
24.35 	 1.9834 	  1.9565 	  
24.45 	 1.9816 	  1.9489 	  
24.55 	 1.9799 	  1.9415 	  
24.65 	 1.9784 	  1.9341 	  
24.75 	 1.977 	  1.9269 	  
24.85 	 1.9758 	  1.9197 	  
24.95 	 1.9746 	  1.9127 	  
25.05 	 1.9736 	  1.9058 	  
25.15 	 1.9727 	  1.899 	  
25.25 	 1.9719 	  1.8924 	  
25.35 	 1.9712 	  1.886 	  
25.45 	 1.9706 	  1.8797 	  
25.55 	 1.9701 	  1.8736 	  
25.65 	 1.9697 	  1.8677 	  
25.75 	 1.9694 	  1.862 	  
25.85 	 1.9691 	  1.8565 	  
25.95 	 1.9689 	  1.8512 	  
26.05 	 1.9688 	  1.8461 	  
26.15 	 1.9687 	  1.8413 	  
26.25 	 1.9687 	  1.8367 	  
26.35 	 1.9687 	  1.8324 	  
26.45 	 1.9688 	  1.8283 	  
26.55 	 1.969 	  1.8244 	  
26.65 	 1.9691 	  1.8209 	  
26.75 	 1.9694 	  1.8175 	  
26.85 	 1.9696 	  1.8145 	  
26.95 	 1.9699 	  1.8118 	  
27.05 	 1.9702 	  1.8093 	  
27.15 	 1.9706 	  1.8071 	  
27.25 	 1.971 	  1.8052 	  
27.35 	 1.9714 	  1.8036 	  
27.45 	 1.9718 	  1.8023 	  
27.55 	 1.9722 	  1.8013 	  
27.65 	 1.9727 	  1.8005 	  
27.75 	 1.9731 	  1.8001 	  
27.85 	 1.9736 	  1.8 	  
27.95 	 1.9741 	  1.8002 	  
28.05 	 1.9746 	  1.8007 	  
28.15 	 1.9751 	  1.8014 	  
28.25 	 1.9756 	  1.8025 	  
28.35 	 1.9762 	  1.8039 	  
28.45 	 1.9767 	  1.8056 	  
28.55 	 1.9772 	  1.8075 	  
28.65 	 1.9777 	  1.8098 	  
28.75 	 1.9783 	  1.8123 	  
28.85 	 1.9788 	  1.8151 	  
28.95 	 1.9793 	  1.8182 	  
29.05 	 1.9799 	  1.8216 	  
29.15 	 1.9804 	  1.8252 	  
29.25 	 1.9809 	  1.8291 	  
29.35 	 1.9814 	  1.8332 	  
29.45 	 1.9819 	  1.8376 	  
29.55 	 1.9824 	  1.8423 	  
29.65 	 1.9829 	  1.8472 	  
29.75 	 1.9834 	  1.8523 	  
29.85 	 1.9839 	  1.8576 	  
29.95 	 1.9843 	  1.8631 	  
30.05 	 1.9848 	  1.8689 	  
30.15 	 1.9853 	  1.8748 	  
30.25 	 1.9857 	  1.881 	  
30.35 	 1.9862 	  1.8873 	  
30.45 	 1.9866 	  1.8938 	  
30.55 	 1.987 	  1.9004 	  
30.65 	 1.9874 	  1.9072 	  
30.75 	 1.9878 	  1.9141 	  
30.85 	 1.9882 	  1.9212 	  
30.95 	 1.9886 	  1.9284 	  
31.05 	 1.989 	  1.9356 	  
31.15 	 1.9894 	  1.943 	  
31.25 	 1.9897 	  1.9505 	  
31.35 	 1.9901 	  1.958 	  
31.45 	 1.9904 	  1.9656 	  
31.55 	 1.9908 	  1.9733 	  
31.65 	 1.9911 	  1.981 	  
31.75 	 1.9914 	  1.9887 	  
31.85 	 1.9917 	  1.9964 	  
31.95 	 1.992 	  2.0042 	  
32.05 	 1.9923 	  2.0119 	  
32.15 	 1.9926 	  2.0196 	  
32.25 	 1.9928 	  2.0273 	  
32.35 	 1.9931 	  2.035 	  
32.45 	 1.9934 	  2.0426 	  
32.55 	 1.9936 	  2.0501 	  
32.65 	 1.9939 	  2.0576 	  
32.75 	 1.9941 	  2.0649 	  
32.85 	 1.9943 	  2.0722 	  
32.95 	 1.9945 	  2.0794 	  
33.05 	 1.9947 	  2.0864 	  
33.15 	 1.9949 	  2.0933 	  
33.25 	 1.9951 	  2.1001 	  
33.35 	 1.9953 	  2.1067 	  
33.45 	 1.9955 	  2.1132 	  
33.55 	 1.9957 	  2.1195 	  
33.65 	 1.9959 	  2.1256 	  
33.75 	 1.996 	  2.1316 	  
33.85 	 1.9962 	  2.1373 	  
33.95 	 1.9963 	  2.1428 	  
34.05 	 1.9965 	  2.1481 	  
34.15 	 1.9966 	  2.1532 	  
34.25 	 1.9968 	  2.1581 	  
34.35 	 1.9969 	  2.1627 	  
34.45 	 1.997 	  2.1671 	  
34.55 	 1.9972 	  2.1712 	  
34.65 	 1.9973 	  2.1751 	  
34.75 	 1.9974 	  2.1787 	  
34.85 	 1.9975 	  2.182 	  
34.95 	 1.9976 	  2.1851 	  
35.05 	 1.9977 	  2.1879 	  
35.15 	 1.9978 	  2.1904 	  
35.25 	 1.9979 	  2.1926 	  
35.35 	 1.998 	  2.1946 	  
35.45 	 1.9981 	  2.1962 	  
35.55 	 1.9982 	  2.1976 	  
35.65 	 1.9982 	  2.1986 	  
35.75 	 1.9983 	  2.1994 	  
35.85 	 1.9984 	  2.1998 	  
35.95 	 1.9985 	  2.2 	  
36.05 	 1.9985 	  2.1999 	  
36.15 	 1.9986 	  2.1994 	  
36.25 	 1.9987 	  2.1987 	  
36.35 	 1.9987 	  2.1976 	  
36.45 	 1.9988 	  2.1963 	  
36.55 	 1.9988 	  2.1947 	  
36.65 	 1.9989 	  2.1928 	  
36.75 	 1.9989 	  2.1905 	  
36.85 	 1.999 	  2.188 	  
36.95 	 1.999 	  2.1853 	  
37.05 	 1.9991 	  2.1822 	  
37.15 	 1.9991 	  2.1789 	  
37.25 	 1.9992 	  2.1753 	  
37.35 	 1.9992 	  2.1714 	  
37.45 	 1.9992 	  2.1673 	  
37.55 	 1.9993 	  2.1629 	  
37.65 	 1.9993 	  2.1583 	  
37.75 	 1.9993 	  2.1535 	  
37.85 	 1.9994 	  2.1484 	  
37.95 	 1.9994 	  2.1431 	  
38.05 	 1.9994 	  2.1376 	  
38.15 	 1.9995 	  2.1319 	  
38.25 	 1.9995 	  2.1259 	  
38.35 	 1.9995 	  2.1198 	  
38.45 	 1.9995 	  2.1135 	  
38.55 	 1.9996 	  2.1071 	  
38.65 	 1.9996 	  2.1005 	  
38.75 	 1.9996 	  2.0937 	  
38.85 	 1.9996 	  2.0868 	  
38.95 	 1.9996 	  2.0797 	  
39.05 	 1.9997 	  2.0726 	  
39.15 	 1.9997 	  2.0653 	  
39.25 	 1.9997 	  2.0579 	  
39.35 	 1.9997 	  2.0505 	  
39.45 	 1.9997 	  2.043 	  
39.55 	 1.9997 	  2.0354 	  
39.65 	 1.9997 	  2.0277 	  
39.75 	 1.9998 	  2.02 	  
39.85 	 1.9998 	  2.0123 	  
39.95 	 1.9998 	  2.0046 	  
40.05 	 1.9998 	  1.9968 	  
40.15 	 1.9998 	  1.9891 	  
40.25 	 1.9998 	  1.9814 	  
40.35 	 1.9998 	  1.9737 	  
40.45 	 1.9998 	  1.966 	  
40.55 	 1.9998 	  1.9584 	  
40.65 	 1.9999 	  1.9509 	  
40.75 	 1.9999 	  1.9434 	  
40.85 	 1.9999 	  1.936 	  
40.95 	 1.9999 	  1.9287 	  
41.05 	 1.9999 	  1.9215 	  
41.15 	 1.9999 	  1.9145 	  
41.25 	 1.9999 	  1.9075 	  
41.35 	 1.9999 	  1.9007 	  
41.45 	 1.9999 	  1.8941 	  
41.55 	 1.9999 	  1.8876 	  
41.65 	 1.9999 	  1.8813 	  
41.75 	 1.9999 	  1.8751 	  
41.85 	 1.9999 	  1.8692 	  
41.95 	 1.9999 	  1.8634 	  
42.05 	 1.9999 	  1.8579 	  
42.15 	 1.9999 	  1.8525 	  
42.25 	 1.9999 	  1.8474 	  
42.35 	 1.9999 	  1.8425 	  
42.45 	 2 	  1.8379 	  
42.55 	 2 	  1.8335 	  
42.65 	 2 	  1.8293 	  
42.75 	 2 	  1.8254 	  
42.85 	 2 	  1.8217 	  
42.95 	 2 	  1.8184 	  
43.05 	 2 	  1.8153 	  
43.15 	 2 	  1.8124 	  
43.25 	 2 	  1.8099 	  
43.35 	 2 	  1.8076 	  
43.45 	 2 	  1.8057 	  
43.55 	 2 	  1.804 	  
43.65 	 2 	  1.8026 	  
43.75 	 2 	  1.8015 	  
43.85 	 2 	  1.8007 	  
43.95 	 2 	  1.8002 	  
44.05 	 2 	  1.8 	  
44.15 	 2 	  1.8001 	  
44.25 	 2 	  1.8005 	  
44.35 	 2 	  1.8012 	  
44.45 	 2 	  1.8022 	  
44.55 	 2 	  1.8035 	  
44.65 	 2 	  1.8051 	  
44.75 	 2 	  1.807 	  
44.85 	 2 	  1.8092 	  
44.95 	 2 	  1.8116 	  
45.05 	 2 	  1.8144 	  
45.15 	 2 	  1.8174 	  
45.25 	 2 	  1.8207 	  
45.35 	 2 	  1.8242 	  
45.45 	 2 	  1.8281 	  
45.55 	 2 	  1.8321 	  
45.65 	 2 	  1.8365 	  
45.75 	 2 	  1.8411 	  
45.85 	 2 	  1.8459 	  
45.95 	 2 	  1.8509 	  
46.05 	 2 	  1.8562 	  
46.15 	 2 	  1.8617 	  
46.25 	 2 	  1.8674 	  
46.35 	 2 	  1.8733 	  
46.45 	 2 	  1.8794 	  
46.55 	 2 	  1.8856 	  
46.65 	 2 	  1.8921 	  
46.75 	 2 	  1.8987 	  
46.85 	 2 	  1.9054 	  
46.95 	 2 	  1.9123 	  
47.05 	 2 	  1.9194 	  
47.15 	 2 	  1.9265 	  
47.25 	 2 	  1.9338 	  
47.35 	 2 	  1.9411 	  
47.45 	 2 	  1.9486 	  
47.55 	 2 	  1.9561 	  
47.65 	 2 	  1.9637 	  
47.75 	 2 	  1.9713 	  
47.85 	 2 	  1.979 	  
47.95 	 2 	  1.9867 	  
48.05 	 2 	  1.9944 	  
48.15 	 2 	  2.0022 	  
48.25 	 2 	  2.0099 	  
48.35 	 2 	  2.0176 	  
48.45 	 2 	  2.0253 	  
48.55 	 2 	  2.033 	  
48.65 	 2 	  2.0406 	  
48.75 	 2 	  2.0482 	  
48.85 	 2 	  2.0556 	  
48.95 	 2 	  2.063 	  
49.05 	 2 	  2.0703 	  
49.15 	 2 	  2.0775 	  
49.25 	 2 	  2.0846 	  
49.35 	 2 	  2.0916 	  
49.45 	 2 	  2.0984 	  
49.55 	 2 	  2.1051 	  
49.65 	 2 	  2.1116 	  
49.75 	 2 	  2.1179 	  
49.85 	 2 	  2.1241 	  
49.95 	 2 	  2.1301 	  
50.05 	 2 	  2.1358 	  
50.15 	 2 	  2.1414 	  
50.25 	 2 	  2.1468 	  
50.35 	 2 	  2.1519 	  
50.45 	 2 	  2.1569 	  
50.55 	 2 	  2.1615 	  
50.65 	 2 	  2.166 	  
50.75 	 2 	  2.1702 	  
50.85 	 2 	  2.1741 	  
50.95 	 2 	  2.1778 	  
51.05 	 2 	  2.1812 	  
51.15 	 2 	  2.1844 	  
51.25 	 2 	  2.1872 	  
51.35 	 2 	  2.1898 	  
51.45 	 2 	  2.1921 	  
51.55 	 2 	  2.1941 	  
51.65 	 2 	  2.1958 	  
51.75 	 2 	  2.1973 	  
51.85 	 2 	  2.1984 	  
51.95 	 2 	  2.1992 	  
52.05 	 2 	  2.1998 	  
52.15 	 2 	  2.2 	  
52.25 	 2 	  2.1999 	  
52.35 	 2 	  2.1996 	  
52.45 	 2 	  2.1989 	  
52.55 	 2 	  2.1979 	  
52.65 	 2 	  2.1967 	  
52.75 	 2 	  2.1951 	  
52.85 	 2 	  2.1933 	  
52.95 	 2 	  2.1911 	  
53.05 	 2 	  2.1887 	  
53.15 	 2 	  2.186 	  
53.25 	 2 	  2.183 	  
53.35 	 2 	  2.1798 	  
53.45 	 2 	  2.1762 	  
53.55 	 2 	  2.1724 	  
53.65 	 2 	  2.1684 	  
53.75 	 2 	  2.1641 	  
53.85 	 2 	  2.1595 	  
53.95 	 2 	  2.1547 	  
54.05 	 2 	  2.1497 	  
54.15 	 2 	  2.1445 	  
54.25 	 2 	  2.139 	  
54.35 	 2 	  2.1333 	  
54.45 	 2 	  2.1275 	  
54.55 	 2 	  2.1214 	  
54.65 	 2 	  2.1152 	  
54.75 	 2 	  2.1088 	  
54.85 	 2 	  2.1022 	  
54.95 	 2 	  2.0954 	  
55.05 	 2 	  2.0886 	  
55.15 	 2 	  2.0816 	  
55.25 	 2 	  2.0744 	  
55.35 	 2 	  2.0672 	  
55.45 	 2 	  2.0598 	  
55.55 	 2 	  2.0524 	  
55.65 	 2 	  2.0449 	  
55.75 	 2 	  2.0373 	  
55.85 	 2 	  2.0297 	  
55.95 	 2 	  2.022 	  
56.05 	 2 	  2.0143 	  
56.15 	 2 	  2.0066 	  
56.25 	 2 	  1.9988 	  
56.35 	 2 	  1.9911 	  
56.45 	 2 	  1.9833 	  
56.55 	 2 	  1.9756 	  
56.65 	 2 	  1.968 	  
56.75 	 2 	  1.9604 	  
56.85 	 2 	  1.9528 	  
56.95 	 2 	  1.9453 	  
57.05 	 2 	  1.9379 	  
57.15 	 2 	  1.9306 	  
57.25 	 2 	  1.9234 	  
57.35 	 2 	  1.9163 	  
57.45 	 2 	  1.9093 	  
57.55 	 2 	  1.9025 	  
57.65 	 2 	  1.8958 	  
57.75 	 2 	  1.8893 	  
57.85 	 2 	  1.8829 	  
57.95 	 2 	  1.8767 	  
58.05 	 2 	  1.8707 	  
58.15 	 2 	  1.8649 	  
58.25 	 2 	  1.8593 	  
58.35 	 2 	  1.8539 	  
58.45 	 2 	  1.8487 	  
58.55 	 2 	  1.8438 	  
58.65 	 2 	  1.839 	  
58.75 	 2 	  1.8346 	  
58.85 	 2 	  1.8303 	  
58.95 	 2 	  1.8264 	  
59.05 	 2 	  1.8227 	  
59.15 	 2 	  1.8192 	  
59.25 	 2 	  1.816 	  
59.35 	 2 	  1.8131 	  
59.45 	 2 	  1.8105 	  
59.55 	 2 	  1.8082 	  
59.65 	 2 	  1.8061 	  
59.75 	 2 	  1.8044 	  
59.85 	 2 	  1.8029 	  
59.95 	 2 	  1.8017 	  
60.05 	 2 	  1.8009 	  
60.15 	 2 	  1.8003 	  
60.25 	 2 	  1.8 	  
60.35 	 2 	  1.8001 	  
60.45 	 2 	  1.8004 	  
60.55 	 2 	  1.801 	  
60.65 	 2 	  1.8019 	  
60.75 	 2 	  1.8031 	  
60.85 	 2 	  1.8047 	  
60.95 	 2 	  1.8065 	  
61.05 	 2 	  1.8086 	  
61.15 	 2 	  1.811 	  
61.25 	 2 	  1.8136 	  
61.35 	 2 	  1.8166 	  
61.45 	 2 	  1.8198 	  
61.55 	 2 	  1.8233 	  
61.65 	 2 	  1.8271 	  
61.75 	 2 	  1.8311 	  
61.85 	 2 	  1.8353 	  
61.95 	 2.0001 	  1.8399 	  
62.05 	 2.0001 	  1.8446 	  
62.15 	 2.0002 	  1.8496 	  
62.25 	 2.0001 	  1.8548 	  
62.35 	 2 	  1.8603 	  
62.45 	 2 	  1.8659 	  
62.55 	 2 	  1.8718 	  
62.65 	 2 	  1.8778 	  
62.75 	 2 	  1.884 	  
62.85 	 2 	  1.8904 	  
62.95 	 2 	  1.897 	  
63.05 	 2 	  1.9037 	  
63.15 	 2 	  1.9105 	  
63.25 	 2 	  1.9175 	  
63.35 	 2 	  1.9246 	  
63.45 	 2 	  1.9319 	  
63.55 	 2 	  1.9392 	  
63.65 	 2 	  1.9466 	  
63.75 	 2 	  1.9541 	  
63.85 	 2 	  1.9617 	  
63.95 	 2 	  1.9693 	  
64.05 	 2 	  1.977 	  
64.15 	 2 	  1.9847 	  
64.25 	 2 	  1.9924 	  
64.35 	 2 	  2.0002 	  
64.45 	 2 	  2.0079 	  
64.55 	 2 	  2.0157 	  
64.65 	 2 	  2.0234 	  
64.75 	 2 	  2.031 	  
64.85 	 2 	  2.0387 	  
64.95 	 2 	  2.0462 	  
65.05 	 2 	  2.0537 	  
65.15 	 2 	  2.0612 	  
65.25 	 2 	  2.0685 	  
65.35 	 2 	  2.0757 	  
65.45 	 2 	  2.0828 	  
65.55 	 2 	  2.0898 	  
65.65 	 2 	  2.0966 	  
65.75 	 2 	  2.1034 	  
65.85 	 2 	  2.1099 	  
65.95 	 2 	  2.1163 	  
66.05 	 2 	  2.1225 	  
66.15 	 2 	  2.1285 	  
66.25 	 2 	  2.1344 	  
66.35 	 2 	  2.14 	  
66.45 	 2 	  2.1454 	  
66.55 	 2 	  2.1506 	  
66.65 	 2 	  2.1556 	  
66.75 	 2 	  2.1604 	  
66.85 	 2 	  2.1649 	  
66.95 	 2 	  2.1691 	  
67.05 	 2 	  2.1731 	  
67.15 	 2 	  2.1769 	  
67.25 	 2 	  2.1804 	  
67.35 	 2 	  2.1836 	  
67.45 	 2 	  2.1865 	  
67.55 	 2 	  2.1892 	  
67.65 	 2 	  2.1915 	  
67.75 	 2 	  2.1936 	  
67.85 	 2 	  2.1954 	  
67.95 	 2 	  2.1969 	  
68.05 	 2 	  2.1981 	  
68.15 	 2 	  2.199 	  
68.25 	 2 	  2.1996 	  
68.35 	 2 	  2.2 	  
68.45 	 2 	  2.2 	  
68.55 	 2 	  2.1997 	  
68.65 	 2 	  2.1991 	  
68.75 	 2 	  2.1982 	  
68.85 	 2 	  2.197 	  
68.95 	 2 	  2.1955 	  
69.05 	 2 	  2.1938 	  
69.15 	 2 	  2.1917 	  
69.25 	 2 	  2.1894 	  
69.35 	 2 	  2.1867 	  
69.45 	 2 	  2.1838 	  
69.55 	 2 	  2.1806 	  
69.65 	 2 	  2.1772 	  
69.75 	 2 	  2.1734 	  
69.85 	 2 	  2.1695 	  
69.95 	 2 	  2.1652 	  
70.05 	 2 	  2.1607 	  
70.15 	 2 	  2.156 	  
70.25 	 2 	  2.151 	  
70.35 	 2 	  2.1459 	  
70.45 	 2 	  2.1404 	  
70.55 	 2 	  2.1348 	  
70.65 	 2 	  2.129 	  
70.75 	 2 	  2.123 	  
70.85 	 2 	  2.1168 	  
70.95 	 2 	  2.1104 	  
71.05 	 2 	  2.1039 	  
71.15 	 2 	  2.0972 	  
71.25 	 2 	  2.0903 	  
71.35 	 2 	  2.0834 	  
71.45 	 2 	  2.0763 	  
71.55 	 2 	  2.0691 	  
71.65 	 2 	  2.0617 	  
71.75 	 2 	  2.0543 	  
71.85 	 2 	  2.0468 	  
71.95 	 2 	  2.0393 	  
72.05 	 2 	  2.0317 	  
72.15 	 2 	  2.024 	  
72.25 	 2 	  2.0163 	  
72.35 	 2 	  2.0085 	  
72.45 	 2 	  2.0008 	  
72.55 	 2 	  1.9931 	  
72.65 	 2 	  1.9853 	  
72.75 	 2 	  1.9776 	  
72.85 	 2 	  1.9699 	  
72.95 	 2 	  1.9623 	  
73.05 	 2 	  1.9547 	  
73.15 	 2 	  1.9472 	  
73.25 	 2 	  1.9398 	  
73.35 	 2 	  1.9325 	  
73.45 	 2 	  1.9252 	  
73.55 	 2 	  1.9181 	  
73.65 	 2 	  1.9111 	  
73.75 	 2 	  1.9042 	  
73.85 	 2 	  1.8975 	  
73.95 	 2 	  1.8909 	  
74.05 	 2 	  1.8845 	  
74.15 	 2 	  1.8783 	  
74.25 	 2 	  1.8722 	  
74.35 	 2 	  1.8664 	  
74.45 	 2 	  1.8607 	  
74.55 	 2 	  1.8553 	  
74.65 	 2 	  1.85 	  
74.75 	 2 	  1.845 	  
74.85 	 2 	  1.8402 	  
74.95 	 2 	  1.8357 	  
75.05 	 2 	  1.8314 	  
75.15 	 2 	  1.8274 	  
75.25 	 2 	  1.8236 	  
75.35 	 2 	  1.8201 	  
75.45 	 2 	  1.8168 	  
75.55 	 2 	  1.8139 	  
75.65 	 2 	  1.8112 	  
75.75 	 2 	  1.8088 	  
75.85 	 2 	  1.8066 	  
75.95 	 2 	  1.8048 	  
76.05 	 2 	  1.8033 	  
76.15 	 2 	  1.802 	  
76.25 	 2 	  1.8011 	  
76.35 	 2 	  1.8004 	  
76.45 	 2 	  1.8001 	  
76.55 	 2 	  1.8 	  
76.65 	 2 	  1.8003 	  
76.75 	 2 	  1.8008 	  
76.85 	 2 	  1.8017 	  
76.95 	 2 	  1.8028 	  
77.05 	 2 	  1.8042 	  
77.15 	 2 	  1.806 	  
77.25 	 2 	  1.808 	  
77.35 	 2 	  1.8103 	  
77.45 	 2 	  1.8129 	  
77.55 	 2 	  1.8158 	  
77.65 	 2 	  1.8189 	  
77.75 	 2 	  1.8224 	  
77.85 	 2 	  1.8261 	  
77.95 	 2 	  1.83 	  
78.05 	 2 	  1.8342 	  
78.15 	 2 	  1.8387 	  
78.25 	 2 	  1.8434 	  
78.35 	 2 	  1.8483 	  
78.45 	 2 	  1.8535 	  
78.55 	 2 	  1.8588 	  
78.65 	 2 	  1.8644 	  
78.75 	 2 	  1.8702 	  
78.85 	 2 	  1.8762 	  
78.95 	 2 	  1.8824 	  
79.05 	 2 	  1.8887 	  
79.15 	 2 	  1.8953 	  
79.25 	 2 	  1.9019 	  
79.35 	 2 	  1.9088 	  
79.45 	 2 	  1.9157 	  
79.55 	 2 	  1.9228 	  
79.65 	 2 	  1.93 	  
79.75 	 2 	  1.9373 	  
79.85 	 2 	  1.9447 	  
79.95 	 2 	  1.9522 	  
80.05 	 2 	  1.9598 	  
80.15 	 2 	  1.9674 	  
80.25 	 2 	  1.975 	  
80.35 	 2 	  1.9827 	  
80.45 	 2 	  1.9905 	  
80.55 	 2 	  1.9982 	  
80.65 	 2 	  2.0059 	  
80.75 	 2 	  2.0137 	  
80.85 	 2 	  2.0214 	  
80.95 	 2 	  2.0291 	  
81.05 	 2 	  2.0367 	  
81.15 	 2 	  2.0443 	  
81.25 	 2 	  2.0518 	  
81.35 	 2 	  2.0593 	  
81.45 	 2 	  2.0666 	  
81.55 	 2 	  2.0739 	  
81.65 	 2 	  2.081 	  
81.75 	 2 	  2.088 	  
81.85 	 2 	  2.0949 	  
81.95 	 2 	  2.1016 	  
82.05 	 2 	  2.1082 	  
82.15 	 2 	  2.1147 	  
82.25 	 2 	  2.1209 	  
82.35 	 2 	  2.127 	  
82.45 	 2 	  2.1329 	  
82.55 	 2 	  2.1386 	  
82.65 	 2 	  2.1441 	  
82.75 	 2 	  2.1493 	  
82.85 	 2 	  2.1544 	  
82.95 	 2 	  2.1592 	  
83.05 	 2 	  2.1637 	  
83.15 	 2 	  2.1681 	  
83.25 	 2 	  2.1721 	  
83.35 	 2 	  2.1759 	  
83.45 	 2 	  2.1795 	  
83.55 	 2 	  2.1828 	  
83.65 	 2 	  2.1858 	  
83.75 	 2 	  2.1885 	  
83.85 	 2 	  2.191 	  
83.95 	 2 	  2.1931 	  
84.05 	 2 	  2.195 	  
84.15 	 2 	  2.1966 	  
84.25 	 2 	  2.1978 	  
84.35 	 2 	  2.1988 	  
84.45 	 2 	  2.1995 	  
84.55 	 2 	  2.1999 	  
84.65 	 2 	  2.2 	  
84.75 	 2 	  2.1998 	  
84.85 	 2 	  2.1993 	  
84.95 	 2 	  2.1985 	  
85.05 	 2 	  2.1974 	  
85.15 	 2 	  2.196 	  
85.25 	 2 	  2.1943 	  
85.35 	 2 	  2.1923 	  
85.45 	 2 	  2.19 	  
85.55 	 2 	  2.1874 	  
85.65 	 2 	  2.1846 	  
85.75 	 2 	  2.1815 	  
85.85 	 2 	  2.1781 	  
85.95 	 2 	  2.1744 	  
86.05 	 2 	  2.1705 	  
86.15 	 2 	  2.1663 	  
86.25 	 2 	  2.1619 	  
86.35 	 2 	  2.1572 	  
86.45 	 2 	  2.1523 	  
86.55 	 2 	  2.1472 	  
86.65 	 2 	  2.1419 	  
86.75 	 2 	  2.1363 	  
86.85 	 2 	  2.1305 	  
86.95 	 2 	  2.1246 	  
87.05 	 2 	  2.1184 	  
87.15 	 2 	  2.1121 	  
87.25 	 2 	  2.1056 	  
87.35 	 2 	  2.0989 	  
87.45 	 2 	  2.0921 	  
87.55 	 2 	  2.0852 	  
87.65 	 2 	  2.0781 	  
87.75 	 2 	  2.0709 	  
87.85 	 2 	  2.0636 	  
87.95 	 2 	  2.0562 	  
88.05 	 2 	  2.0488 	  
88.15 	 2 	  2.0412 	  
88.25 	 2 	  2.0336 	  
88.35 	 2 	  2.026 	  
88.45 	 2 	  2.0183 	  
88.55 	 2 	  2.0105 	  
88.65 	 2 	  2.0028 	  
88.75 	 2 	  1.9951 	  
88.85 	 2 	  1.9873 	  
88.95 	 2 	  1.9796 	  
89.05 	 2 	  1.9719 	  
89.15 	 2 	  1.9643 	  
89.25 	 2 	  1.9567 	  
89.35 	 2 	  1.9491 	  
89.45 	 2 	  1.9417 	  
89.55 	 2 	  1.9343 	  
89.65 	 2 	  1.9271 	  
89.75 	 2 	  1.9199 	  
89.85 	 2 	  1.9129 	  
89.95 	 2 	  1.906 	  
90.05 	 2 	  1.8992 	  
90.15 	 2 	  1.8926 	  
90.25 	 2 	  1.8862 	  
90.35 	 2 	  1.8799 	  
90.45 	 2 	  1.8738 	  
90.55 	 2 	  1.8679 	  
90.65 	 2 	  1.8621 	  
90.75 	 2 	  1.8566 	  
90.85 	 2 	  1.8513 	  
90.95 	 2 	  1.8463 	  
91.05 	 2 	  1.8414 	  
91.15 	 2 	  1.8368 	  
91.25 	 2 	  1.8325 	  
91.35 	 2 	  1.8284 	  
91.45 	 2 	  1.8245 	  
91.55 	 2 	  1.8209 	  
91.65 	 2 	  1.8176 	  
91.75 	 2 	  1.8146 	  
91.85 	 2 	  1.8118 	  
91.95 	 2 	  1.8093 	  
92.05 	 2 	  1.8071 	  
92.15 	 2 	  1.8052 	  
92.25 	 2 	  1.8036 	  
92.35 	 2 	  1.8023 	  
92.45 	 2 	  1.8013 	  
92.55 	 2 	  1.8006 	  
92.65 	 2 	  1.8001 	  
92.75 	 2 	  1.8 	  
92.85 	 2 	  1.8002 	  
92.95 	 2 	  1.8006 	  
93.05 	 2 	  1.8014 	  
93.15 	 2 	  1.8025 	  
93.25 	 2 	  1.8038 	  
93.35 	 2 	  1.8055 	  
93.45 	 2 	  1.8075 	  
93.55 	 2 	  1.8097 	  
93.65 	 2 	  1.8122 	  
93.75 	 2 	  1.815 	  
93.85 	 2 	  1.8181 	  
93.95 	 2 	  1.8215 	  
94.05 	 2 	  1.8251 	  
94.15 	 2 	  1.829 	  
94.25 	 2 	  1.8331 	  
94.35 	 2 	  1.8375 	  
94.45 	 2 	  1.8421 	  
94.55 	 2 	  1.847 	  
94.65 	 2 	  1.8521 	  
94.75 	 2 	  1.8574 	  
94.85 	 2 	  1.863 	  
94.95 	 2 	  1.8687 	  
95.05 	 2 	  1.8747 	  
95.15 	 2 	  1.8808 	  
95.25 	 2 	  1.8871 	  
95.35 	 2 	  1.8936 	  
95.45 	 2 	  1.9002 	  
95.55 	 2 	  1.907 	  
95.65 	 2 	  1.9139 	  
95.75 	 2 	  1.921 	  
95.85 	 2 	  1.9281 	  
95.95 	 2 	  1.9354 	  
96.05 	 2 	  1.9428 	  
96.15 	 2 	  1.9503 	  
96.25 	 2 	  1.9578 	  
96.35 	 2 	  1.9654 	  
96.45 	 2 	  1.9731 	  
96.55 	 2 	  1.9807 	  
96.65 	 2 	  1.9885 	  
96.75 	 2 	  1.9962 	  
96.85 	 2 	  2.004 	  
96.95 	 2 	  2.0117 	  
97.05 	 2 	  2.0194 	  
97.15 	 2 	  2.0271 	  
97.25 	 2 	  2.0348 	  
97.35 	 2 	  2.0424 	  
97.45 	 2 	  2.0499 	  
97.55 	 2 	  2.0573 	  
97.65 	 2 	  2.0647 	  
97.75 	 2 	  2.072 	  
97.85 	 2 	  2.0792 	  
97.95 	 2 	  2.0862 	  
98.05 	 2 	  2.0931 	  
98.15 	 2 	  2.0999 	  
98.25 	 2 	  2.1066 	  
98.35 	 2 	  2.113 	  
98.45 	 1.9999 	  2.1193 	  
98.55 	 1.9999 	  2.1255 	  
98.65 	 1.9999 	  2.1314 	  
98.75 	 1.9999 	  2.1371 	  
98.85 	 1.9999 	  2.1427 	  
98.95 	 1.9999 	  2.148 	  
99.05 	 1.9999 	  2.1531 	  
99.15 	 1.9999 	  2.158 	  
99.25 	 1.9999 	  2.1626 	  
99.35 	 1.9999 	  2.167 	  
99.45 	 1.9999 	  2.1711 	  
99.55 	 1.9999 	  2.175 	  
99.65 	 1.9999 	  2.1786 	  
99.75 	 1.9999 	  2.182 	  
99.85 	 1.9999 	  2.185 	  
99.95 	 1.9999 	  2.1878 	  
100.05 	 1.9999 	  2.1904 	  
100.15 	 1.9999 	  2.1926 	  
100.25 	 1.9999 	  2.1945 	  
100.35 	 1.9999 	  2.1962 	  
100.45 	 1.9999 	  2.1975 	  
100.55 	 1.9999 	  2.1986 	  
100.65 	 1.9999 	  2.1994 	  
100.75 	 1.9999 	  2.1998 	  
100.85 	 1.9999 	  2.2 	  
100.95 	 1.9999 	  2.1999 	  
101.05 	 1.9999 	  2.1994 	  
101.15 	 1.9999 	  2.1987 	  
101.25 	 1.9999 	  2.1977 	  
101.35 	 1.9999 	  2.1963 	  
101.45 	 1.9999 	  2.1947 	  
101.55 	 1.9999 	  2.1928 	  
101.65 	 1.9999 	  2.1906 	  
101.75 	 1.9999 	  2.1881 	  
101.85 	 1.9999 	  2.1853 	  
101.95 	 1.9999 	  2.1823 	  
102.05 	 1.9999 	  2.179 	  
102.15 	 1.9999 	  2.1754 	  
102.25 	 1.9999 	  2.1715 	  
102.35 	 1.9999 	  2.1674 	  
102.45 	 1.9999 	  2.1631 	  
102.55 	 1.9999 	  2.1585 	  
102.65 	 1.9999 	  2.1536 	  
102.75 	 1.9999 	  2.1485 	  
102.85 	 1.9999 	  2.1433 	  
102.95 	 1.9999 	  2.1377 	  
103.05 	 1.9999 	  2.132 	  
103.15 	 1.9999 	  2.1261 	  
103.25 	 1.9999 	  2.12 	  
103.35 	 1.9999 	  2.1137 	  
103.45 	 1.9999 	  2.1073 	  
103.55 	 1.9999 	  2.1006 	  
103.65 	 1.9999 	  2.0939 	  
103.75 	 1.9999 	  2.087 	  
103.85 	 1.9999 	  2.0799 	  
103.95 	 1.9999 	  2.0728 	  
104.05 	 1.9999 	  2.0655 	  
104.15 	 1.9999 	  2.0581 	  
104.25 	 1.9999 	  2.0507 	  
104.35 	 1.9999 	  2.0432 	  
104.45 	 1.9999 	  2.0356 	  
104.55 	 1.9999 	  2.0279 	  
104.65 	 1.9999 	  2.0202 	  
104.75 	 1.9999 	  2.0125 	  
104.85 	 1.9998 	  2.0048 	  
104.95 	 1.9998 	  1.997 	  
105.05 	 1.9998 	  1.9893 	  
105.15 	 1.9998 	  1.9816 	  
105.25 	 1.9998 	  1.9739 	  
105.35 	 1.9998 	  1.9662 	  
105.45 	 1.9998 	  1.9586 	  
105.55 	 1.9998 	  1.9511 	  
105.65 	 1.9998 	  1.9436 	  
105.75 	 1.9998 	  1.9362 	  
105.85 	 1.9998 	  1.9289 	  
105.95 	 1.9998 	  1.9217 	  
106.05 	 1.9998 	  1.9147 	  
106.15 	 1.9998 	  1.9077 	  
106.25 	 1.9998 	  1.9009 	  
106.35 	 1.9998 	  1.8943 	  
106.45 	 1.9998 	  1.8878 	  
106.55 	 1.9998 	  1.8815 	  
106.65 	 1.9998 	  1.8753 	  
106.75 	 1.9998 	  1.8694 	  
106.85 	 1.9998 	  1.8636 	  
106.95 	 1.9998 	  1.858 	  
107.05 	 1.9998 	  1.8527 	  
107.15 	 1.9998 	  1.8476 	  
107.25 	 1.9998 	  1.8427 	  
107.35 	 1.9998 	  1.838 	  
107.45 	 1.9999 	  1.8336 	  
107.55 	 1.9999 	  1.8294 	  
107.65 	 1.9999 	  1.8255 	  
107.75 	 1.9999 	  1.8218 	  
107.85 	 1.9999 	  1.8185 	  
107.95 	 1.9999 	  1.8153 	  
108.05 	 1.9999 	  1.8125 	  
108.15 	 1.9999 	  1.81 	  
108.25 	 1.9999 	  1.8077 	  
108.35 	 1.9999 	  1.8057 	  
108.45 	 2 	  1.804 	  
108.55 	 2 	  1.8026 	  
108.65 	 2 	  1.8015 	  
108.75 	 2 	  1.8007 	  
108.85 	 2 	  1.8002 	  
108.95 	 2 	  1.8 	  
