simtime:  13.029
number of wsf-lines:  1

line_No     y_coord
1	 1.5
2	  Wave Theory 


X 1	 P 1 	 	 	 	 W 1

0.05 	 1.8 	  1.8001 	  
0.15 	 1.8002 	  1.8 	  
0.25 	 1.8006 	  1.8003 	  
0.35 	 1.8014 	  1.8008 	  
0.45 	 1.8025 	  1.8017 	  
0.55 	 1.8038 	  1.8028 	  
0.65 	 1.8055 	  1.8043 	  
0.75 	 1.8074 	  1.806 	  
0.85 	 1.8096 	  1.808 	  
0.95 	 1.8121 	  1.8103 	  
1.05 	 1.8149 	  1.8129 	  
1.15 	 1.8179 	  1.8158 	  
1.25 	 1.8213 	  1.819 	  
1.35 	 1.8248 	  1.8224 	  
1.45 	 1.8287 	  1.8261 	  
1.55 	 1.8328 	  1.83 	  
1.65 	 1.8371 	  1.8342 	  
1.75 	 1.8417 	  1.8387 	  
1.85 	 1.8465 	  1.8434 	  
1.95 	 1.8516 	  1.8483 	  
2.05 	 1.8568 	  1.8535 	  
2.15 	 1.8623 	  1.8589 	  
2.25 	 1.868 	  1.8645 	  
2.35 	 1.8738 	  1.8703 	  
2.45 	 1.8799 	  1.8763 	  
2.55 	 1.8861 	  1.8824 	  
2.65 	 1.8925 	  1.8888 	  
2.75 	 1.8991 	  1.8953 	  
2.85 	 1.9058 	  1.902 	  
2.95 	 1.9127 	  1.9088 	  
3.05 	 1.9197 	  1.9158 	  
3.15 	 1.9268 	  1.9228 	  
3.25 	 1.934 	  1.93 	  
3.35 	 1.9413 	  1.9373 	  
3.45 	 1.9486 	  1.9447 	  
3.55 	 1.9561 	  1.9522 	  
3.65 	 1.9636 	  1.9598 	  
3.75 	 1.9712 	  1.9674 	  
3.85 	 1.9788 	  1.9751 	  
3.95 	 1.9864 	  1.9828 	  
4.05 	 1.9941 	  1.9905 	  
4.15 	 2.0018 	  1.9982 	  
4.25 	 2.0094 	  2.006 	  
4.35 	 2.0171 	  2.0137 	  
4.45 	 2.0247 	  2.0214 	  
4.55 	 2.0323 	  2.0291 	  
4.65 	 2.0398 	  2.0367 	  
4.75 	 2.0473 	  2.0443 	  
4.85 	 2.0547 	  2.0518 	  
4.95 	 2.062 	  2.0593 	  
5.05 	 2.0692 	  2.0666 	  
5.15 	 2.0763 	  2.0739 	  
5.25 	 2.0833 	  2.081 	  
5.35 	 2.0901 	  2.088 	  
5.45 	 2.0969 	  2.0949 	  
5.55 	 2.1035 	  2.1017 	  
5.65 	 2.11 	  2.1083 	  
5.75 	 2.1162 	  2.1147 	  
5.85 	 2.1224 	  2.121 	  
5.95 	 2.1283 	  2.127 	  
6.05 	 2.1341 	  2.1329 	  
6.15 	 2.1396 	  2.1386 	  
6.25 	 2.145 	  2.1441 	  
6.35 	 2.1501 	  2.1493 	  
6.45 	 2.155 	  2.1544 	  
6.55 	 2.1598 	  2.1592 	  
6.65 	 2.1643 	  2.1638 	  
6.75 	 2.1685 	  2.1681 	  
6.85 	 2.1725 	  2.1721 	  
6.95 	 2.1763 	  2.176 	  
7.05 	 2.1799 	  2.1795 	  
7.15 	 2.1831 	  2.1828 	  
7.25 	 2.1862 	  2.1858 	  
7.35 	 2.1889 	  2.1885 	  
7.45 	 2.1915 	  2.191 	  
7.55 	 2.1937 	  2.1931 	  
7.65 	 2.1957 	  2.195 	  
7.75 	 2.1974 	  2.1966 	  
7.85 	 2.1988 	  2.1978 	  
7.95 	 2.2 	  2.1988 	  
8.05 	 2.2008 	  2.1995 	  
8.15 	 2.2014 	  2.1999 	  
8.25 	 2.2017 	  2.2 	  
8.35 	 2.2017 	  2.1998 	  
8.45 	 2.2014 	  2.1993 	  
8.55 	 2.2008 	  2.1985 	  
8.65 	 2.2 	  2.1974 	  
8.75 	 2.1988 	  2.1959 	  
8.85 	 2.1973 	  2.1942 	  
8.95 	 2.1955 	  2.1923 	  
9.05 	 2.1934 	  2.19 	  
9.15 	 2.191 	  2.1874 	  
9.25 	 2.1883 	  2.1846 	  
9.35 	 2.1853 	  2.1815 	  
9.45 	 2.182 	  2.1781 	  
9.55 	 2.1784 	  2.1744 	  
9.65 	 2.1745 	  2.1705 	  
9.75 	 2.1703 	  2.1663 	  
9.85 	 2.1658 	  2.1619 	  
9.95 	 2.161 	  2.1572 	  
10.05 	 2.1559 	  2.1523 	  
10.15 	 2.1506 	  2.1472 	  
10.25 	 2.145 	  2.1418 	  
10.35 	 2.1392 	  2.1363 	  
10.45 	 2.1331 	  2.1305 	  
10.55 	 2.1268 	  2.1245 	  
10.65 	 2.1203 	  2.1184 	  
10.75 	 2.1135 	  2.112 	  
10.85 	 2.1066 	  2.1055 	  
10.95 	 2.0995 	  2.0989 	  
11.05 	 2.0922 	  2.0921 	  
11.15 	 2.0847 	  2.0851 	  
11.25 	 2.077 	  2.0781 	  
11.35 	 2.0692 	  2.0709 	  
11.45 	 2.0613 	  2.0636 	  
11.55 	 2.0532 	  2.0562 	  
11.65 	 2.045 	  2.0487 	  
11.75 	 2.0368 	  2.0412 	  
11.85 	 2.0286 	  2.0336 	  
11.95 	 2.0202 	  2.0259 	  
12.05 	 2.0116 	  2.0182 	  
12.15 	 2.003 	  2.0105 	  
12.25 	 1.9944 	  2.0028 	  
12.35 	 1.9859 	  1.995 	  
12.45 	 1.9773 	  1.9873 	  
12.55 	 1.9688 	  1.9796 	  
12.65 	 1.9602 	  1.9719 	  
12.75 	 1.9517 	  1.9642 	  
12.85 	 1.9433 	  1.9566 	  
12.95 	 1.9348 	  1.9491 	  
13.05 	 1.9263 	  1.9417 	  
13.15 	 1.9179 	  1.9343 	  
13.25 	 1.9098 	  1.927 	  
13.35 	 1.9019 	  1.9199 	  
13.45 	 1.8943 	  1.9128 	  
13.55 	 1.887 	  1.9059 	  
13.65 	 1.8799 	  1.8992 	  
13.75 	 1.8732 	  1.8926 	  
13.85 	 1.8669 	  1.8861 	  
13.95 	 1.8609 	  1.8798 	  
14.05 	 1.8553 	  1.8737 	  
14.15 	 1.85 	  1.8678 	  
14.25 	 1.8451 	  1.8621 	  
14.35 	 1.8407 	  1.8566 	  
14.45 	 1.8368 	  1.8513 	  
14.55 	 1.8332 	  1.8463 	  
14.65 	 1.83 	  1.8414 	  
14.75 	 1.8272 	  1.8368 	  
14.85 	 1.8248 	  1.8325 	  
14.95 	 1.8228 	  1.8284 	  
15.05 	 1.8212 	  1.8245 	  
15.15 	 1.8199 	  1.8209 	  
15.25 	 1.8192 	  1.8176 	  
15.35 	 1.8187 	  1.8146 	  
15.45 	 1.8187 	  1.8118 	  
15.55 	 1.8189 	  1.8093 	  
15.65 	 1.8194 	  1.8071 	  
15.75 	 1.8202 	  1.8052 	  
15.85 	 1.8213 	  1.8036 	  
15.95 	 1.8225 	  1.8023 	  
16.05 	 1.824 	  1.8013 	  
16.15 	 1.8256 	  1.8006 	  
16.25 	 1.8274 	  1.8001 	  
16.35 	 1.8293 	  1.8 	  
16.45 	 1.8314 	  1.8002 	  
16.55 	 1.8337 	  1.8006 	  
16.65 	 1.8362 	  1.8014 	  
16.75 	 1.8389 	  1.8025 	  
16.85 	 1.8417 	  1.8039 	  
16.95 	 1.8447 	  1.8055 	  
17.05 	 1.8478 	  1.8075 	  
17.15 	 1.851 	  1.8097 	  
17.25 	 1.8544 	  1.8122 	  
17.35 	 1.8578 	  1.815 	  
17.45 	 1.8615 	  1.8181 	  
17.55 	 1.8652 	  1.8215 	  
17.65 	 1.8691 	  1.8251 	  
17.75 	 1.8732 	  1.829 	  
17.85 	 1.8774 	  1.8331 	  
17.95 	 1.8816 	  1.8375 	  
18.05 	 1.8858 	  1.8422 	  
18.15 	 1.8901 	  1.847 	  
18.25 	 1.8943 	  1.8521 	  
18.35 	 1.8985 	  1.8575 	  
18.45 	 1.9027 	  1.863 	  
18.55 	 1.9068 	  1.8688 	  
18.65 	 1.9107 	  1.8747 	  
18.75 	 1.9145 	  1.8808 	  
18.85 	 1.9182 	  1.8871 	  
18.95 	 1.9216 	  1.8936 	  
19.05 	 1.9249 	  1.9002 	  
19.15 	 1.928 	  1.907 	  
19.25 	 1.931 	  1.914 	  
19.35 	 1.9338 	  1.921 	  
19.45 	 1.9364 	  1.9282 	  
19.55 	 1.9389 	  1.9355 	  
19.65 	 1.9413 	  1.9428 	  
19.75 	 1.9436 	  1.9503 	  
19.85 	 1.9459 	  1.9578 	  
19.95 	 1.9481 	  1.9654 	  
20.05 	 1.9505 	  1.9731 	  
20.15 	 1.9529 	  1.9808 	  
20.25 	 1.9555 	  1.9885 	  
20.35 	 1.9582 	  1.9962 	  
20.45 	 1.9612 	  2.004 	  
20.55 	 1.9644 	  2.0117 	  
20.65 	 1.968 	  2.0194 	  
20.75 	 1.972 	  2.0271 	  
20.85 	 1.9764 	  2.0348 	  
20.95 	 1.9812 	  2.0424 	  
21.05 	 1.9865 	  2.0499 	  
21.15 	 1.9923 	  2.0574 	  
21.25 	 1.9985 	  2.0648 	  
21.35 	 2.0052 	  2.072 	  
21.45 	 2.0122 	  2.0792 	  
21.55 	 2.0197 	  2.0863 	  
21.65 	 2.0275 	  2.0932 	  
21.75 	 2.0357 	  2.1 	  
21.85 	 2.0444 	  2.1066 	  
21.95 	 2.0533 	  2.1131 	  
22.05 	 2.0625 	  2.1194 	  
22.15 	 2.0721 	  2.1255 	  
22.25 	 2.082 	  2.1314 	  
22.35 	 2.0921 	  2.1372 	  
22.45 	 2.1025 	  2.1427 	  
22.55 	 2.1132 	  2.148 	  
22.65 	 2.1241 	  2.1531 	  
22.75 	 2.1352 	  2.158 	  
22.85 	 2.1464 	  2.1626 	  
22.95 	 2.1578 	  2.167 	  
23.05 	 2.1692 	  2.1711 	  
23.15 	 2.1806 	  2.175 	  
23.25 	 2.1918 	  2.1786 	  
23.35 	 2.2029 	  2.182 	  
23.45 	 2.2136 	  2.185 	  
23.55 	 2.2238 	  2.1878 	  
23.65 	 2.2333 	  2.1904 	  
23.75 	 2.242 	  2.1926 	  
23.85 	 2.2498 	  2.1945 	  
23.95 	 2.2565 	  2.1962 	  
24.05 	 2.2621 	  2.1975 	  
24.15 	 2.2666 	  2.1986 	  
24.25 	 2.2698 	  2.1994 	  
24.35 	 2.2718 	  2.1998 	  
24.45 	 2.2725 	  2.2 	  
24.55 	 2.2719 	  2.1999 	  
24.65 	 2.27 	  2.1994 	  
24.75 	 2.267 	  2.1987 	  
24.85 	 2.263 	  2.1977 	  
24.95 	 2.2579 	  2.1963 	  
25.05 	 2.2519 	  2.1947 	  
25.15 	 2.245 	  2.1928 	  
25.25 	 2.2372 	  2.1906 	  
25.35 	 2.2287 	  2.1881 	  
25.45 	 2.2196 	  2.1853 	  
25.55 	 2.2099 	  2.1823 	  
25.65 	 2.1996 	  2.179 	  
25.75 	 2.189 	  2.1754 	  
25.85 	 2.1781 	  2.1715 	  
25.95 	 2.1671 	  2.1674 	  
26.05 	 2.1559 	  2.163 	  
26.15 	 2.1447 	  2.1584 	  
26.25 	 2.1335 	  2.1536 	  
26.35 	 2.1224 	  2.1485 	  
26.45 	 2.1115 	  2.1432 	  
26.55 	 2.1008 	  2.1377 	  
26.65 	 2.0904 	  2.132 	  
26.75 	 2.0804 	  2.1261 	  
26.85 	 2.0708 	  2.12 	  
26.95 	 2.0617 	  2.1137 	  
27.05 	 2.053 	  2.1072 	  
27.15 	 2.0449 	  2.1006 	  
27.25 	 2.0373 	  2.0939 	  
27.35 	 2.0302 	  2.0869 	  
27.45 	 2.0236 	  2.0799 	  
27.55 	 2.0175 	  2.0727 	  
27.65 	 2.0118 	  2.0655 	  
27.75 	 2.0067 	  2.0581 	  
27.85 	 2.002 	  2.0507 	  
27.95 	 1.9976 	  2.0431 	  
28.05 	 1.9936 	  2.0355 	  
28.15 	 1.99 	  2.0279 	  
28.25 	 1.9866 	  2.0202 	  
28.35 	 1.9835 	  2.0125 	  
28.45 	 1.9805 	  2.0048 	  
28.55 	 1.9777 	  1.997 	  
28.65 	 1.9749 	  1.9893 	  
28.75 	 1.9721 	  1.9815 	  
28.85 	 1.9693 	  1.9738 	  
28.95 	 1.9665 	  1.9662 	  
29.05 	 1.9635 	  1.9586 	  
29.15 	 1.9604 	  1.951 	  
29.25 	 1.9571 	  1.9436 	  
29.35 	 1.9536 	  1.9362 	  
29.45 	 1.9499 	  1.9289 	  
29.55 	 1.9459 	  1.9217 	  
29.65 	 1.9417 	  1.9146 	  
29.75 	 1.9373 	  1.9077 	  
29.85 	 1.9326 	  1.9009 	  
29.95 	 1.9277 	  1.8943 	  
30.05 	 1.9226 	  1.8878 	  
30.15 	 1.9174 	  1.8814 	  
30.25 	 1.9121 	  1.8753 	  
30.35 	 1.9066 	  1.8693 	  
30.45 	 1.9012 	  1.8636 	  
30.55 	 1.8957 	  1.858 	  
30.65 	 1.8902 	  1.8527 	  
30.75 	 1.8848 	  1.8475 	  
30.85 	 1.8795 	  1.8426 	  
30.95 	 1.8743 	  1.838 	  
31.05 	 1.8692 	  1.8336 	  
31.15 	 1.8644 	  1.8294 	  
31.25 	 1.8598 	  1.8255 	  
31.35 	 1.8555 	  1.8218 	  
31.45 	 1.8514 	  1.8184 	  
31.55 	 1.8475 	  1.8153 	  
31.65 	 1.844 	  1.8125 	  
31.75 	 1.8407 	  1.8099 	  
31.85 	 1.8378 	  1.8077 	  
31.95 	 1.8351 	  1.8057 	  
32.05 	 1.8328 	  1.804 	  
32.15 	 1.8307 	  1.8026 	  
32.25 	 1.8289 	  1.8015 	  
32.35 	 1.8275 	  1.8007 	  
32.45 	 1.8265 	  1.8002 	  
32.55 	 1.8257 	  1.8 	  
32.65 	 1.8252 	  1.8001 	  
32.75 	 1.825 	  1.8005 	  
32.85 	 1.8251 	  1.8012 	  
32.95 	 1.8254 	  1.8022 	  
33.05 	 1.8261 	  1.8035 	  
33.15 	 1.827 	  1.8051 	  
33.25 	 1.8281 	  1.8069 	  
33.35 	 1.8296 	  1.8091 	  
33.45 	 1.8313 	  1.8116 	  
33.55 	 1.8332 	  1.8143 	  
33.65 	 1.8354 	  1.8173 	  
33.75 	 1.8378 	  1.8206 	  
33.85 	 1.8404 	  1.8242 	  
33.95 	 1.8433 	  1.828 	  
34.05 	 1.8463 	  1.832 	  
34.15 	 1.8496 	  1.8364 	  
34.25 	 1.853 	  1.841 	  
34.35 	 1.8565 	  1.8458 	  
34.45 	 1.8602 	  1.8508 	  
34.55 	 1.864 	  1.8561 	  
34.65 	 1.868 	  1.8616 	  
34.75 	 1.872 	  1.8673 	  
34.85 	 1.8762 	  1.8731 	  
34.95 	 1.8804 	  1.8792 	  
35.05 	 1.8847 	  1.8855 	  
35.15 	 1.889 	  1.8919 	  
35.25 	 1.8934 	  1.8985 	  
35.35 	 1.8979 	  1.9053 	  
35.45 	 1.9024 	  1.9122 	  
35.55 	 1.9069 	  1.9192 	  
35.65 	 1.9115 	  1.9263 	  
35.75 	 1.9162 	  1.9336 	  
35.85 	 1.921 	  1.9409 	  
35.95 	 1.9258 	  1.9484 	  
36.05 	 1.9307 	  1.9559 	  
36.15 	 1.9357 	  1.9635 	  
36.25 	 1.9407 	  1.9711 	  
36.35 	 1.9458 	  1.9788 	  
36.45 	 1.951 	  1.9865 	  
36.55 	 1.9563 	  1.9943 	  
36.65 	 1.9618 	  2.002 	  
36.75 	 1.9673 	  2.0097 	  
36.85 	 1.973 	  2.0175 	  
36.95 	 1.9789 	  2.0252 	  
37.05 	 1.9849 	  2.0328 	  
37.15 	 1.991 	  2.0404 	  
37.25 	 1.9974 	  2.048 	  
37.35 	 2.0038 	  2.0555 	  
37.45 	 2.0105 	  2.0629 	  
37.55 	 2.0173 	  2.0702 	  
37.65 	 2.0243 	  2.0774 	  
37.75 	 2.0315 	  2.0845 	  
37.85 	 2.0388 	  2.0914 	  
37.95 	 2.0464 	  2.0982 	  
38.05 	 2.0541 	  2.1049 	  
38.15 	 2.062 	  2.1114 	  
38.25 	 2.0701 	  2.1178 	  
38.35 	 2.0783 	  2.1239 	  
38.45 	 2.0866 	  2.1299 	  
38.55 	 2.095 	  2.1357 	  
38.65 	 2.1036 	  2.1413 	  
38.75 	 2.1122 	  2.1467 	  
38.85 	 2.1209 	  2.1518 	  
38.95 	 2.1296 	  2.1567 	  
39.05 	 2.1383 	  2.1614 	  
39.15 	 2.147 	  2.1659 	  
39.25 	 2.1556 	  2.1701 	  
39.35 	 2.1641 	  2.174 	  
39.45 	 2.1724 	  2.1777 	  
39.55 	 2.1805 	  2.1811 	  
39.65 	 2.1884 	  2.1843 	  
39.75 	 2.196 	  2.1872 	  
39.85 	 2.2033 	  2.1897 	  
39.95 	 2.2102 	  2.192 	  
40.05 	 2.2167 	  2.1941 	  
40.15 	 2.2226 	  2.1958 	  
40.25 	 2.2279 	  2.1972 	  
40.35 	 2.2327 	  2.1984 	  
40.45 	 2.2368 	  2.1992 	  
40.55 	 2.2402 	  2.1997 	  
40.65 	 2.2429 	  2.2 	  
40.75 	 2.2448 	  2.1999 	  
40.85 	 2.2461 	  2.1996 	  
40.95 	 2.2465 	  2.1989 	  
41.05 	 2.2463 	  2.198 	  
41.15 	 2.2452 	  2.1967 	  
41.25 	 2.2435 	  2.1952 	  
41.35 	 2.241 	  2.1933 	  
41.45 	 2.2377 	  2.1912 	  
41.55 	 2.2338 	  2.1888 	  
41.65 	 2.2292 	  2.1861 	  
41.75 	 2.2239 	  2.1831 	  
41.85 	 2.2181 	  2.1798 	  
41.95 	 2.2116 	  2.1763 	  
42.05 	 2.2046 	  2.1725 	  
42.15 	 2.197 	  2.1685 	  
42.25 	 2.189 	  2.1642 	  
42.35 	 2.1805 	  2.1596 	  
42.45 	 2.1717 	  2.1549 	  
42.55 	 2.1626 	  2.1498 	  
42.65 	 2.1532 	  2.1446 	  
42.75 	 2.1436 	  2.1391 	  
42.85 	 2.1338 	  2.1335 	  
42.95 	 2.1239 	  2.1276 	  
43.05 	 2.1139 	  2.1216 	  
43.15 	 2.1038 	  2.1153 	  
43.25 	 2.0938 	  2.1089 	  
43.35 	 2.0837 	  2.1023 	  
43.45 	 2.0737 	  2.0956 	  
43.55 	 2.0638 	  2.0887 	  
43.65 	 2.0541 	  2.0817 	  
43.75 	 2.0445 	  2.0746 	  
43.85 	 2.035 	  2.0674 	  
43.95 	 2.0258 	  2.06 	  
44.05 	 2.0168 	  2.0526 	  
44.15 	 2.0079 	  2.0451 	  
44.25 	 1.9993 	  2.0375 	  
44.35 	 1.9909 	  2.0299 	  
44.45 	 1.9828 	  2.0222 	  
44.55 	 1.9749 	  2.0145 	  
44.65 	 1.9673 	  2.0067 	  
44.75 	 1.96 	  1.999 	  
44.85 	 1.9529 	  1.9913 	  
44.95 	 1.9462 	  1.9835 	  
45.05 	 1.9397 	  1.9758 	  
45.15 	 1.9334 	  1.9682 	  
45.25 	 1.9275 	  1.9605 	  
45.35 	 1.9218 	  1.953 	  
45.45 	 1.9164 	  1.9455 	  
45.55 	 1.9112 	  1.9381 	  
45.65 	 1.9063 	  1.9308 	  
45.75 	 1.9017 	  1.9235 	  
45.85 	 1.8973 	  1.9164 	  
45.95 	 1.8932 	  1.9095 	  
46.05 	 1.8893 	  1.9026 	  
46.15 	 1.8857 	  1.896 	  
46.25 	 1.8823 	  1.8894 	  
46.35 	 1.8792 	  1.883 	  
46.45 	 1.8762 	  1.8769 	  
46.55 	 1.8735 	  1.8708 	  
46.65 	 1.8711 	  1.865 	  
46.75 	 1.8688 	  1.8594 	  
46.85 	 1.8668 	  1.854 	  
46.95 	 1.8649 	  1.8488 	  
47.05 	 1.8633 	  1.8439 	  
47.15 	 1.8619 	  1.8392 	  
47.25 	 1.8606 	  1.8347 	  
47.35 	 1.8596 	  1.8304 	  
47.45 	 1.8588 	  1.8265 	  
47.55 	 1.8581 	  1.8227 	  
47.65 	 1.8576 	  1.8193 	  
47.75 	 1.8573 	  1.8161 	  
47.85 	 1.8572 	  1.8132 	  
47.95 	 1.8572 	  1.8106 	  
48.05 	 1.8574 	  1.8082 	  
48.15 	 1.8577 	  1.8062 	  
48.25 	 1.8582 	  1.8044 	  
48.35 	 1.8588 	  1.8029 	  
48.45 	 1.8596 	  1.8018 	  
48.55 	 1.8606 	  1.8009 	  
48.65 	 1.8616 	  1.8003 	  
48.75 	 1.8628 	  1.8 	  
48.85 	 1.8642 	  1.8 	  
48.95 	 1.8656 	  1.8004 	  
49.05 	 1.8672 	  1.801 	  
49.15 	 1.8689 	  1.8019 	  
49.25 	 1.8707 	  1.8031 	  
49.35 	 1.8726 	  1.8046 	  
49.45 	 1.8747 	  1.8064 	  
49.55 	 1.8768 	  1.8085 	  
49.65 	 1.8791 	  1.8109 	  
49.75 	 1.8814 	  1.8136 	  
49.85 	 1.8839 	  1.8165 	  
49.95 	 1.8864 	  1.8197 	  
50.05 	 1.8891 	  1.8232 	  
50.15 	 1.8918 	  1.827 	  
50.25 	 1.8947 	  1.831 	  
50.35 	 1.8976 	  1.8352 	  
50.45 	 1.9007 	  1.8398 	  
50.55 	 1.9038 	  1.8445 	  
50.65 	 1.907 	  1.8495 	  
50.75 	 1.9102 	  1.8547 	  
50.85 	 1.9136 	  1.8601 	  
50.95 	 1.917 	  1.8658 	  
51.05 	 1.9206 	  1.8716 	  
51.15 	 1.9242 	  1.8777 	  
51.25 	 1.9278 	  1.8839 	  
51.35 	 1.9316 	  1.8903 	  
51.45 	 1.9354 	  1.8968 	  
51.55 	 1.9392 	  1.9035 	  
51.65 	 1.9431 	  1.9104 	  
51.75 	 1.9471 	  1.9174 	  
51.85 	 1.9511 	  1.9245 	  
51.95 	 1.9552 	  1.9317 	  
52.05 	 1.9593 	  1.939 	  
52.15 	 1.9635 	  1.9465 	  
52.25 	 1.9677 	  1.954 	  
52.35 	 1.972 	  1.9615 	  
52.45 	 1.9762 	  1.9692 	  
52.55 	 1.9805 	  1.9768 	  
52.65 	 1.9849 	  1.9845 	  
52.75 	 1.9892 	  1.9923 	  
52.85 	 1.9936 	  2 	  
52.95 	 1.9979 	  2.0077 	  
53.05 	 2.0023 	  2.0155 	  
53.15 	 2.0067 	  2.0232 	  
53.25 	 2.0111 	  2.0309 	  
53.35 	 2.0155 	  2.0385 	  
53.45 	 2.0199 	  2.0461 	  
53.55 	 2.0242 	  2.0536 	  
53.65 	 2.0285 	  2.061 	  
53.75 	 2.0328 	  2.0683 	  
53.85 	 2.0371 	  2.0755 	  
53.95 	 2.0413 	  2.0826 	  
54.05 	 2.0454 	  2.0896 	  
54.15 	 2.0496 	  2.0965 	  
54.25 	 2.0536 	  2.1032 	  
54.35 	 2.0576 	  2.1098 	  
54.45 	 2.0615 	  2.1161 	  
54.55 	 2.0654 	  2.1224 	  
54.65 	 2.0691 	  2.1284 	  
54.75 	 2.0728 	  2.1342 	  
54.85 	 2.0764 	  2.1399 	  
54.95 	 2.0799 	  2.1453 	  
55.05 	 2.0833 	  2.1505 	  
55.15 	 2.0866 	  2.1555 	  
55.25 	 2.0898 	  2.1603 	  
55.35 	 2.0929 	  2.1648 	  
55.45 	 2.0958 	  2.169 	  
55.55 	 2.0986 	  2.173 	  
55.65 	 2.1013 	  2.1768 	  
55.75 	 2.1039 	  2.1803 	  
55.85 	 2.1063 	  2.1835 	  
55.95 	 2.1086 	  2.1864 	  
56.05 	 2.1108 	  2.1891 	  
56.15 	 2.1128 	  2.1915 	  
56.25 	 2.1147 	  2.1936 	  
56.35 	 2.1164 	  2.1954 	  
56.45 	 2.118 	  2.1969 	  
56.55 	 2.1195 	  2.1981 	  
56.65 	 2.1208 	  2.199 	  
56.75 	 2.122 	  2.1996 	  
56.85 	 2.123 	  2.2 	  
56.95 	 2.1239 	  2.2 	  
57.05 	 2.1247 	  2.1997 	  
57.15 	 2.1253 	  2.1991 	  
57.25 	 2.1258 	  2.1982 	  
57.35 	 2.1261 	  2.1971 	  
57.45 	 2.1264 	  2.1956 	  
57.55 	 2.1265 	  2.1938 	  
57.65 	 2.1265 	  2.1918 	  
57.75 	 2.1264 	  2.1894 	  
57.85 	 2.1261 	  2.1868 	  
57.95 	 2.1258 	  2.1839 	  
58.05 	 2.1253 	  2.1807 	  
58.15 	 2.1247 	  2.1773 	  
58.25 	 2.124 	  2.1735 	  
58.35 	 2.1233 	  2.1696 	  
58.45 	 2.1224 	  2.1653 	  
58.55 	 2.1215 	  2.1608 	  
58.65 	 2.1205 	  2.1561 	  
58.75 	 2.1193 	  2.1512 	  
58.85 	 2.1182 	  2.146 	  
58.95 	 2.1169 	  2.1406 	  
59.05 	 2.1156 	  2.135 	  
59.15 	 2.1142 	  2.1291 	  
59.25 	 2.1127 	  2.1231 	  
59.35 	 2.1113 	  2.1169 	  
59.45 	 2.1097 	  2.1106 	  
59.55 	 2.1082 	  2.104 	  
59.65 	 2.1066 	  2.0973 	  
59.75 	 2.105 	  2.0905 	  
59.85 	 2.1033 	  2.0835 	  
59.95 	 2.1016 	  2.0764 	  
60.05 	 2.0999 	  2.0692 	  
60.15 	 2.0982 	  2.0619 	  
60.25 	 2.0964 	  2.0545 	  
60.35 	 2.0946 	  2.047 	  
60.45 	 2.0929 	  2.0395 	  
60.55 	 2.0911 	  2.0318 	  
60.65 	 2.0893 	  2.0242 	  
60.75 	 2.0876 	  2.0165 	  
60.85 	 2.0859 	  2.0087 	  
60.95 	 2.0842 	  2.001 	  
61.05 	 2.0825 	  1.9932 	  
61.15 	 2.0808 	  1.9855 	  
61.25 	 2.0792 	  1.9778 	  
61.35 	 2.0776 	  1.9701 	  
61.45 	 2.076 	  1.9625 	  
61.55 	 2.0744 	  1.9549 	  
61.65 	 2.0728 	  1.9474 	  
61.75 	 2.0713 	  1.94 	  
61.85 	 2.0695 	  1.9326 	  
61.95 	 2.0665 	  1.9254 	  
62.05 	 2.0593 	  1.9183 	  
62.15 	 2.0545 	  1.9113 	  
62.25 	 2.0497 	  1.9044 	  
62.35 	 2.045 	  1.8977 	  
62.45 	 2.0401 	  1.8911 	  
62.55 	 2.0354 	  1.8847 	  
62.65 	 2.0337 	  1.8784 	  
62.75 	 2.0319 	  1.8724 	  
62.85 	 2.0302 	  1.8665 	  
62.95 	 2.0288 	  1.8608 	  
63.05 	 2.0274 	  1.8554 	  
63.15 	 2.0262 	  1.8501 	  
63.25 	 2.025 	  1.8451 	  
63.35 	 2.0238 	  1.8403 	  
63.45 	 2.0225 	  1.8358 	  
63.55 	 2.0213 	  1.8315 	  
63.65 	 2.0202 	  1.8275 	  
63.75 	 2.0191 	  1.8237 	  
63.85 	 2.018 	  1.8202 	  
63.95 	 2.017 	  1.8169 	  
64.05 	 2.016 	  1.8139 	  
64.15 	 2.015 	  1.8112 	  
64.25 	 2.0141 	  1.8088 	  
64.35 	 2.0131 	  1.8067 	  
64.45 	 2.0123 	  1.8048 	  
64.55 	 2.0115 	  1.8033 	  
64.65 	 2.0107 	  1.802 	  
64.75 	 2.0099 	  1.8011 	  
64.85 	 2.0091 	  1.8004 	  
64.95 	 2.0084 	  1.8001 	  
65.05 	 2.0076 	  1.8 	  
65.15 	 2.0069 	  1.8003 	  
65.25 	 2.0063 	  1.8008 	  
65.35 	 2.0057 	  1.8016 	  
65.45 	 2.0051 	  1.8028 	  
65.55 	 2.0045 	  1.8042 	  
65.65 	 2.0039 	  1.8059 	  
65.75 	 2.0034 	  1.808 	  
65.85 	 2.0029 	  1.8103 	  
65.95 	 2.0024 	  1.8129 	  
66.05 	 2.0019 	  1.8157 	  
66.15 	 2.0015 	  1.8189 	  
66.25 	 2.0011 	  1.8223 	  
66.35 	 2.0007 	  1.826 	  
66.45 	 2.0003 	  1.8299 	  
66.55 	 1.9999 	  1.8341 	  
66.65 	 1.9996 	  1.8386 	  
66.75 	 1.9993 	  1.8433 	  
66.85 	 1.999 	  1.8482 	  
66.95 	 1.9987 	  1.8533 	  
67.05 	 1.9984 	  1.8587 	  
67.15 	 1.9981 	  1.8643 	  
67.25 	 1.9979 	  1.8701 	  
67.35 	 1.9976 	  1.8761 	  
67.45 	 1.9974 	  1.8823 	  
67.55 	 1.9972 	  1.8886 	  
67.65 	 1.997 	  1.8951 	  
67.75 	 1.9968 	  1.9018 	  
67.85 	 1.9967 	  1.9086 	  
67.95 	 1.9965 	  1.9156 	  
68.05 	 1.9963 	  1.9226 	  
68.15 	 1.9962 	  1.9298 	  
68.25 	 1.996 	  1.9371 	  
68.35 	 1.9959 	  1.9445 	  
68.45 	 1.9958 	  1.952 	  
68.55 	 1.9957 	  1.9596 	  
68.65 	 1.9956 	  1.9672 	  
68.75 	 1.9955 	  1.9748 	  
68.85 	 1.9954 	  1.9825 	  
68.95 	 1.9954 	  1.9903 	  
69.05 	 1.9953 	  1.998 	  
69.15 	 1.9953 	  2.0058 	  
69.25 	 1.9952 	  2.0135 	  
69.35 	 1.9952 	  2.0212 	  
69.45 	 1.9952 	  2.0289 	  
69.55 	 1.9951 	  2.0365 	  
69.65 	 1.9951 	  2.0441 	  
69.75 	 1.9951 	  2.0516 	  
69.85 	 1.9951 	  2.0591 	  
69.95 	 1.9951 	  2.0664 	  
70.05 	 1.9951 	  2.0737 	  
70.15 	 1.9951 	  2.0808 	  
70.25 	 1.9951 	  2.0878 	  
70.35 	 1.9951 	  2.0947 	  
70.45 	 1.9951 	  2.1015 	  
70.55 	 1.9951 	  2.1081 	  
70.65 	 1.9952 	  2.1145 	  
70.75 	 1.9952 	  2.1208 	  
70.85 	 1.9952 	  2.1269 	  
70.95 	 1.9952 	  2.1328 	  
71.05 	 1.9953 	  2.1384 	  
71.15 	 1.9953 	  2.1439 	  
71.25 	 1.9954 	  2.1492 	  
71.35 	 1.9954 	  2.1542 	  
71.45 	 1.9955 	  2.1591 	  
71.55 	 1.9955 	  2.1636 	  
71.65 	 1.9956 	  2.168 	  
71.75 	 1.9956 	  2.172 	  
71.85 	 1.9957 	  2.1759 	  
71.95 	 1.9957 	  2.1794 	  
72.05 	 1.9958 	  2.1827 	  
72.15 	 1.9958 	  2.1857 	  
72.25 	 1.9959 	  2.1884 	  
72.35 	 1.996 	  2.1909 	  
72.45 	 1.996 	  2.1931 	  
72.55 	 1.9961 	  2.1949 	  
72.65 	 1.9961 	  2.1965 	  
72.75 	 1.9962 	  2.1978 	  
72.85 	 1.9963 	  2.1988 	  
72.95 	 1.9963 	  2.1995 	  
73.05 	 1.9964 	  2.1999 	  
73.15 	 1.9965 	  2.2 	  
73.25 	 1.9965 	  2.1998 	  
73.35 	 1.9966 	  2.1993 	  
73.45 	 1.9966 	  2.1985 	  
73.55 	 1.9967 	  2.1974 	  
73.65 	 1.9968 	  2.196 	  
73.75 	 1.9968 	  2.1943 	  
73.85 	 1.9969 	  2.1923 	  
73.95 	 1.9969 	  2.1901 	  
74.05 	 1.997 	  2.1875 	  
74.15 	 1.9971 	  2.1847 	  
74.25 	 1.9971 	  2.1815 	  
74.35 	 1.9972 	  2.1782 	  
74.45 	 1.9972 	  2.1745 	  
74.55 	 1.9973 	  2.1706 	  
74.65 	 1.9974 	  2.1664 	  
74.75 	 1.9974 	  2.162 	  
74.85 	 1.9975 	  2.1574 	  
74.95 	 1.9975 	  2.1525 	  
75.05 	 1.9976 	  2.1473 	  
75.15 	 1.9976 	  2.142 	  
75.25 	 1.9977 	  2.1364 	  
75.35 	 1.9978 	  2.1307 	  
75.45 	 1.9978 	  2.1247 	  
75.55 	 1.9979 	  2.1186 	  
75.65 	 1.9979 	  2.1122 	  
75.75 	 1.998 	  2.1057 	  
75.85 	 1.998 	  2.0991 	  
75.95 	 1.9981 	  2.0923 	  
76.05 	 1.9981 	  2.0853 	  
76.15 	 1.9982 	  2.0783 	  
76.25 	 1.9982 	  2.0711 	  
76.35 	 1.9983 	  2.0638 	  
76.45 	 1.9983 	  2.0564 	  
76.55 	 1.9983 	  2.0489 	  
76.65 	 1.9984 	  2.0414 	  
76.75 	 1.9984 	  2.0338 	  
76.85 	 1.9985 	  2.0261 	  
76.95 	 1.9985 	  2.0184 	  
77.05 	 1.9986 	  2.0107 	  
77.15 	 1.9986 	  2.003 	  
77.25 	 1.9986 	  1.9952 	  
77.35 	 1.9987 	  1.9875 	  
77.45 	 1.9987 	  1.9798 	  
77.55 	 1.9988 	  1.9721 	  
77.65 	 1.9988 	  1.9644 	  
77.75 	 1.9988 	  1.9569 	  
77.85 	 1.9989 	  1.9493 	  
77.95 	 1.9989 	  1.9419 	  
78.05 	 1.9989 	  1.9345 	  
78.15 	 1.999 	  1.9272 	  
78.25 	 1.999 	  1.9201 	  
78.35 	 1.999 	  1.913 	  
78.45 	 1.999 	  1.9061 	  
78.55 	 1.9991 	  1.8994 	  
78.65 	 1.9991 	  1.8928 	  
78.75 	 1.9991 	  1.8863 	  
78.85 	 1.9992 	  1.88 	  
78.95 	 1.9992 	  1.8739 	  
79.05 	 1.9992 	  1.868 	  
79.15 	 1.9992 	  1.8623 	  
79.25 	 1.9993 	  1.8568 	  
79.35 	 1.9993 	  1.8515 	  
79.45 	 1.9993 	  1.8464 	  
79.55 	 1.9993 	  1.8416 	  
79.65 	 1.9993 	  1.8369 	  
79.75 	 1.9994 	  1.8326 	  
79.85 	 1.9994 	  1.8285 	  
79.95 	 1.9994 	  1.8246 	  
80.05 	 1.9994 	  1.821 	  
80.15 	 1.9994 	  1.8177 	  
80.25 	 1.9995 	  1.8147 	  
80.35 	 1.9995 	  1.8119 	  
80.45 	 1.9995 	  1.8094 	  
80.55 	 1.9995 	  1.8072 	  
80.65 	 1.9995 	  1.8053 	  
80.75 	 1.9995 	  1.8037 	  
80.85 	 1.9996 	  1.8023 	  
80.95 	 1.9996 	  1.8013 	  
81.05 	 1.9996 	  1.8006 	  
81.15 	 1.9996 	  1.8001 	  
81.25 	 1.9996 	  1.8 	  
81.35 	 1.9996 	  1.8002 	  
81.45 	 1.9996 	  1.8006 	  
81.55 	 1.9996 	  1.8014 	  
81.65 	 1.9996 	  1.8025 	  
81.75 	 1.9997 	  1.8038 	  
81.85 	 1.9997 	  1.8055 	  
81.95 	 1.9997 	  1.8074 	  
82.05 	 1.9997 	  1.8096 	  
82.15 	 1.9997 	  1.8122 	  
82.25 	 1.9997 	  1.815 	  
82.35 	 1.9997 	  1.818 	  
82.45 	 1.9997 	  1.8214 	  
82.55 	 1.9997 	  1.825 	  
82.65 	 1.9997 	  1.8289 	  
82.75 	 1.9997 	  1.833 	  
82.85 	 1.9997 	  1.8374 	  
82.95 	 1.9997 	  1.842 	  
83.05 	 1.9998 	  1.8469 	  
83.15 	 1.9998 	  1.852 	  
83.25 	 1.9998 	  1.8573 	  
83.35 	 1.9998 	  1.8629 	  
83.45 	 1.9998 	  1.8686 	  
83.55 	 1.9998 	  1.8745 	  
83.65 	 1.9998 	  1.8806 	  
83.75 	 1.9998 	  1.887 	  
83.85 	 1.9998 	  1.8934 	  
83.95 	 1.9998 	  1.9001 	  
84.05 	 1.9998 	  1.9068 	  
84.15 	 1.9998 	  1.9138 	  
84.25 	 1.9998 	  1.9208 	  
84.35 	 1.9998 	  1.928 	  
84.45 	 1.9998 	  1.9353 	  
84.55 	 1.9998 	  1.9426 	  
84.65 	 1.9998 	  1.9501 	  
84.75 	 1.9998 	  1.9576 	  
84.85 	 1.9998 	  1.9652 	  
84.95 	 1.9999 	  1.9729 	  
85.05 	 1.9999 	  1.9806 	  
85.15 	 1.9999 	  1.9883 	  
85.25 	 1.9999 	  1.996 	  
85.35 	 1.9999 	  2.0038 	  
85.45 	 1.9999 	  2.0115 	  
85.55 	 1.9999 	  2.0192 	  
85.65 	 1.9999 	  2.0269 	  
85.75 	 1.9999 	  2.0346 	  
85.85 	 1.9999 	  2.0422 	  
85.95 	 1.9999 	  2.0497 	  
86.05 	 1.9999 	  2.0572 	  
86.15 	 1.9999 	  2.0646 	  
86.25 	 1.9999 	  2.0718 	  
86.35 	 1.9999 	  2.079 	  
86.45 	 1.9999 	  2.0861 	  
86.55 	 1.9999 	  2.093 	  
86.65 	 1.9999 	  2.0998 	  
86.75 	 1.9999 	  2.1064 	  
86.85 	 1.9999 	  2.1129 	  
86.95 	 1.9999 	  2.1192 	  
87.05 	 1.9999 	  2.1253 	  
87.15 	 1.9999 	  2.1313 	  
87.25 	 1.9999 	  2.137 	  
87.35 	 1.9999 	  2.1425 	  
87.45 	 1.9999 	  2.1479 	  
87.55 	 1.9999 	  2.153 	  
87.65 	 1.9999 	  2.1578 	  
87.75 	 1.9999 	  2.1625 	  
87.85 	 1.9999 	  2.1669 	  
87.95 	 1.9999 	  2.171 	  
88.05 	 2 	  2.1749 	  
88.15 	 2 	  2.1785 	  
88.25 	 2 	  2.1819 	  
88.35 	 2 	  2.185 	  
88.45 	 2 	  2.1878 	  
88.55 	 2 	  2.1903 	  
88.65 	 2 	  2.1925 	  
88.75 	 2 	  2.1945 	  
88.85 	 2 	  2.1961 	  
88.95 	 2 	  2.1975 	  
89.05 	 2 	  2.1986 	  
89.15 	 2 	  2.1994 	  
89.25 	 2 	  2.1998 	  
89.35 	 2 	  2.2 	  
89.45 	 2 	  2.1999 	  
89.55 	 2 	  2.1994 	  
89.65 	 2 	  2.1987 	  
89.75 	 2 	  2.1977 	  
89.85 	 2 	  2.1964 	  
89.95 	 2 	  2.1948 	  
90.05 	 2 	  2.1929 	  
90.15 	 2 	  2.1907 	  
90.25 	 2 	  2.1882 	  
90.35 	 2 	  2.1854 	  
90.45 	 2 	  2.1824 	  
90.55 	 2 	  2.1791 	  
90.65 	 2 	  2.1755 	  
90.75 	 2 	  2.1716 	  
90.85 	 2 	  2.1675 	  
90.95 	 2 	  2.1632 	  
91.05 	 2 	  2.1586 	  
91.15 	 2 	  2.1537 	  
91.25 	 2 	  2.1487 	  
91.35 	 2 	  2.1434 	  
91.45 	 2 	  2.1379 	  
91.55 	 2 	  2.1322 	  
91.65 	 2 	  2.1262 	  
91.75 	 2 	  2.1201 	  
91.85 	 2 	  2.1139 	  
91.95 	 2 	  2.1074 	  
92.05 	 2 	  2.1008 	  
92.15 	 2 	  2.094 	  
92.25 	 2 	  2.0871 	  
92.35 	 2 	  2.0801 	  
92.45 	 2 	  2.073 	  
92.55 	 2 	  2.0657 	  
92.65 	 2 	  2.0583 	  
92.75 	 2 	  2.0509 	  
92.85 	 2 	  2.0433 	  
92.95 	 2 	  2.0358 	  
93.05 	 2 	  2.0281 	  
93.15 	 2 	  2.0204 	  
93.25 	 2 	  2.0127 	  
93.35 	 2 	  2.005 	  
93.45 	 2 	  1.9972 	  
93.55 	 2 	  1.9895 	  
93.65 	 2 	  1.9818 	  
93.75 	 2 	  1.9741 	  
93.85 	 2 	  1.9664 	  
93.95 	 2 	  1.9588 	  
94.05 	 2 	  1.9513 	  
94.15 	 2 	  1.9438 	  
94.25 	 2 	  1.9364 	  
94.35 	 2 	  1.9291 	  
94.45 	 2 	  1.9219 	  
94.55 	 2 	  1.9148 	  
94.65 	 2 	  1.9079 	  
94.75 	 2 	  1.9011 	  
94.85 	 2 	  1.8944 	  
94.95 	 2 	  1.8879 	  
95.05 	 2 	  1.8816 	  
95.15 	 2 	  1.8755 	  
95.25 	 2 	  1.8695 	  
95.35 	 2 	  1.8637 	  
95.45 	 2 	  1.8582 	  
95.55 	 2 	  1.8528 	  
95.65 	 2 	  1.8477 	  
95.75 	 2 	  1.8428 	  
95.85 	 2 	  1.8381 	  
95.95 	 2 	  1.8337 	  
96.05 	 2 	  1.8295 	  
96.15 	 2 	  1.8256 	  
96.25 	 2 	  1.8219 	  
96.35 	 2 	  1.8185 	  
96.45 	 2 	  1.8154 	  
96.55 	 2 	  1.8126 	  
96.65 	 2 	  1.81 	  
96.75 	 2 	  1.8077 	  
96.85 	 2 	  1.8057 	  
96.95 	 2 	  1.8041 	  
97.05 	 2 	  1.8026 	  
97.15 	 2 	  1.8015 	  
97.25 	 2 	  1.8007 	  
97.35 	 2 	  1.8002 	  
97.45 	 2 	  1.8 	  
97.55 	 2 	  1.8001 	  
97.65 	 2 	  1.8005 	  
97.75 	 2 	  1.8012 	  
97.85 	 2 	  1.8022 	  
97.95 	 2 	  1.8034 	  
98.05 	 2 	  1.805 	  
98.15 	 2 	  1.8069 	  
98.25 	 2 	  1.809 	  
98.35 	 2 	  1.8115 	  
98.45 	 2 	  1.8142 	  
98.55 	 2 	  1.8172 	  
98.65 	 2 	  1.8205 	  
98.75 	 2 	  1.824 	  
98.85 	 2 	  1.8279 	  
98.95 	 2 	  1.8319 	  
99.05 	 2 	  1.8363 	  
99.15 	 2 	  1.8408 	  
99.25 	 2 	  1.8456 	  
99.35 	 2 	  1.8507 	  
99.45 	 2 	  1.8559 	  
99.55 	 2 	  1.8614 	  
99.65 	 2 	  1.8671 	  
99.75 	 2 	  1.873 	  
99.85 	 2 	  1.8791 	  
99.95 	 2 	  1.8853 	  
100.05 	 2 	  1.8917 	  
100.15 	 2 	  1.8983 	  
100.25 	 2 	  1.9051 	  
100.35 	 2 	  1.912 	  
100.45 	 2 	  1.919 	  
100.55 	 2 	  1.9261 	  
100.65 	 2 	  1.9334 	  
100.75 	 2 	  1.9407 	  
100.85 	 2 	  1.9482 	  
100.95 	 2 	  1.9557 	  
101.05 	 2 	  1.9633 	  
101.15 	 2 	  1.9709 	  
101.25 	 2 	  1.9786 	  
101.35 	 2 	  1.9863 	  
101.45 	 2 	  1.994 	  
101.55 	 2 	  2.0018 	  
101.65 	 2 	  2.0095 	  
101.75 	 2 	  2.0172 	  
101.85 	 1.9999 	  2.0249 	  
101.95 	 1.9999 	  2.0326 	  
102.05 	 1.9999 	  2.0402 	  
102.15 	 1.9999 	  2.0478 	  
102.25 	 1.9999 	  2.0553 	  
102.35 	 1.9999 	  2.0627 	  
102.45 	 1.9999 	  2.07 	  
102.55 	 1.9999 	  2.0772 	  
102.65 	 1.9999 	  2.0843 	  
102.75 	 1.9999 	  2.0912 	  
102.85 	 1.9999 	  2.098 	  
102.95 	 1.9999 	  2.1047 	  
103.05 	 1.9999 	  2.1112 	  
103.15 	 1.9999 	  2.1176 	  
103.25 	 1.9999 	  2.1238 	  
103.35 	 1.9999 	  2.1297 	  
103.45 	 1.9999 	  2.1355 	  
103.55 	 1.9999 	  2.1411 	  
103.65 	 1.9999 	  2.1465 	  
103.75 	 1.9999 	  2.1517 	  
103.85 	 1.9999 	  2.1566 	  
103.95 	 1.9999 	  2.1613 	  
104.05 	 1.9999 	  2.1658 	  
104.15 	 1.9999 	  2.17 	  
104.25 	 1.9999 	  2.1739 	  
104.35 	 1.9999 	  2.1776 	  
104.45 	 1.9999 	  2.181 	  
104.55 	 1.9999 	  2.1842 	  
104.65 	 1.9999 	  2.1871 	  
104.75 	 1.9999 	  2.1897 	  
104.85 	 1.9999 	  2.192 	  
104.95 	 1.9999 	  2.194 	  
105.05 	 1.9999 	  2.1957 	  
105.15 	 1.9999 	  2.1972 	  
105.25 	 1.9999 	  2.1983 	  
105.35 	 1.9999 	  2.1992 	  
105.45 	 1.9999 	  2.1997 	  
105.55 	 1.9999 	  2.2 	  
105.65 	 1.9999 	  2.1999 	  
105.75 	 1.9999 	  2.1996 	  
105.85 	 1.9999 	  2.1989 	  
105.95 	 1.9999 	  2.198 	  
106.05 	 1.9999 	  2.1967 	  
106.15 	 1.9999 	  2.1952 	  
106.25 	 1.9999 	  2.1934 	  
106.35 	 1.9999 	  2.1913 	  
106.45 	 1.9999 	  2.1888 	  
106.55 	 1.9999 	  2.1862 	  
106.65 	 1.9999 	  2.1832 	  
106.75 	 1.9999 	  2.1799 	  
106.85 	 1.9999 	  2.1764 	  
106.95 	 1.9999 	  2.1726 	  
107.05 	 1.9999 	  2.1686 	  
107.15 	 1.9999 	  2.1643 	  
107.25 	 1.9999 	  2.1598 	  
107.35 	 1.9999 	  2.155 	  
107.45 	 1.9999 	  2.15 	  
107.55 	 1.9999 	  2.1448 	  
107.65 	 1.9999 	  2.1393 	  
107.75 	 1.9999 	  2.1336 	  
107.85 	 1.9999 	  2.1278 	  
107.95 	 1.9999 	  2.1217 	  
108.05 	 1.9999 	  2.1155 	  
108.15 	 2 	  2.1091 	  
108.25 	 2 	  2.1025 	  
108.35 	 2 	  2.0958 	  
108.45 	 2 	  2.0889 	  
108.55 	 2 	  2.0819 	  
108.65 	 2 	  2.0748 	  
108.75 	 2 	  2.0676 	  
108.85 	 2 	  2.0602 	  
108.95 	 2 	  2.0528 	  
