simtime:  0.86864
number of wsf-lines:  1

line_No     y_coord
1	 1.5
2	  Wave Theory 


X 1	 P 1 	 	 	 	 W 1

0.05 	 1.8064 	  1.8051 	  
0.15 	 1.8085 	  1.807 	  
0.25 	 1.8108 	  1.8091 	  
0.35 	 1.8135 	  1.8116 	  
0.45 	 1.8164 	  1.8143 	  
0.55 	 1.8196 	  1.8173 	  
0.65 	 1.8231 	  1.8206 	  
0.75 	 1.8268 	  1.8242 	  
0.85 	 1.8308 	  1.828 	  
0.95 	 1.835 	  1.8321 	  
1.05 	 1.8395 	  1.8364 	  
1.15 	 1.8442 	  1.841 	  
1.25 	 1.8491 	  1.8458 	  
1.35 	 1.8543 	  1.8508 	  
1.45 	 1.8597 	  1.8561 	  
1.55 	 1.8652 	  1.8616 	  
1.65 	 1.871 	  1.8673 	  
1.75 	 1.877 	  1.8732 	  
1.85 	 1.8831 	  1.8793 	  
1.95 	 1.8895 	  1.8855 	  
2.05 	 1.896 	  1.892 	  
2.15 	 1.9026 	  1.8986 	  
2.25 	 1.9094 	  1.9053 	  
2.35 	 1.9163 	  1.9122 	  
2.45 	 1.9234 	  1.9192 	  
2.55 	 1.9305 	  1.9264 	  
2.65 	 1.9378 	  1.9336 	  
2.75 	 1.9451 	  1.941 	  
2.85 	 1.9526 	  1.9484 	  
2.95 	 1.96 	  1.9559 	  
3.05 	 1.9676 	  1.9635 	  
3.15 	 1.9752 	  1.9712 	  
3.25 	 1.9828 	  1.9789 	  
3.35 	 1.9905 	  1.9866 	  
3.45 	 1.9982 	  1.9943 	  
3.55 	 2.0058 	  2.002 	  
3.65 	 2.0135 	  2.0098 	  
3.75 	 2.0211 	  2.0175 	  
3.85 	 2.0287 	  2.0252 	  
3.95 	 2.0363 	  2.0329 	  
4.05 	 2.0438 	  2.0405 	  
4.15 	 2.0512 	  2.048 	  
4.25 	 2.0586 	  2.0555 	  
4.35 	 2.0658 	  2.0629 	  
4.45 	 2.073 	  2.0702 	  
4.55 	 2.0801 	  2.0774 	  
4.65 	 2.087 	  2.0845 	  
4.75 	 2.0938 	  2.0915 	  
4.85 	 2.1005 	  2.0983 	  
4.95 	 2.107 	  2.1049 	  
5.05 	 2.1134 	  2.1115 	  
5.15 	 2.1196 	  2.1178 	  
5.25 	 2.1257 	  2.124 	  
5.35 	 2.1315 	  2.13 	  
5.45 	 2.1372 	  2.1357 	  
5.55 	 2.1426 	  2.1413 	  
5.65 	 2.1479 	  2.1467 	  
5.75 	 2.1529 	  2.1518 	  
5.85 	 2.1577 	  2.1568 	  
5.95 	 2.1623 	  2.1615 	  
6.05 	 2.1667 	  2.1659 	  
6.15 	 2.1708 	  2.1701 	  
6.25 	 2.1747 	  2.1741 	  
6.35 	 2.1783 	  2.1777 	  
6.45 	 2.1817 	  2.1812 	  
6.55 	 2.1848 	  2.1843 	  
6.65 	 2.1877 	  2.1872 	  
6.75 	 2.1903 	  2.1898 	  
6.85 	 2.1926 	  2.1921 	  
6.95 	 2.1947 	  2.1941 	  
7.05 	 2.1965 	  2.1958 	  
7.15 	 2.198 	  2.1972 	  
7.25 	 2.1992 	  2.1984 	  
7.35 	 2.2002 	  2.1992 	  
7.45 	 2.2009 	  2.1997 	  
7.55 	 2.2013 	  2.2 	  
7.65 	 2.2013 	  2.1999 	  
7.75 	 2.2012 	  2.1996 	  
7.85 	 2.2007 	  2.1989 	  
7.95 	 2.1999 	  2.198 	  
8.05 	 2.1988 	  2.1967 	  
8.15 	 2.1975 	  2.1951 	  
8.25 	 2.1958 	  2.1933 	  
8.35 	 2.1938 	  2.1912 	  
8.45 	 2.1915 	  2.1888 	  
8.55 	 2.1889 	  2.1861 	  
8.65 	 2.186 	  2.1831 	  
8.75 	 2.1828 	  2.1798 	  
8.85 	 2.1793 	  2.1763 	  
8.95 	 2.1755 	  2.1725 	  
9.05 	 2.1714 	  2.1685 	  
9.15 	 2.167 	  2.1642 	  
9.25 	 2.1623 	  2.1596 	  
9.35 	 2.1573 	  2.1548 	  
9.45 	 2.1521 	  2.1498 	  
9.55 	 2.1466 	  2.1446 	  
9.65 	 2.1409 	  2.1391 	  
9.75 	 2.1349 	  2.1334 	  
9.85 	 2.1287 	  2.1276 	  
9.95 	 2.1222 	  2.1215 	  
10.05 	 2.1155 	  2.1153 	  
10.15 	 2.1086 	  2.1089 	  
10.25 	 2.1014 	  2.1023 	  
10.35 	 2.094 	  2.0956 	  
10.45 	 2.0864 	  2.0887 	  
10.55 	 2.0786 	  2.0817 	  
10.65 	 2.0706 	  2.0746 	  
10.75 	 2.0624 	  2.0673 	  
10.85 	 2.0542 	  2.06 	  
10.95 	 2.0459 	  2.0525 	  
11.05 	 2.0375 	  2.045 	  
11.15 	 2.0292 	  2.0375 	  
11.25 	 2.0208 	  2.0298 	  
11.35 	 2.0124 	  2.0221 	  
11.45 	 2.0041 	  2.0144 	  
11.55 	 1.9958 	  2.0067 	  
11.65 	 1.9878 	  1.9989 	  
11.75 	 1.9799 	  1.9912 	  
11.85 	 1.9723 	  1.9835 	  
11.95 	 1.965 	  1.9758 	  
12.05 	 1.9581 	  1.9681 	  
12.15 	 1.9515 	  1.9605 	  
12.25 	 1.9453 	  1.9529 	  
12.35 	 1.9396 	  1.9454 	  
12.45 	 1.9343 	  1.938 	  
12.55 	 1.9295 	  1.9307 	  
12.65 	 1.9251 	  1.9235 	  
12.75 	 1.9213 	  1.9164 	  
12.85 	 1.918 	  1.9094 	  
12.95 	 1.9152 	  1.9026 	  
13.05 	 1.9129 	  1.8959 	  
13.15 	 1.9112 	  1.8894 	  
13.25 	 1.9098 	  1.883 	  
13.35 	 1.909 	  1.8768 	  
13.45 	 1.9086 	  1.8708 	  
13.55 	 1.9086 	  1.865 	  
13.65 	 1.9091 	  1.8594 	  
13.75 	 1.9098 	  1.854 	  
13.85 	 1.911 	  1.8488 	  
13.95 	 1.9125 	  1.8438 	  
14.05 	 1.9142 	  1.8391 	  
14.15 	 1.9162 	  1.8346 	  
14.25 	 1.9184 	  1.8304 	  
14.35 	 1.9208 	  1.8264 	  
14.45 	 1.9234 	  1.8227 	  
14.55 	 1.9261 	  1.8193 	  
14.65 	 1.9289 	  1.8161 	  
14.75 	 1.9318 	  1.8132 	  
14.85 	 1.9347 	  1.8106 	  
14.95 	 1.9377 	  1.8082 	  
15.05 	 1.9406 	  1.8062 	  
15.15 	 1.9436 	  1.8044 	  
15.25 	 1.9465 	  1.8029 	  
15.35 	 1.9493 	  1.8018 	  
15.45 	 1.9521 	  1.8009 	  
15.55 	 1.9548 	  1.8003 	  
15.65 	 1.9574 	  1.8 	  
15.75 	 1.9599 	  1.8 	  
15.85 	 1.9624 	  1.8004 	  
15.95 	 1.9647 	  1.801 	  
16.05 	 1.9669 	  1.8019 	  
16.15 	 1.9689 	  1.8031 	  
16.25 	 1.9709 	  1.8046 	  
16.35 	 1.9727 	  1.8064 	  
16.45 	 1.9745 	  1.8085 	  
16.55 	 1.9761 	  1.8109 	  
16.65 	 1.9776 	  1.8136 	  
16.75 	 1.9791 	  1.8165 	  
16.85 	 1.9804 	  1.8197 	  
16.95 	 1.9817 	  1.8232 	  
17.05 	 1.9828 	  1.827 	  
17.15 	 1.9839 	  1.831 	  
17.25 	 1.9849 	  1.8353 	  
17.35 	 1.9859 	  1.8398 	  
17.45 	 1.9868 	  1.8445 	  
17.55 	 1.9876 	  1.8495 	  
17.65 	 1.9884 	  1.8547 	  
17.75 	 1.9891 	  1.8602 	  
17.85 	 1.9898 	  1.8658 	  
17.95 	 1.9904 	  1.8717 	  
18.05 	 1.991 	  1.8777 	  
18.15 	 1.9916 	  1.8839 	  
18.25 	 1.9921 	  1.8903 	  
18.35 	 1.9926 	  1.8969 	  
18.45 	 1.9931 	  1.9036 	  
18.55 	 1.9935 	  1.9104 	  
18.65 	 1.9939 	  1.9174 	  
18.75 	 1.9943 	  1.9245 	  
18.85 	 1.9947 	  1.9318 	  
18.95 	 1.995 	  1.9391 	  
19.05 	 1.9953 	  1.9465 	  
19.15 	 1.9956 	  1.954 	  
19.25 	 1.9959 	  1.9616 	  
19.35 	 1.9962 	  1.9692 	  
19.45 	 1.9964 	  1.9769 	  
19.55 	 1.9966 	  1.9846 	  
19.65 	 1.9969 	  1.9923 	  
19.75 	 1.9971 	  2.0001 	  
19.85 	 1.9973 	  2.0078 	  
19.95 	 1.9974 	  2.0155 	  
20.05 	 1.9976 	  2.0232 	  
20.15 	 1.9978 	  2.0309 	  
20.25 	 1.9979 	  2.0385 	  
20.35 	 1.998 	  2.0461 	  
20.45 	 1.9982 	  2.0536 	  
20.55 	 1.9983 	  2.061 	  
20.65 	 1.9984 	  2.0684 	  
20.75 	 1.9985 	  2.0756 	  
20.85 	 1.9986 	  2.0827 	  
20.95 	 1.9987 	  2.0897 	  
21.05 	 1.9988 	  2.0965 	  
21.15 	 1.9989 	  2.1032 	  
21.25 	 1.9989 	  2.1098 	  
21.35 	 1.999 	  2.1162 	  
21.45 	 1.9991 	  2.1224 	  
21.55 	 1.9991 	  2.1284 	  
21.65 	 1.9992 	  2.1343 	  
21.75 	 1.9992 	  2.1399 	  
21.85 	 1.9993 	  2.1453 	  
21.95 	 1.9993 	  2.1505 	  
22.05 	 1.9994 	  2.1555 	  
22.15 	 1.9994 	  2.1603 	  
22.25 	 1.9995 	  2.1648 	  
22.35 	 1.9995 	  2.1691 	  
22.45 	 1.9995 	  2.1731 	  
22.55 	 1.9996 	  2.1768 	  
22.65 	 1.9996 	  2.1803 	  
22.75 	 1.9996 	  2.1835 	  
22.85 	 1.9997 	  2.1865 	  
22.95 	 1.9997 	  2.1891 	  
23.05 	 1.9997 	  2.1915 	  
23.15 	 1.9997 	  2.1936 	  
23.25 	 1.9997 	  2.1954 	  
23.35 	 1.9998 	  2.1969 	  
23.45 	 1.9998 	  2.1981 	  
23.55 	 1.9998 	  2.199 	  
23.65 	 1.9998 	  2.1996 	  
23.75 	 1.9998 	  2.2 	  
23.85 	 1.9998 	  2.2 	  
23.95 	 1.9998 	  2.1997 	  
24.05 	 1.9999 	  2.1991 	  
24.15 	 1.9999 	  2.1982 	  
24.25 	 1.9999 	  2.197 	  
24.35 	 1.9999 	  2.1956 	  
24.45 	 1.9999 	  2.1938 	  
24.55 	 1.9999 	  2.1918 	  
24.65 	 1.9999 	  2.1894 	  
24.75 	 1.9999 	  2.1868 	  
24.85 	 1.9999 	  2.1839 	  
24.95 	 1.9999 	  2.1807 	  
25.05 	 1.9999 	  2.1772 	  
25.15 	 1.9999 	  2.1735 	  
25.25 	 2 	  2.1695 	  
25.35 	 2 	  2.1653 	  
25.45 	 2 	  2.1608 	  
25.55 	 2 	  2.1561 	  
25.65 	 2 	  2.1511 	  
25.75 	 2 	  2.1459 	  
25.85 	 2 	  2.1405 	  
25.95 	 2 	  2.1349 	  
26.05 	 2 	  2.1291 	  
26.15 	 2 	  2.1231 	  
26.25 	 2 	  2.1169 	  
26.35 	 2 	  2.1105 	  
26.45 	 2 	  2.104 	  
26.55 	 2 	  2.0973 	  
26.65 	 2 	  2.0905 	  
26.75 	 2 	  2.0835 	  
26.85 	 2 	  2.0764 	  
26.95 	 2 	  2.0692 	  
27.05 	 2 	  2.0619 	  
27.15 	 2 	  2.0545 	  
27.25 	 2 	  2.047 	  
27.35 	 2 	  2.0394 	  
27.45 	 2 	  2.0318 	  
27.55 	 2 	  2.0241 	  
27.65 	 2 	  2.0164 	  
27.75 	 2 	  2.0087 	  
27.85 	 2 	  2.0009 	  
27.95 	 2 	  1.9932 	  
28.05 	 2 	  1.9855 	  
28.15 	 2 	  1.9778 	  
28.25 	 2 	  1.9701 	  
28.35 	 2 	  1.9624 	  
28.45 	 2 	  1.9549 	  
28.55 	 2 	  1.9474 	  
28.65 	 2 	  1.9399 	  
28.75 	 2 	  1.9326 	  
28.85 	 2 	  1.9253 	  
28.95 	 2 	  1.9182 	  
29.05 	 2 	  1.9112 	  
29.15 	 2 	  1.9043 	  
29.25 	 2 	  1.8976 	  
29.35 	 2 	  1.891 	  
29.45 	 2 	  1.8846 	  
29.55 	 2 	  1.8784 	  
29.65 	 2 	  1.8723 	  
29.75 	 2 	  1.8665 	  
29.85 	 2 	  1.8608 	  
29.95 	 2 	  1.8554 	  
30.05 	 2 	  1.8501 	  
30.15 	 2 	  1.8451 	  
30.25 	 2 	  1.8403 	  
30.35 	 2 	  1.8358 	  
30.45 	 2 	  1.8315 	  
30.55 	 2 	  1.8274 	  
30.65 	 2 	  1.8236 	  
30.75 	 2 	  1.8201 	  
30.85 	 2 	  1.8169 	  
30.95 	 2 	  1.8139 	  
31.05 	 2 	  1.8112 	  
31.15 	 2 	  1.8088 	  
31.25 	 2 	  1.8067 	  
31.35 	 2 	  1.8048 	  
31.45 	 2 	  1.8033 	  
31.55 	 2 	  1.802 	  
31.65 	 2 	  1.8011 	  
31.75 	 2 	  1.8004 	  
31.85 	 2 	  1.8001 	  
31.95 	 2 	  1.8 	  
32.05 	 2 	  1.8003 	  
32.15 	 2 	  1.8008 	  
32.25 	 2 	  1.8016 	  
32.35 	 2 	  1.8028 	  
32.45 	 2 	  1.8042 	  
32.55 	 2 	  1.8059 	  
32.65 	 2 	  1.808 	  
32.75 	 2 	  1.8103 	  
32.85 	 2 	  1.8129 	  
32.95 	 2 	  1.8157 	  
33.05 	 2 	  1.8189 	  
33.15 	 2 	  1.8223 	  
33.25 	 2 	  1.826 	  
33.35 	 2 	  1.8299 	  
33.45 	 2 	  1.8341 	  
33.55 	 2 	  1.8386 	  
33.65 	 2 	  1.8433 	  
33.75 	 2 	  1.8482 	  
33.85 	 2 	  1.8534 	  
33.95 	 2 	  1.8588 	  
34.05 	 2 	  1.8643 	  
34.15 	 2 	  1.8701 	  
34.25 	 2 	  1.8761 	  
34.35 	 2 	  1.8823 	  
34.45 	 2 	  1.8886 	  
34.55 	 2 	  1.8952 	  
34.65 	 2 	  1.9018 	  
34.75 	 2 	  1.9086 	  
34.85 	 2 	  1.9156 	  
34.95 	 2 	  1.9227 	  
35.05 	 2 	  1.9299 	  
35.15 	 2 	  1.9372 	  
35.25 	 2 	  1.9446 	  
35.35 	 2 	  1.9521 	  
35.45 	 2 	  1.9596 	  
35.55 	 2 	  1.9672 	  
35.65 	 2 	  1.9749 	  
35.75 	 2 	  1.9826 	  
35.85 	 2 	  1.9903 	  
35.95 	 2 	  1.9981 	  
36.05 	 2 	  2.0058 	  
36.15 	 2 	  2.0135 	  
36.25 	 2 	  2.0213 	  
36.35 	 2 	  2.0289 	  
36.45 	 2 	  2.0366 	  
36.55 	 2 	  2.0442 	  
36.65 	 2 	  2.0517 	  
36.75 	 2 	  2.0591 	  
36.85 	 2 	  2.0665 	  
36.95 	 2 	  2.0737 	  
37.05 	 2 	  2.0809 	  
37.15 	 2 	  2.0879 	  
37.25 	 2 	  2.0948 	  
37.35 	 2 	  2.1015 	  
37.45 	 2 	  2.1081 	  
37.55 	 2 	  2.1146 	  
37.65 	 2 	  2.1208 	  
37.75 	 2 	  2.1269 	  
37.85 	 2 	  2.1328 	  
37.95 	 2 	  2.1385 	  
38.05 	 2 	  2.144 	  
38.15 	 2 	  2.1492 	  
38.25 	 2 	  2.1543 	  
38.35 	 2 	  2.1591 	  
38.45 	 2 	  2.1637 	  
38.55 	 2 	  2.168 	  
38.65 	 2 	  2.1721 	  
38.75 	 2 	  2.1759 	  
38.85 	 2 	  2.1794 	  
38.95 	 2 	  2.1827 	  
39.05 	 2 	  2.1857 	  
39.15 	 2 	  2.1885 	  
39.25 	 2 	  2.1909 	  
39.35 	 2 	  2.1931 	  
39.45 	 2 	  2.195 	  
39.55 	 2 	  2.1965 	  
39.65 	 2 	  2.1978 	  
39.75 	 2 	  2.1988 	  
39.85 	 2 	  2.1995 	  
39.95 	 2 	  2.1999 	  
40.05 	 2 	  2.2 	  
40.15 	 2 	  2.1998 	  
40.25 	 2 	  2.1993 	  
40.35 	 2 	  2.1985 	  
40.45 	 2 	  2.1974 	  
40.55 	 2 	  2.196 	  
40.65 	 2 	  2.1943 	  
40.75 	 2 	  2.1923 	  
40.85 	 2 	  2.19 	  
40.95 	 2 	  2.1875 	  
41.05 	 2 	  2.1846 	  
41.15 	 2 	  2.1815 	  
41.25 	 2 	  2.1781 	  
41.35 	 2 	  2.1745 	  
41.45 	 2 	  2.1706 	  
41.55 	 2 	  2.1664 	  
41.65 	 2 	  2.162 	  
41.75 	 2 	  2.1573 	  
41.85 	 2 	  2.1524 	  
41.95 	 2 	  2.1473 	  
42.05 	 2 	  2.1419 	  
42.15 	 2 	  2.1364 	  
42.25 	 2 	  2.1306 	  
42.35 	 2 	  2.1247 	  
42.45 	 2 	  2.1185 	  
42.55 	 2 	  2.1122 	  
42.65 	 2 	  2.1057 	  
42.75 	 2 	  2.099 	  
42.85 	 2 	  2.0922 	  
42.95 	 2 	  2.0853 	  
43.05 	 2 	  2.0782 	  
43.15 	 2 	  2.071 	  
43.25 	 2 	  2.0638 	  
43.35 	 2 	  2.0564 	  
43.45 	 2 	  2.0489 	  
43.55 	 2 	  2.0414 	  
43.65 	 2 	  2.0337 	  
43.75 	 2 	  2.0261 	  
43.85 	 2 	  2.0184 	  
43.95 	 2 	  2.0107 	  
44.05 	 2 	  2.0029 	  
44.15 	 2 	  1.9952 	  
44.25 	 2 	  1.9874 	  
44.35 	 2 	  1.9797 	  
44.45 	 2 	  1.972 	  
44.55 	 2 	  1.9644 	  
44.65 	 2 	  1.9568 	  
44.75 	 2 	  1.9493 	  
44.85 	 2 	  1.9418 	  
44.95 	 2 	  1.9345 	  
45.05 	 2 	  1.9272 	  
45.15 	 2 	  1.92 	  
45.25 	 2 	  1.913 	  
45.35 	 2 	  1.9061 	  
45.45 	 2 	  1.8993 	  
45.55 	 2 	  1.8927 	  
45.65 	 2 	  1.8863 	  
45.75 	 2 	  1.88 	  
45.85 	 2 	  1.8739 	  
45.95 	 2 	  1.868 	  
46.05 	 2 	  1.8622 	  
46.15 	 2 	  1.8567 	  
46.25 	 2 	  1.8514 	  
46.35 	 2 	  1.8464 	  
46.45 	 2 	  1.8415 	  
46.55 	 2 	  1.8369 	  
46.65 	 2 	  1.8326 	  
46.75 	 2 	  1.8284 	  
46.85 	 2 	  1.8246 	  
46.95 	 2 	  1.821 	  
47.05 	 2 	  1.8177 	  
47.15 	 2 	  1.8146 	  
47.25 	 2 	  1.8119 	  
47.35 	 2 	  1.8094 	  
47.45 	 2 	  1.8072 	  
47.55 	 2 	  1.8053 	  
47.65 	 2 	  1.8037 	  
47.75 	 2 	  1.8023 	  
47.85 	 2 	  1.8013 	  
47.95 	 2 	  1.8006 	  
48.05 	 2 	  1.8001 	  
48.15 	 2 	  1.8 	  
48.25 	 2 	  1.8002 	  
48.35 	 2 	  1.8006 	  
48.45 	 2 	  1.8014 	  
48.55 	 2 	  1.8025 	  
48.65 	 2 	  1.8038 	  
48.75 	 2 	  1.8055 	  
48.85 	 2 	  1.8074 	  
48.95 	 2 	  1.8097 	  
49.05 	 2 	  1.8122 	  
49.15 	 2 	  1.815 	  
49.25 	 2 	  1.8181 	  
49.35 	 2 	  1.8214 	  
49.45 	 2 	  1.825 	  
49.55 	 2 	  1.8289 	  
49.65 	 2 	  1.833 	  
49.75 	 2 	  1.8374 	  
49.85 	 2 	  1.8421 	  
49.95 	 2 	  1.8469 	  
50.05 	 2 	  1.852 	  
50.15 	 2 	  1.8574 	  
50.25 	 2 	  1.8629 	  
50.35 	 2 	  1.8686 	  
50.45 	 2 	  1.8746 	  
50.55 	 2 	  1.8807 	  
50.65 	 2 	  1.887 	  
50.75 	 2 	  1.8935 	  
50.85 	 2 	  1.9001 	  
50.95 	 2 	  1.9069 	  
51.05 	 2 	  1.9138 	  
51.15 	 2 	  1.9209 	  
51.25 	 2 	  1.928 	  
51.35 	 2 	  1.9353 	  
51.45 	 2 	  1.9427 	  
51.55 	 2 	  1.9501 	  
51.65 	 2 	  1.9577 	  
51.75 	 2 	  1.9653 	  
51.85 	 2 	  1.9729 	  
51.95 	 2 	  1.9806 	  
52.05 	 2 	  1.9883 	  
52.15 	 2 	  1.9961 	  
52.25 	 2 	  2.0038 	  
52.35 	 2 	  2.0116 	  
52.45 	 2 	  2.0193 	  
52.55 	 2 	  2.027 	  
52.65 	 2 	  2.0346 	  
52.75 	 2 	  2.0422 	  
52.85 	 2 	  2.0498 	  
52.95 	 2 	  2.0572 	  
53.05 	 2 	  2.0646 	  
53.15 	 2 	  2.0719 	  
53.25 	 2 	  2.079 	  
53.35 	 2 	  2.0861 	  
53.45 	 2 	  2.093 	  
53.55 	 2 	  2.0998 	  
53.65 	 2 	  2.1064 	  
53.75 	 2 	  2.1129 	  
53.85 	 2 	  2.1192 	  
53.95 	 2 	  2.1254 	  
54.05 	 2 	  2.1313 	  
54.15 	 2 	  2.137 	  
54.25 	 2 	  2.1426 	  
54.35 	 2 	  2.1479 	  
54.45 	 2 	  2.153 	  
54.55 	 2 	  2.1579 	  
54.65 	 2 	  2.1625 	  
54.75 	 2 	  2.1669 	  
54.85 	 2 	  2.171 	  
54.95 	 2 	  2.1749 	  
55.05 	 2 	  2.1785 	  
55.15 	 2 	  2.1819 	  
55.25 	 2 	  2.185 	  
55.35 	 2 	  2.1878 	  
55.45 	 2 	  2.1903 	  
55.55 	 2 	  2.1925 	  
55.65 	 2 	  2.1945 	  
55.75 	 2 	  2.1962 	  
55.85 	 2 	  2.1975 	  
55.95 	 2 	  2.1986 	  
56.05 	 2 	  2.1994 	  
56.15 	 2 	  2.1998 	  
56.25 	 2 	  2.2 	  
56.35 	 2 	  2.1999 	  
56.45 	 2 	  2.1994 	  
56.55 	 2 	  2.1987 	  
56.65 	 2 	  2.1977 	  
56.75 	 2 	  2.1964 	  
56.85 	 2 	  2.1948 	  
56.95 	 2 	  2.1928 	  
57.05 	 2 	  2.1906 	  
57.15 	 2 	  2.1882 	  
57.25 	 2 	  2.1854 	  
57.35 	 2 	  2.1824 	  
57.45 	 2 	  2.179 	  
57.55 	 2 	  2.1755 	  
57.65 	 2 	  2.1716 	  
57.75 	 2 	  2.1675 	  
57.85 	 2 	  2.1631 	  
57.95 	 2 	  2.1585 	  
58.05 	 2 	  2.1537 	  
58.15 	 2 	  2.1486 	  
58.25 	 2 	  2.1433 	  
58.35 	 2 	  2.1378 	  
58.45 	 2 	  2.1321 	  
58.55 	 2 	  2.1262 	  
58.65 	 2 	  2.1201 	  
58.75 	 2 	  2.1138 	  
58.85 	 2 	  2.1074 	  
58.95 	 2 	  2.1008 	  
59.05 	 2 	  2.094 	  
59.15 	 2 	  2.0871 	  
59.25 	 2 	  2.0801 	  
59.35 	 2 	  2.0729 	  
59.45 	 2 	  2.0656 	  
59.55 	 2 	  2.0583 	  
59.65 	 2 	  2.0508 	  
59.75 	 2 	  2.0433 	  
59.85 	 2 	  2.0357 	  
59.95 	 2 	  2.0281 	  
60.05 	 2 	  2.0204 	  
60.15 	 2 	  2.0127 	  
60.25 	 2 	  2.0049 	  
60.35 	 2 	  1.9972 	  
60.45 	 2 	  1.9894 	  
60.55 	 2 	  1.9817 	  
60.65 	 2 	  1.974 	  
60.75 	 2 	  1.9664 	  
60.85 	 2 	  1.9588 	  
60.95 	 2 	  1.9512 	  
61.05 	 2 	  1.9437 	  
61.15 	 2 	  1.9363 	  
61.25 	 2 	  1.9291 	  
61.35 	 2 	  1.9219 	  
61.45 	 2 	  1.9148 	  
61.55 	 2 	  1.9079 	  
61.65 	 2 	  1.9011 	  
61.75 	 2 	  1.8944 	  
61.85 	 2 	  1.8879 	  
61.95 	 2 	  1.8816 	  
62.05 	 2 	  1.8754 	  
62.15 	 2 	  1.8695 	  
62.25 	 2 	  1.8637 	  
62.35 	 2 	  1.8581 	  
62.45 	 2 	  1.8528 	  
62.55 	 2 	  1.8476 	  
62.65 	 2 	  1.8427 	  
62.75 	 2 	  1.8381 	  
62.85 	 2 	  1.8337 	  
62.95 	 2 	  1.8295 	  
63.05 	 2 	  1.8256 	  
63.15 	 2 	  1.8219 	  
63.25 	 2 	  1.8185 	  
63.35 	 2 	  1.8154 	  
63.45 	 2 	  1.8126 	  
63.55 	 2 	  1.81 	  
63.65 	 2 	  1.8077 	  
63.75 	 2 	  1.8057 	  
63.85 	 2 	  1.804 	  
63.95 	 2 	  1.8026 	  
64.05 	 2 	  1.8015 	  
64.15 	 2 	  1.8007 	  
64.25 	 2 	  1.8002 	  
64.35 	 2 	  1.8 	  
64.45 	 2 	  1.8001 	  
64.55 	 2 	  1.8005 	  
64.65 	 2 	  1.8012 	  
64.75 	 2 	  1.8022 	  
64.85 	 2 	  1.8034 	  
64.95 	 2 	  1.805 	  
65.05 	 2 	  1.8069 	  
65.15 	 2 	  1.8091 	  
65.25 	 2 	  1.8115 	  
65.35 	 2 	  1.8142 	  
65.45 	 2 	  1.8172 	  
65.55 	 2 	  1.8205 	  
65.65 	 2 	  1.8241 	  
65.75 	 2 	  1.8279 	  
65.85 	 2 	  1.832 	  
65.95 	 2 	  1.8363 	  
66.05 	 2 	  1.8409 	  
66.15 	 2 	  1.8457 	  
66.25 	 2 	  1.8507 	  
66.35 	 2 	  1.856 	  
66.45 	 2 	  1.8614 	  
66.55 	 2 	  1.8671 	  
66.65 	 2 	  1.873 	  
66.75 	 2 	  1.8791 	  
66.85 	 2 	  1.8854 	  
66.95 	 2 	  1.8918 	  
67.05 	 2 	  1.8984 	  
67.15 	 2 	  1.9051 	  
67.25 	 2 	  1.912 	  
67.35 	 2 	  1.919 	  
67.45 	 2 	  1.9262 	  
67.55 	 2 	  1.9334 	  
67.65 	 2 	  1.9408 	  
67.75 	 2 	  1.9482 	  
67.85 	 2 	  1.9557 	  
67.95 	 2 	  1.9633 	  
68.05 	 2 	  1.971 	  
68.15 	 2 	  1.9786 	  
68.25 	 2 	  1.9863 	  
68.35 	 2 	  1.9941 	  
68.45 	 2 	  2.0018 	  
68.55 	 2 	  2.0096 	  
68.65 	 2 	  2.0173 	  
68.75 	 2 	  2.025 	  
68.85 	 2 	  2.0327 	  
68.95 	 2 	  2.0403 	  
69.05 	 2 	  2.0478 	  
69.15 	 2 	  2.0553 	  
69.25 	 2 	  2.0627 	  
69.35 	 2 	  2.07 	  
69.45 	 2 	  2.0772 	  
69.55 	 2 	  2.0843 	  
69.65 	 2 	  2.0913 	  
69.75 	 2 	  2.0981 	  
69.85 	 2 	  2.1048 	  
69.95 	 2 	  2.1113 	  
70.05 	 2 	  2.1176 	  
70.15 	 2 	  2.1238 	  
70.25 	 2 	  2.1298 	  
70.35 	 2 	  2.1356 	  
70.45 	 2 	  2.1412 	  
70.55 	 2 	  2.1465 	  
70.65 	 2 	  2.1517 	  
70.75 	 2 	  2.1566 	  
70.85 	 2 	  2.1613 	  
70.95 	 2 	  2.1658 	  
71.05 	 2 	  2.17 	  
71.15 	 2 	  2.1739 	  
71.25 	 2 	  2.1776 	  
71.35 	 2 	  2.1811 	  
71.45 	 2 	  2.1842 	  
71.55 	 2 	  2.1871 	  
71.65 	 2 	  2.1897 	  
71.75 	 2 	  2.192 	  
71.85 	 2 	  2.194 	  
71.95 	 2 	  2.1958 	  
72.05 	 2 	  2.1972 	  
72.15 	 2 	  2.1983 	  
72.25 	 2 	  2.1992 	  
72.35 	 2 	  2.1997 	  
72.45 	 2 	  2.2 	  
72.55 	 2 	  2.1999 	  
72.65 	 2 	  2.1996 	  
72.75 	 2 	  2.1989 	  
72.85 	 2 	  2.198 	  
72.95 	 2 	  2.1967 	  
73.05 	 2 	  2.1952 	  
73.15 	 2 	  2.1934 	  
73.25 	 2 	  2.1912 	  
73.35 	 2 	  2.1888 	  
73.45 	 2 	  2.1861 	  
73.55 	 2 	  2.1832 	  
73.65 	 2 	  2.1799 	  
73.75 	 2 	  2.1764 	  
73.85 	 2 	  2.1726 	  
73.95 	 2 	  2.1686 	  
74.05 	 2 	  2.1643 	  
74.15 	 2 	  2.1597 	  
74.25 	 2 	  2.155 	  
74.35 	 2 	  2.15 	  
74.45 	 2 	  2.1447 	  
74.55 	 2 	  2.1393 	  
74.65 	 2 	  2.1336 	  
74.75 	 2 	  2.1277 	  
74.85 	 2 	  2.1217 	  
74.95 	 2 	  2.1155 	  
75.05 	 2 	  2.1091 	  
75.15 	 2 	  2.1025 	  
75.25 	 2 	  2.0958 	  
75.35 	 2 	  2.0889 	  
75.45 	 2 	  2.0819 	  
75.55 	 2 	  2.0748 	  
75.65 	 2 	  2.0675 	  
75.75 	 2 	  2.0602 	  
75.85 	 2 	  2.0527 	  
75.95 	 2 	  2.0452 	  
76.05 	 2 	  2.0377 	  
76.15 	 2 	  2.03 	  
76.25 	 2 	  2.0224 	  
76.35 	 2 	  2.0146 	  
76.45 	 2 	  2.0069 	  
76.55 	 2 	  1.9992 	  
76.65 	 2 	  1.9914 	  
76.75 	 2 	  1.9837 	  
76.85 	 2 	  1.976 	  
76.95 	 2 	  1.9683 	  
77.05 	 2 	  1.9607 	  
77.15 	 2 	  1.9531 	  
77.25 	 2 	  1.9456 	  
77.35 	 2 	  1.9382 	  
77.45 	 2 	  1.9309 	  
77.55 	 2 	  1.9237 	  
77.65 	 2 	  1.9166 	  
77.75 	 2 	  1.9096 	  
77.85 	 2 	  1.9028 	  
77.95 	 2 	  1.8961 	  
78.05 	 2 	  1.8896 	  
78.15 	 2 	  1.8832 	  
78.25 	 2 	  1.877 	  
78.35 	 2 	  1.871 	  
78.45 	 2 	  1.8652 	  
78.55 	 2 	  1.8595 	  
78.65 	 2 	  1.8541 	  
78.75 	 2 	  1.8489 	  
78.85 	 2 	  1.844 	  
78.95 	 2 	  1.8393 	  
79.05 	 2 	  1.8348 	  
79.15 	 2 	  1.8305 	  
79.25 	 2 	  1.8265 	  
79.35 	 2 	  1.8228 	  
79.45 	 2 	  1.8194 	  
79.55 	 2 	  1.8162 	  
79.65 	 2 	  1.8133 	  
79.75 	 2 	  1.8106 	  
79.85 	 2 	  1.8083 	  
79.95 	 2 	  1.8062 	  
80.05 	 2 	  1.8044 	  
80.15 	 2 	  1.803 	  
80.25 	 2 	  1.8018 	  
80.35 	 2 	  1.8009 	  
80.45 	 2 	  1.8003 	  
80.55 	 2 	  1.8 	  
80.65 	 2 	  1.8 	  
80.75 	 2 	  1.8004 	  
80.85 	 2 	  1.801 	  
80.95 	 2 	  1.8019 	  
81.05 	 2 	  1.8031 	  
81.15 	 2 	  1.8046 	  
81.25 	 2 	  1.8064 	  
81.35 	 2 	  1.8085 	  
81.45 	 2 	  1.8108 	  
81.55 	 2 	  1.8135 	  
81.65 	 2 	  1.8164 	  
81.75 	 2 	  1.8196 	  
81.85 	 2 	  1.8231 	  
81.95 	 2 	  1.8269 	  
82.05 	 2 	  1.8309 	  
82.15 	 2 	  1.8351 	  
82.25 	 2 	  1.8397 	  
82.35 	 2 	  1.8444 	  
82.45 	 2 	  1.8494 	  
82.55 	 2 	  1.8546 	  
82.65 	 2 	  1.86 	  
82.75 	 2 	  1.8657 	  
82.85 	 2 	  1.8715 	  
82.95 	 2 	  1.8775 	  
83.05 	 2 	  1.8837 	  
83.15 	 2 	  1.8901 	  
83.25 	 2 	  1.8967 	  
83.35 	 2 	  1.9034 	  
83.45 	 2 	  1.9102 	  
83.55 	 2 	  1.9172 	  
83.65 	 2 	  1.9243 	  
83.75 	 2 	  1.9315 	  
83.85 	 2 	  1.9389 	  
83.95 	 2 	  1.9463 	  
84.05 	 2 	  1.9538 	  
84.15 	 2 	  1.9614 	  
84.25 	 2 	  1.969 	  
84.35 	 2 	  1.9767 	  
84.45 	 2 	  1.9844 	  
84.55 	 2 	  1.9921 	  
84.65 	 2 	  1.9998 	  
84.75 	 2 	  2.0076 	  
84.85 	 2 	  2.0153 	  
84.95 	 2 	  2.023 	  
85.05 	 2 	  2.0307 	  
85.15 	 2 	  2.0383 	  
85.25 	 2 	  2.0459 	  
85.35 	 2 	  2.0534 	  
85.45 	 2 	  2.0608 	  
85.55 	 2 	  2.0681 	  
85.65 	 2 	  2.0754 	  
85.75 	 2 	  2.0825 	  
85.85 	 2 	  2.0895 	  
85.95 	 2 	  2.0963 	  
86.05 	 2 	  2.1031 	  
86.15 	 2 	  2.1096 	  
86.25 	 2 	  2.116 	  
86.35 	 2 	  2.1222 	  
86.45 	 2 	  2.1283 	  
86.55 	 2 	  2.1341 	  
86.65 	 2 	  2.1398 	  
86.75 	 2 	  2.1452 	  
86.85 	 2 	  2.1504 	  
86.95 	 2 	  2.1554 	  
87.05 	 2 	  2.1602 	  
87.15 	 2 	  2.1647 	  
87.25 	 2 	  2.1689 	  
87.35 	 2 	  2.173 	  
87.45 	 2 	  2.1767 	  
87.55 	 2 	  2.1802 	  
87.65 	 2 	  2.1834 	  
87.75 	 2 	  2.1864 	  
87.85 	 2 	  2.189 	  
87.95 	 2 	  2.1914 	  
88.05 	 2 	  2.1935 	  
88.15 	 2 	  2.1953 	  
88.25 	 2 	  2.1969 	  
88.35 	 2 	  2.1981 	  
88.45 	 2 	  2.199 	  
88.55 	 2 	  2.1996 	  
88.65 	 2 	  2.1999 	  
88.75 	 2 	  2.2 	  
88.85 	 2 	  2.1997 	  
88.95 	 2 	  2.1991 	  
89.05 	 2 	  2.1983 	  
89.15 	 2 	  2.1971 	  
89.25 	 2 	  2.1956 	  
89.35 	 2 	  2.1939 	  
89.45 	 2 	  2.1918 	  
89.55 	 2 	  2.1895 	  
89.65 	 2 	  2.1869 	  
89.75 	 2 	  2.184 	  
89.85 	 2 	  2.1808 	  
89.95 	 2 	  2.1773 	  
90.05 	 2 	  2.1736 	  
90.15 	 2 	  2.1696 	  
90.25 	 2 	  2.1654 	  
90.35 	 2 	  2.1609 	  
90.45 	 2 	  2.1562 	  
90.55 	 2 	  2.1513 	  
90.65 	 2 	  2.1461 	  
90.75 	 2 	  2.1407 	  
90.85 	 2 	  2.1351 	  
90.95 	 2 	  2.1293 	  
91.05 	 2 	  2.1233 	  
91.15 	 2 	  2.1171 	  
91.25 	 2 	  2.1107 	  
91.35 	 2 	  2.1042 	  
91.45 	 2 	  2.0975 	  
91.55 	 2 	  2.0907 	  
91.65 	 2 	  2.0837 	  
91.75 	 2 	  2.0766 	  
91.85 	 2 	  2.0694 	  
91.95 	 2 	  2.0621 	  
92.05 	 2 	  2.0547 	  
92.15 	 2 	  2.0472 	  
92.25 	 2 	  2.0396 	  
92.35 	 2 	  2.032 	  
92.45 	 2 	  2.0243 	  
92.55 	 2 	  2.0166 	  
92.65 	 2 	  2.0089 	  
92.75 	 2 	  2.0012 	  
92.85 	 2 	  1.9934 	  
92.95 	 2 	  1.9857 	  
93.05 	 2 	  1.978 	  
93.15 	 2 	  1.9703 	  
93.25 	 2 	  1.9627 	  
93.35 	 2 	  1.9551 	  
93.45 	 2 	  1.9476 	  
93.55 	 2 	  1.9401 	  
93.65 	 2 	  1.9328 	  
93.75 	 2 	  1.9255 	  
93.85 	 2 	  1.9184 	  
93.95 	 2 	  1.9114 	  
94.05 	 2 	  1.9045 	  
94.15 	 2 	  1.8978 	  
94.25 	 2 	  1.8912 	  
94.35 	 2 	  1.8848 	  
94.45 	 2 	  1.8786 	  
94.55 	 2 	  1.8725 	  
94.65 	 2 	  1.8666 	  
94.75 	 2 	  1.861 	  
94.85 	 2 	  1.8555 	  
94.95 	 2 	  1.8503 	  
95.05 	 2 	  1.8452 	  
95.15 	 2 	  1.8404 	  
95.25 	 2 	  1.8359 	  
95.35 	 2 	  1.8316 	  
95.45 	 2 	  1.8275 	  
95.55 	 2 	  1.8238 	  
95.65 	 2 	  1.8202 	  
95.75 	 2 	  1.817 	  
95.85 	 2 	  1.814 	  
95.95 	 2 	  1.8113 	  
96.05 	 2 	  1.8089 	  
96.15 	 2 	  1.8067 	  
96.25 	 2 	  1.8049 	  
96.35 	 2 	  1.8033 	  
96.45 	 2 	  1.8021 	  
96.55 	 2 	  1.8011 	  
96.65 	 2 	  1.8004 	  
96.75 	 2 	  1.8001 	  
96.85 	 2 	  1.8 	  
96.95 	 2 	  1.8002 	  
97.05 	 2 	  1.8008 	  
97.15 	 2 	  1.8016 	  
97.25 	 2 	  1.8027 	  
97.35 	 2 	  1.8042 	  
97.45 	 2 	  1.8059 	  
97.55 	 2 	  1.8079 	  
97.65 	 2 	  1.8102 	  
97.75 	 2 	  1.8128 	  
97.85 	 2 	  1.8157 	  
97.95 	 2 	  1.8188 	  
98.05 	 2 	  1.8222 	  
98.15 	 2 	  1.8259 	  
98.25 	 2 	  1.8298 	  
98.35 	 2 	  1.834 	  
98.45 	 2 	  1.8385 	  
98.55 	 2 	  1.8432 	  
98.65 	 2 	  1.8481 	  
98.75 	 2 	  1.8532 	  
98.85 	 2 	  1.8586 	  
98.95 	 2 	  1.8642 	  
99.05 	 2 	  1.87 	  
99.15 	 2 	  1.8759 	  
99.25 	 2 	  1.8821 	  
99.35 	 2 	  1.8885 	  
99.45 	 2 	  1.895 	  
99.55 	 2 	  1.9016 	  
99.65 	 2 	  1.9085 	  
99.75 	 2 	  1.9154 	  
99.85 	 2 	  1.9225 	  
99.95 	 2 	  1.9297 	  
100.05 	 2 	  1.937 	  
100.15 	 2 	  1.9444 	  
100.25 	 1.9999 	  1.9519 	  
100.35 	 1.9999 	  1.9594 	  
100.45 	 1.9999 	  1.967 	  
100.55 	 1.9999 	  1.9747 	  
100.65 	 1.9999 	  1.9824 	  
100.75 	 1.9999 	  1.9901 	  
100.85 	 1.9999 	  1.9978 	  
100.95 	 1.9999 	  2.0056 	  
101.05 	 1.9999 	  2.0133 	  
101.15 	 1.9999 	  2.021 	  
101.25 	 1.9999 	  2.0287 	  
101.35 	 1.9999 	  2.0364 	  
101.45 	 1.9999 	  2.044 	  
101.55 	 1.9999 	  2.0515 	  
101.65 	 1.9999 	  2.0589 	  
101.75 	 1.9999 	  2.0663 	  
101.85 	 1.9999 	  2.0735 	  
101.95 	 1.9999 	  2.0807 	  
102.05 	 1.9999 	  2.0877 	  
102.15 	 1.9999 	  2.0946 	  
102.25 	 1.9999 	  2.1013 	  
102.35 	 1.9999 	  2.1079 	  
102.45 	 1.9999 	  2.1144 	  
102.55 	 1.9999 	  2.1206 	  
102.65 	 1.9999 	  2.1267 	  
102.75 	 1.9999 	  2.1326 	  
102.85 	 1.9999 	  2.1383 	  
102.95 	 1.9999 	  2.1438 	  
103.05 	 1.9999 	  2.1491 	  
103.15 	 1.9999 	  2.1541 	  
103.25 	 1.9999 	  2.159 	  
103.35 	 1.9999 	  2.1635 	  
103.45 	 1.9999 	  2.1679 	  
103.55 	 1.9999 	  2.1719 	  
103.65 	 1.9999 	  2.1758 	  
103.75 	 1.9999 	  2.1793 	  
103.85 	 1.9999 	  2.1826 	  
103.95 	 1.9999 	  2.1856 	  
104.05 	 1.9999 	  2.1884 	  
104.15 	 1.9999 	  2.1908 	  
104.25 	 1.9999 	  2.193 	  
104.35 	 1.9999 	  2.1949 	  
104.45 	 1.9999 	  2.1965 	  
104.55 	 1.9999 	  2.1978 	  
104.65 	 1.9999 	  2.1988 	  
104.75 	 1.9999 	  2.1995 	  
104.85 	 1.9999 	  2.1999 	  
104.95 	 1.9999 	  2.2 	  
105.05 	 1.9999 	  2.1998 	  
105.15 	 1.9999 	  2.1993 	  
105.25 	 1.9999 	  2.1985 	  
105.35 	 1.9999 	  2.1974 	  
105.45 	 1.9999 	  2.196 	  
105.55 	 1.9999 	  2.1943 	  
105.65 	 1.9999 	  2.1924 	  
105.75 	 1.9999 	  2.1901 	  
105.85 	 1.9999 	  2.1876 	  
105.95 	 1.9999 	  2.1847 	  
106.05 	 1.9999 	  2.1816 	  
106.15 	 1.9999 	  2.1782 	  
106.25 	 1.9999 	  2.1746 	  
106.35 	 1.9999 	  2.1707 	  
106.45 	 1.9999 	  2.1665 	  
106.55 	 1.9999 	  2.1621 	  
106.65 	 1.9999 	  2.1575 	  
106.75 	 1.9999 	  2.1526 	  
106.85 	 1.9999 	  2.1474 	  
106.95 	 1.9999 	  2.1421 	  
107.05 	 1.9999 	  2.1365 	  
107.15 	 1.9999 	  2.1308 	  
107.25 	 1.9999 	  2.1248 	  
107.35 	 1.9999 	  2.1187 	  
107.45 	 1.9999 	  2.1124 	  
107.55 	 1.9999 	  2.1059 	  
107.65 	 1.9999 	  2.0992 	  
107.75 	 1.9999 	  2.0924 	  
107.85 	 1.9999 	  2.0855 	  
107.95 	 1.9999 	  2.0784 	  
108.05 	 1.9999 	  2.0713 	  
108.15 	 1.9999 	  2.064 	  
108.25 	 2 	  2.0566 	  
108.35 	 2 	  2.0491 	  
108.45 	 2 	  2.0416 	  
108.55 	 2 	  2.034 	  
108.65 	 2 	  2.0263 	  
108.75 	 2 	  2.0186 	  
108.85 	 2 	  2.0109 	  
108.95 	 2 	  2.0031 	  
