simtime:  1.0426
number of wsf-lines:  1

line_No     y_coord
1	 1.5
2	  Wave Theory 


X 1	 P 1 	 	 	 	 W 1

0.05 	 1.8 	  1.8002 	  
0.15 	 1.8 	  1.8 	  
0.25 	 1.8004 	  1.8001 	  
0.35 	 1.801 	  1.8005 	  
0.45 	 1.8019 	  1.8012 	  
0.55 	 1.803 	  1.8021 	  
0.65 	 1.8045 	  1.8034 	  
0.75 	 1.8063 	  1.805 	  
0.85 	 1.8084 	  1.8068 	  
0.95 	 1.8107 	  1.809 	  
1.05 	 1.8133 	  1.8114 	  
1.15 	 1.8162 	  1.8142 	  
1.25 	 1.8194 	  1.8172 	  
1.35 	 1.8228 	  1.8204 	  
1.45 	 1.8265 	  1.824 	  
1.55 	 1.8304 	  1.8278 	  
1.65 	 1.8346 	  1.8318 	  
1.75 	 1.8391 	  1.8362 	  
1.85 	 1.8438 	  1.8407 	  
1.95 	 1.8487 	  1.8455 	  
2.05 	 1.8538 	  1.8506 	  
2.15 	 1.8592 	  1.8558 	  
2.25 	 1.8647 	  1.8613 	  
2.35 	 1.8705 	  1.867 	  
2.45 	 1.8764 	  1.8729 	  
2.55 	 1.8826 	  1.8789 	  
2.65 	 1.8889 	  1.8852 	  
2.75 	 1.8954 	  1.8916 	  
2.85 	 1.902 	  1.8982 	  
2.95 	 1.9088 	  1.9049 	  
3.05 	 1.9157 	  1.9118 	  
3.15 	 1.9227 	  1.9188 	  
3.25 	 1.9299 	  1.926 	  
3.35 	 1.9371 	  1.9332 	  
3.45 	 1.9445 	  1.9406 	  
3.55 	 1.9519 	  1.948 	  
3.65 	 1.9594 	  1.9555 	  
3.75 	 1.9669 	  1.9631 	  
3.85 	 1.9745 	  1.9707 	  
3.95 	 1.9821 	  1.9784 	  
4.05 	 1.9898 	  1.9861 	  
4.15 	 1.9974 	  1.9939 	  
4.25 	 2.0051 	  2.0016 	  
4.35 	 2.0128 	  2.0094 	  
4.45 	 2.0204 	  2.0171 	  
4.55 	 2.028 	  2.0248 	  
4.65 	 2.0356 	  2.0325 	  
4.75 	 2.0431 	  2.0401 	  
4.85 	 2.0505 	  2.0476 	  
4.95 	 2.0578 	  2.0551 	  
5.05 	 2.0651 	  2.0625 	  
5.15 	 2.0722 	  2.0698 	  
5.25 	 2.0793 	  2.077 	  
5.35 	 2.0862 	  2.0841 	  
5.45 	 2.0931 	  2.0911 	  
5.55 	 2.0998 	  2.0979 	  
5.65 	 2.1063 	  2.1046 	  
5.75 	 2.1127 	  2.1111 	  
5.85 	 2.1189 	  2.1175 	  
5.95 	 2.1249 	  2.1236 	  
6.05 	 2.1308 	  2.1296 	  
6.15 	 2.1365 	  2.1354 	  
6.25 	 2.1419 	  2.141 	  
6.35 	 2.1472 	  2.1464 	  
6.45 	 2.1523 	  2.1516 	  
6.55 	 2.1571 	  2.1565 	  
6.65 	 2.1617 	  2.1612 	  
6.75 	 2.1661 	  2.1657 	  
6.85 	 2.1703 	  2.1699 	  
6.95 	 2.1742 	  2.1738 	  
7.05 	 2.1779 	  2.1775 	  
7.15 	 2.1813 	  2.181 	  
7.25 	 2.1845 	  2.1841 	  
7.35 	 2.1874 	  2.187 	  
7.45 	 2.1901 	  2.1896 	  
7.55 	 2.1925 	  2.1919 	  
7.65 	 2.1946 	  2.194 	  
7.75 	 2.1965 	  2.1957 	  
7.85 	 2.1981 	  2.1972 	  
7.95 	 2.1994 	  2.1983 	  
8.05 	 2.2005 	  2.1992 	  
8.15 	 2.2012 	  2.1997 	  
8.25 	 2.2017 	  2.2 	  
8.35 	 2.2018 	  2.1999 	  
8.45 	 2.2017 	  2.1996 	  
8.55 	 2.2013 	  2.199 	  
8.65 	 2.2006 	  2.198 	  
8.75 	 2.1996 	  2.1968 	  
8.85 	 2.1983 	  2.1952 	  
8.95 	 2.1967 	  2.1934 	  
9.05 	 2.1948 	  2.1913 	  
9.15 	 2.1926 	  2.1889 	  
9.25 	 2.1901 	  2.1862 	  
9.35 	 2.1873 	  2.1832 	  
9.45 	 2.1841 	  2.18 	  
9.55 	 2.1807 	  2.1765 	  
9.65 	 2.177 	  2.1727 	  
9.75 	 2.1731 	  2.1687 	  
9.85 	 2.1688 	  2.1644 	  
9.95 	 2.1643 	  2.1599 	  
10.05 	 2.1595 	  2.1551 	  
10.15 	 2.1544 	  2.1501 	  
10.25 	 2.149 	  2.1449 	  
10.35 	 2.1434 	  2.1394 	  
10.45 	 2.1375 	  2.1338 	  
10.55 	 2.1314 	  2.1279 	  
10.65 	 2.1249 	  2.1219 	  
10.75 	 2.1182 	  2.1156 	  
10.85 	 2.1111 	  2.1092 	  
10.95 	 2.1038 	  2.1027 	  
11.05 	 2.0962 	  2.0959 	  
11.15 	 2.0884 	  2.0891 	  
11.25 	 2.0804 	  2.0821 	  
11.35 	 2.0721 	  2.0749 	  
11.45 	 2.0637 	  2.0677 	  
11.55 	 2.0551 	  2.0604 	  
11.65 	 2.0464 	  2.0529 	  
11.75 	 2.0375 	  2.0454 	  
11.85 	 2.0286 	  2.0379 	  
11.95 	 2.0198 	  2.0302 	  
12.05 	 2.011 	  2.0226 	  
12.15 	 2.0023 	  2.0149 	  
12.25 	 1.9937 	  2.0071 	  
12.35 	 1.9853 	  1.9994 	  
12.45 	 1.9772 	  1.9916 	  
12.55 	 1.9694 	  1.9839 	  
12.65 	 1.9619 	  1.9762 	  
12.75 	 1.9549 	  1.9685 	  
12.85 	 1.9483 	  1.9609 	  
12.95 	 1.9423 	  1.9533 	  
13.05 	 1.9367 	  1.9458 	  
13.15 	 1.9317 	  1.9384 	  
13.25 	 1.9271 	  1.9311 	  
13.35 	 1.9232 	  1.9239 	  
13.45 	 1.9197 	  1.9168 	  
13.55 	 1.9168 	  1.9098 	  
13.65 	 1.9145 	  1.903 	  
13.75 	 1.9126 	  1.8963 	  
13.85 	 1.9113 	  1.8897 	  
13.95 	 1.9104 	  1.8834 	  
14.05 	 1.9101 	  1.8772 	  
14.15 	 1.9101 	  1.8711 	  
14.25 	 1.9105 	  1.8653 	  
14.35 	 1.9113 	  1.8597 	  
14.45 	 1.9125 	  1.8543 	  
14.55 	 1.9139 	  1.8491 	  
14.65 	 1.9156 	  1.8441 	  
14.75 	 1.9176 	  1.8394 	  
14.85 	 1.9197 	  1.8349 	  
14.95 	 1.9221 	  1.8306 	  
15.05 	 1.9245 	  1.8266 	  
15.15 	 1.9271 	  1.8229 	  
15.25 	 1.9298 	  1.8195 	  
15.35 	 1.9325 	  1.8163 	  
15.45 	 1.9353 	  1.8133 	  
15.55 	 1.9381 	  1.8107 	  
15.65 	 1.9409 	  1.8083 	  
15.75 	 1.9436 	  1.8063 	  
15.85 	 1.9464 	  1.8045 	  
15.95 	 1.949 	  1.803 	  
16.05 	 1.9516 	  1.8018 	  
16.15 	 1.9541 	  1.8009 	  
16.25 	 1.9565 	  1.8003 	  
16.35 	 1.9589 	  1.8 	  
16.45 	 1.9611 	  1.8 	  
16.55 	 1.9632 	  1.8003 	  
16.65 	 1.9653 	  1.8009 	  
16.75 	 1.9672 	  1.8019 	  
16.85 	 1.9691 	  1.8031 	  
16.95 	 1.9709 	  1.8045 	  
17.05 	 1.9725 	  1.8063 	  
17.15 	 1.9741 	  1.8084 	  
17.25 	 1.9756 	  1.8108 	  
17.35 	 1.977 	  1.8134 	  
17.45 	 1.9783 	  1.8164 	  
17.55 	 1.9796 	  1.8196 	  
17.65 	 1.9807 	  1.823 	  
17.75 	 1.9818 	  1.8268 	  
17.85 	 1.9829 	  1.8308 	  
17.95 	 1.9839 	  1.835 	  
18.05 	 1.9848 	  1.8395 	  
18.15 	 1.9857 	  1.8443 	  
18.25 	 1.9865 	  1.8492 	  
18.35 	 1.9873 	  1.8544 	  
18.45 	 1.9881 	  1.8599 	  
18.55 	 1.9888 	  1.8655 	  
18.65 	 1.9894 	  1.8713 	  
18.75 	 1.9901 	  1.8774 	  
18.85 	 1.9907 	  1.8836 	  
18.95 	 1.9912 	  1.8899 	  
19.05 	 1.9917 	  1.8965 	  
19.15 	 1.9922 	  1.9032 	  
19.25 	 1.9927 	  1.91 	  
19.35 	 1.9931 	  1.917 	  
19.45 	 1.9935 	  1.9241 	  
19.55 	 1.9939 	  1.9314 	  
19.65 	 1.9943 	  1.9387 	  
19.75 	 1.9946 	  1.9461 	  
19.85 	 1.995 	  1.9536 	  
19.95 	 1.9953 	  1.9612 	  
20.05 	 1.9955 	  1.9688 	  
20.15 	 1.9958 	  1.9764 	  
20.25 	 1.9961 	  1.9842 	  
20.35 	 1.9963 	  1.9919 	  
20.45 	 1.9965 	  1.9996 	  
20.55 	 1.9967 	  2.0074 	  
20.65 	 1.9969 	  2.0151 	  
20.75 	 1.9971 	  2.0228 	  
20.85 	 1.9973 	  2.0305 	  
20.95 	 1.9975 	  2.0381 	  
21.05 	 1.9976 	  2.0457 	  
21.15 	 1.9978 	  2.0532 	  
21.25 	 1.9979 	  2.0606 	  
21.35 	 1.998 	  2.068 	  
21.45 	 1.9982 	  2.0752 	  
21.55 	 1.9983 	  2.0823 	  
21.65 	 1.9984 	  2.0893 	  
21.75 	 1.9985 	  2.0962 	  
21.85 	 1.9986 	  2.1029 	  
21.95 	 1.9987 	  2.1094 	  
22.05 	 1.9988 	  2.1158 	  
22.15 	 1.9988 	  2.1221 	  
22.25 	 1.9989 	  2.1281 	  
22.35 	 1.999 	  2.134 	  
22.45 	 1.999 	  2.1396 	  
22.55 	 1.9991 	  2.145 	  
22.65 	 1.9992 	  2.1503 	  
22.75 	 1.9992 	  2.1553 	  
22.85 	 1.9993 	  2.16 	  
22.95 	 1.9993 	  2.1646 	  
23.05 	 1.9993 	  2.1688 	  
23.15 	 1.9994 	  2.1729 	  
23.25 	 1.9994 	  2.1766 	  
23.35 	 1.9995 	  2.1801 	  
23.45 	 1.9995 	  2.1833 	  
23.55 	 1.9995 	  2.1863 	  
23.65 	 1.9996 	  2.189 	  
23.75 	 1.9996 	  2.1914 	  
23.85 	 1.9996 	  2.1935 	  
23.95 	 1.9996 	  2.1953 	  
24.05 	 1.9997 	  2.1968 	  
24.15 	 1.9997 	  2.198 	  
24.25 	 1.9997 	  2.199 	  
24.35 	 1.9997 	  2.1996 	  
24.45 	 1.9997 	  2.1999 	  
24.55 	 1.9998 	  2.2 	  
24.65 	 1.9998 	  2.1997 	  
24.75 	 1.9998 	  2.1991 	  
24.85 	 1.9998 	  2.1983 	  
24.95 	 1.9998 	  2.1971 	  
25.05 	 1.9998 	  2.1957 	  
25.15 	 1.9998 	  2.1939 	  
25.25 	 1.9998 	  2.1919 	  
25.35 	 1.9999 	  2.1895 	  
25.45 	 1.9999 	  2.1869 	  
25.55 	 1.9999 	  2.184 	  
25.65 	 1.9999 	  2.1809 	  
25.75 	 1.9999 	  2.1774 	  
25.85 	 1.9999 	  2.1737 	  
25.95 	 1.9999 	  2.1698 	  
26.05 	 1.9999 	  2.1655 	  
26.15 	 1.9999 	  2.1611 	  
26.25 	 1.9999 	  2.1564 	  
26.35 	 1.9999 	  2.1514 	  
26.45 	 1.9999 	  2.1462 	  
26.55 	 1.9999 	  2.1408 	  
26.65 	 1.9999 	  2.1352 	  
26.75 	 1.9999 	  2.1294 	  
26.85 	 1.9999 	  2.1234 	  
26.95 	 1.9999 	  2.1172 	  
27.05 	 2 	  2.1109 	  
27.15 	 2 	  2.1044 	  
27.25 	 2 	  2.0977 	  
27.35 	 2 	  2.0908 	  
27.45 	 2 	  2.0839 	  
27.55 	 2 	  2.0768 	  
27.65 	 2 	  2.0696 	  
27.75 	 2 	  2.0623 	  
27.85 	 2 	  2.0549 	  
27.95 	 2 	  2.0474 	  
28.05 	 2 	  2.0398 	  
28.15 	 2 	  2.0322 	  
28.25 	 2 	  2.0245 	  
28.35 	 2 	  2.0168 	  
28.45 	 2 	  2.0091 	  
28.55 	 2 	  2.0014 	  
28.65 	 2 	  1.9936 	  
28.75 	 2 	  1.9859 	  
28.85 	 2 	  1.9782 	  
28.95 	 2 	  1.9705 	  
29.05 	 2 	  1.9629 	  
29.15 	 2 	  1.9553 	  
29.25 	 2 	  1.9478 	  
29.35 	 2 	  1.9403 	  
29.45 	 2 	  1.933 	  
29.55 	 2 	  1.9257 	  
29.65 	 2 	  1.9186 	  
29.75 	 2 	  1.9116 	  
29.85 	 2 	  1.9047 	  
29.95 	 2 	  1.898 	  
30.05 	 2 	  1.8914 	  
30.15 	 2 	  1.885 	  
30.25 	 2 	  1.8787 	  
30.35 	 2 	  1.8727 	  
30.45 	 2 	  1.8668 	  
30.55 	 2 	  1.8611 	  
30.65 	 2 	  1.8556 	  
30.75 	 2 	  1.8504 	  
30.85 	 2 	  1.8454 	  
30.95 	 2 	  1.8406 	  
31.05 	 2 	  1.836 	  
31.15 	 2 	  1.8317 	  
31.25 	 2 	  1.8277 	  
31.35 	 2 	  1.8239 	  
31.45 	 2 	  1.8203 	  
31.55 	 2 	  1.8171 	  
31.65 	 2 	  1.8141 	  
31.75 	 2 	  1.8113 	  
31.85 	 2 	  1.8089 	  
31.95 	 2 	  1.8068 	  
32.05 	 2 	  1.8049 	  
32.15 	 2 	  1.8034 	  
32.25 	 2 	  1.8021 	  
32.35 	 2 	  1.8011 	  
32.45 	 2 	  1.8005 	  
32.55 	 2 	  1.8001 	  
32.65 	 2 	  1.8 	  
32.75 	 2 	  1.8002 	  
32.85 	 2 	  1.8008 	  
32.95 	 2 	  1.8016 	  
33.05 	 2 	  1.8027 	  
33.15 	 2 	  1.8041 	  
33.25 	 2 	  1.8058 	  
33.35 	 2 	  1.8079 	  
33.45 	 2 	  1.8101 	  
33.55 	 2 	  1.8127 	  
33.65 	 2 	  1.8156 	  
33.75 	 2 	  1.8187 	  
33.85 	 2 	  1.8221 	  
33.95 	 2 	  1.8258 	  
34.05 	 2 	  1.8297 	  
34.15 	 2 	  1.8339 	  
34.25 	 2 	  1.8383 	  
34.35 	 2 	  1.843 	  
34.45 	 2 	  1.8479 	  
34.55 	 2 	  1.8531 	  
34.65 	 2 	  1.8585 	  
34.75 	 2 	  1.864 	  
34.85 	 2 	  1.8698 	  
34.95 	 2 	  1.8758 	  
35.05 	 2 	  1.8819 	  
35.15 	 2 	  1.8883 	  
35.25 	 2 	  1.8948 	  
35.35 	 2 	  1.9015 	  
35.45 	 2 	  1.9083 	  
35.55 	 2 	  1.9152 	  
35.65 	 2 	  1.9223 	  
35.75 	 2 	  1.9295 	  
35.85 	 2 	  1.9368 	  
35.95 	 2 	  1.9442 	  
36.05 	 2 	  1.9517 	  
36.15 	 2 	  1.9592 	  
36.25 	 2 	  1.9668 	  
36.35 	 2 	  1.9745 	  
36.45 	 2 	  1.9822 	  
36.55 	 2 	  1.9899 	  
36.65 	 2 	  1.9976 	  
36.75 	 2 	  2.0054 	  
36.85 	 2 	  2.0131 	  
36.95 	 2 	  2.0208 	  
37.05 	 2 	  2.0285 	  
37.15 	 2 	  2.0362 	  
37.25 	 2 	  2.0437 	  
37.35 	 2 	  2.0513 	  
37.45 	 2 	  2.0587 	  
37.55 	 2 	  2.0661 	  
37.65 	 2 	  2.0733 	  
37.75 	 2 	  2.0805 	  
37.85 	 2 	  2.0875 	  
37.95 	 2 	  2.0944 	  
38.05 	 2 	  2.1012 	  
38.15 	 2 	  2.1078 	  
38.25 	 2 	  2.1142 	  
38.35 	 2 	  2.1205 	  
38.45 	 2 	  2.1266 	  
38.55 	 2 	  2.1325 	  
38.65 	 2 	  2.1382 	  
38.75 	 2 	  2.1437 	  
38.85 	 2 	  2.1489 	  
38.95 	 2 	  2.154 	  
39.05 	 2 	  2.1588 	  
39.15 	 2 	  2.1634 	  
39.25 	 2 	  2.1678 	  
39.35 	 2 	  2.1718 	  
39.45 	 2 	  2.1757 	  
39.55 	 2 	  2.1792 	  
39.65 	 2 	  2.1825 	  
39.75 	 2 	  2.1856 	  
39.85 	 2 	  2.1883 	  
39.95 	 2 	  2.1908 	  
40.05 	 2 	  2.193 	  
40.15 	 2 	  2.1949 	  
40.25 	 2 	  2.1965 	  
40.35 	 2 	  2.1978 	  
40.45 	 2 	  2.1988 	  
40.55 	 2 	  2.1995 	  
40.65 	 2 	  2.1999 	  
40.75 	 2 	  2.2 	  
40.85 	 2 	  2.1998 	  
40.95 	 2 	  2.1993 	  
41.05 	 2 	  2.1985 	  
41.15 	 2 	  2.1974 	  
41.25 	 2 	  2.1961 	  
41.35 	 2 	  2.1944 	  
41.45 	 2 	  2.1924 	  
41.55 	 2 	  2.1902 	  
41.65 	 2 	  2.1876 	  
41.75 	 2 	  2.1848 	  
41.85 	 2 	  2.1817 	  
41.95 	 2 	  2.1783 	  
42.05 	 2 	  2.1747 	  
42.15 	 2 	  2.1708 	  
42.25 	 2 	  2.1666 	  
42.35 	 2 	  2.1622 	  
42.45 	 2 	  2.1576 	  
42.55 	 2 	  2.1527 	  
42.65 	 2 	  2.1476 	  
42.75 	 2 	  2.1422 	  
42.85 	 2 	  2.1367 	  
42.95 	 2 	  2.1309 	  
43.05 	 2 	  2.125 	  
43.15 	 2 	  2.1189 	  
43.25 	 2 	  2.1125 	  
43.35 	 2 	  2.1061 	  
43.45 	 2 	  2.0994 	  
43.55 	 2 	  2.0926 	  
43.65 	 2 	  2.0857 	  
43.75 	 2 	  2.0786 	  
43.85 	 2 	  2.0714 	  
43.95 	 2 	  2.0642 	  
44.05 	 2 	  2.0568 	  
44.15 	 2 	  2.0493 	  
44.25 	 2 	  2.0418 	  
44.35 	 2 	  2.0342 	  
44.45 	 2 	  2.0265 	  
44.55 	 2 	  2.0188 	  
44.65 	 2 	  2.0111 	  
44.75 	 2 	  2.0034 	  
44.85 	 2 	  1.9956 	  
44.95 	 2 	  1.9879 	  
45.05 	 2 	  1.9802 	  
45.15 	 2 	  1.9725 	  
45.25 	 2 	  1.9648 	  
45.35 	 2 	  1.9572 	  
45.45 	 2 	  1.9497 	  
45.55 	 2 	  1.9422 	  
45.65 	 2 	  1.9349 	  
45.75 	 2 	  1.9276 	  
45.85 	 2 	  1.9204 	  
45.95 	 2 	  1.9134 	  
46.05 	 2 	  1.9065 	  
46.15 	 2 	  1.8997 	  
46.25 	 2 	  1.8931 	  
46.35 	 2 	  1.8866 	  
46.45 	 2 	  1.8803 	  
46.55 	 2 	  1.8742 	  
46.65 	 2 	  1.8683 	  
46.75 	 2 	  1.8626 	  
46.85 	 2 	  1.857 	  
46.95 	 2 	  1.8517 	  
47.05 	 2 	  1.8466 	  
47.15 	 2 	  1.8418 	  
47.25 	 2 	  1.8372 	  
47.35 	 2 	  1.8328 	  
47.45 	 2 	  1.8287 	  
47.55 	 2 	  1.8248 	  
47.65 	 2 	  1.8212 	  
47.75 	 2 	  1.8179 	  
47.85 	 2 	  1.8148 	  
47.95 	 2 	  1.812 	  
48.05 	 2 	  1.8095 	  
48.15 	 2 	  1.8073 	  
48.25 	 2 	  1.8054 	  
48.35 	 2 	  1.8037 	  
48.45 	 2 	  1.8024 	  
48.55 	 2 	  1.8013 	  
48.65 	 2 	  1.8006 	  
48.75 	 2 	  1.8001 	  
48.85 	 2 	  1.8 	  
48.95 	 2 	  1.8002 	  
49.05 	 2 	  1.8006 	  
49.15 	 2 	  1.8014 	  
49.25 	 2 	  1.8024 	  
49.35 	 2 	  1.8037 	  
49.45 	 2 	  1.8054 	  
49.55 	 2 	  1.8073 	  
49.65 	 2 	  1.8095 	  
49.75 	 2 	  1.812 	  
49.85 	 2 	  1.8148 	  
49.95 	 2 	  1.8179 	  
50.05 	 2 	  1.8212 	  
50.15 	 2 	  1.8248 	  
50.25 	 2 	  1.8287 	  
50.35 	 2 	  1.8328 	  
50.45 	 2 	  1.8372 	  
50.55 	 2 	  1.8418 	  
50.65 	 2 	  1.8467 	  
50.75 	 2 	  1.8517 	  
50.85 	 2 	  1.8571 	  
50.95 	 2 	  1.8626 	  
51.05 	 2 	  1.8683 	  
51.15 	 2 	  1.8742 	  
51.25 	 2 	  1.8803 	  
51.35 	 2 	  1.8866 	  
51.45 	 2 	  1.8931 	  
51.55 	 2 	  1.8997 	  
51.65 	 2 	  1.9065 	  
51.75 	 2 	  1.9134 	  
51.85 	 2 	  1.9205 	  
51.95 	 2 	  1.9276 	  
52.05 	 2 	  1.9349 	  
52.15 	 2 	  1.9423 	  
52.25 	 2 	  1.9497 	  
52.35 	 2 	  1.9573 	  
52.45 	 2 	  1.9649 	  
52.55 	 2 	  1.9725 	  
52.65 	 2 	  1.9802 	  
52.75 	 2 	  1.9879 	  
52.85 	 2 	  1.9956 	  
52.95 	 2 	  2.0034 	  
53.05 	 2 	  2.0111 	  
53.15 	 2 	  2.0189 	  
53.25 	 2 	  2.0265 	  
53.35 	 2 	  2.0342 	  
53.45 	 2 	  2.0418 	  
53.55 	 2 	  2.0493 	  
53.65 	 2 	  2.0568 	  
53.75 	 2 	  2.0642 	  
53.85 	 2 	  2.0715 	  
53.95 	 2 	  2.0787 	  
54.05 	 2 	  2.0857 	  
54.15 	 2 	  2.0926 	  
54.25 	 2 	  2.0994 	  
54.35 	 2 	  2.1061 	  
54.45 	 2 	  2.1126 	  
54.55 	 2 	  2.1189 	  
54.65 	 2 	  2.125 	  
54.75 	 2 	  2.131 	  
54.85 	 2 	  2.1367 	  
54.95 	 2 	  2.1423 	  
55.05 	 2 	  2.1476 	  
55.15 	 2 	  2.1527 	  
55.25 	 2 	  2.1576 	  
55.35 	 2 	  2.1623 	  
55.45 	 2 	  2.1667 	  
55.55 	 2 	  2.1708 	  
55.65 	 2 	  2.1747 	  
55.75 	 2 	  2.1784 	  
55.85 	 2 	  2.1817 	  
55.95 	 2 	  2.1848 	  
56.05 	 2 	  2.1876 	  
56.15 	 2 	  2.1902 	  
56.25 	 2 	  2.1924 	  
56.35 	 2 	  2.1944 	  
56.45 	 2 	  2.1961 	  
56.55 	 2 	  2.1975 	  
56.65 	 2 	  2.1985 	  
56.75 	 2 	  2.1993 	  
56.85 	 2 	  2.1998 	  
56.95 	 2 	  2.2 	  
57.05 	 2 	  2.1999 	  
57.15 	 2 	  2.1995 	  
57.25 	 2 	  2.1988 	  
57.35 	 2 	  2.1978 	  
57.45 	 2 	  2.1964 	  
57.55 	 2 	  2.1948 	  
57.65 	 2 	  2.193 	  
57.75 	 2 	  2.1908 	  
57.85 	 2 	  2.1883 	  
57.95 	 2 	  2.1856 	  
58.05 	 2 	  2.1825 	  
58.15 	 2 	  2.1792 	  
58.25 	 2 	  2.1757 	  
58.35 	 2 	  2.1718 	  
58.45 	 2 	  2.1677 	  
58.55 	 2 	  2.1634 	  
58.65 	 2 	  2.1588 	  
58.75 	 2 	  2.154 	  
58.85 	 2 	  2.1489 	  
58.95 	 2 	  2.1436 	  
59.05 	 2 	  2.1381 	  
59.15 	 2 	  2.1324 	  
59.25 	 2 	  2.1265 	  
59.35 	 2 	  2.1205 	  
59.45 	 2 	  2.1142 	  
59.55 	 2 	  2.1077 	  
59.65 	 2 	  2.1011 	  
59.75 	 2 	  2.0944 	  
59.85 	 2 	  2.0875 	  
59.95 	 2 	  2.0805 	  
60.05 	 2 	  2.0733 	  
60.15 	 2 	  2.066 	  
60.25 	 2 	  2.0587 	  
60.35 	 2 	  2.0512 	  
60.45 	 2 	  2.0437 	  
60.55 	 2 	  2.0361 	  
60.65 	 2 	  2.0285 	  
60.75 	 2 	  2.0208 	  
60.85 	 2 	  2.0131 	  
60.95 	 2 	  2.0053 	  
61.05 	 2 	  1.9976 	  
61.15 	 2 	  1.9899 	  
61.25 	 2 	  1.9821 	  
61.35 	 2 	  1.9744 	  
61.45 	 2 	  1.9668 	  
61.55 	 2 	  1.9592 	  
61.65 	 2 	  1.9516 	  
61.75 	 2 	  1.9441 	  
61.85 	 2 	  1.9368 	  
61.95 	 2 	  1.9295 	  
62.05 	 2 	  1.9223 	  
62.15 	 2 	  1.9152 	  
62.25 	 2 	  1.9082 	  
62.35 	 2 	  1.9014 	  
62.45 	 2 	  1.8948 	  
62.55 	 2 	  1.8883 	  
62.65 	 2 	  1.8819 	  
62.75 	 2 	  1.8758 	  
62.85 	 2 	  1.8698 	  
62.95 	 2 	  1.864 	  
63.05 	 2 	  1.8584 	  
63.15 	 2 	  1.8531 	  
63.25 	 2 	  1.8479 	  
63.35 	 2 	  1.843 	  
63.45 	 2 	  1.8383 	  
63.55 	 2 	  1.8339 	  
63.65 	 2 	  1.8297 	  
63.75 	 2 	  1.8258 	  
63.85 	 2 	  1.8221 	  
63.95 	 2 	  1.8187 	  
64.05 	 2 	  1.8156 	  
64.15 	 2 	  1.8127 	  
64.25 	 2 	  1.8101 	  
64.35 	 2 	  1.8078 	  
64.45 	 2 	  1.8058 	  
64.55 	 2 	  1.8041 	  
64.65 	 2 	  1.8027 	  
64.75 	 2 	  1.8016 	  
64.85 	 2 	  1.8008 	  
64.95 	 2 	  1.8002 	  
65.05 	 2 	  1.8 	  
65.15 	 2 	  1.8001 	  
65.25 	 2 	  1.8005 	  
65.35 	 2 	  1.8011 	  
65.45 	 2 	  1.8021 	  
65.55 	 2 	  1.8034 	  
65.65 	 2 	  1.8049 	  
65.75 	 2 	  1.8068 	  
65.85 	 2 	  1.8089 	  
65.95 	 2 	  1.8114 	  
66.05 	 2 	  1.8141 	  
66.15 	 2 	  1.8171 	  
66.25 	 2 	  1.8203 	  
66.35 	 2 	  1.8239 	  
66.45 	 2 	  1.8277 	  
66.55 	 2 	  1.8317 	  
66.65 	 2 	  1.836 	  
66.75 	 2 	  1.8406 	  
66.85 	 2 	  1.8454 	  
66.95 	 2 	  1.8504 	  
67.05 	 2 	  1.8557 	  
67.15 	 2 	  1.8611 	  
67.25 	 2 	  1.8668 	  
67.35 	 2 	  1.8727 	  
67.45 	 2 	  1.8788 	  
67.55 	 2 	  1.885 	  
67.65 	 2 	  1.8914 	  
67.75 	 2 	  1.898 	  
67.85 	 2 	  1.9047 	  
67.95 	 2 	  1.9116 	  
68.05 	 2 	  1.9186 	  
68.15 	 2 	  1.9258 	  
68.25 	 2 	  1.933 	  
68.35 	 2 	  1.9404 	  
68.45 	 2 	  1.9478 	  
68.55 	 2 	  1.9553 	  
68.65 	 2 	  1.9629 	  
68.75 	 2 	  1.9705 	  
68.85 	 2 	  1.9782 	  
68.95 	 2 	  1.9859 	  
69.05 	 2 	  1.9937 	  
69.15 	 2 	  2.0014 	  
69.25 	 2 	  2.0091 	  
69.35 	 2 	  2.0169 	  
69.45 	 2 	  2.0246 	  
69.55 	 2 	  2.0322 	  
69.65 	 2 	  2.0399 	  
69.75 	 2 	  2.0474 	  
69.85 	 2 	  2.0549 	  
69.95 	 2 	  2.0623 	  
70.05 	 2 	  2.0696 	  
70.15 	 2 	  2.0768 	  
70.25 	 2 	  2.0839 	  
70.35 	 2 	  2.0909 	  
70.45 	 2 	  2.0977 	  
70.55 	 2 	  2.1044 	  
70.65 	 2 	  2.1109 	  
70.75 	 2 	  2.1173 	  
70.85 	 2 	  2.1235 	  
70.95 	 2 	  2.1295 	  
71.05 	 2 	  2.1353 	  
71.15 	 2 	  2.1409 	  
71.25 	 2 	  2.1463 	  
71.35 	 2 	  2.1514 	  
71.45 	 2 	  2.1564 	  
71.55 	 2 	  2.1611 	  
71.65 	 2 	  2.1656 	  
71.75 	 2 	  2.1698 	  
71.85 	 2 	  2.1737 	  
71.95 	 2 	  2.1774 	  
72.05 	 2 	  2.1809 	  
72.15 	 2 	  2.184 	  
72.25 	 2 	  2.1869 	  
72.35 	 2 	  2.1896 	  
72.45 	 2 	  2.1919 	  
72.55 	 2 	  2.1939 	  
72.65 	 2 	  2.1957 	  
72.75 	 2 	  2.1971 	  
72.85 	 2 	  2.1983 	  
72.95 	 2 	  2.1991 	  
73.05 	 2 	  2.1997 	  
73.15 	 2 	  2.2 	  
73.25 	 2 	  2.1999 	  
73.35 	 2 	  2.1996 	  
73.45 	 2 	  2.199 	  
73.55 	 2 	  2.198 	  
73.65 	 2 	  2.1968 	  
73.75 	 2 	  2.1953 	  
73.85 	 2 	  2.1935 	  
73.95 	 2 	  2.1914 	  
74.05 	 2 	  2.189 	  
74.15 	 2 	  2.1863 	  
74.25 	 2 	  2.1833 	  
74.35 	 2 	  2.1801 	  
74.45 	 2 	  2.1766 	  
74.55 	 2 	  2.1728 	  
74.65 	 2 	  2.1688 	  
74.75 	 2 	  2.1645 	  
74.85 	 2 	  2.16 	  
74.95 	 2 	  2.1552 	  
75.05 	 2 	  2.1502 	  
75.15 	 2 	  2.145 	  
75.25 	 2 	  2.1396 	  
75.35 	 2 	  2.1339 	  
75.45 	 2 	  2.1281 	  
75.55 	 2 	  2.122 	  
75.65 	 2 	  2.1158 	  
75.75 	 2 	  2.1094 	  
75.85 	 2 	  2.1028 	  
75.95 	 2 	  2.0961 	  
76.05 	 2 	  2.0893 	  
76.15 	 2 	  2.0823 	  
76.25 	 2 	  2.0752 	  
76.35 	 2 	  2.0679 	  
76.45 	 2 	  2.0606 	  
76.55 	 2 	  2.0532 	  
76.65 	 2 	  2.0457 	  
76.75 	 2 	  2.0381 	  
76.85 	 2 	  2.0305 	  
76.95 	 2 	  2.0228 	  
77.05 	 2 	  2.0151 	  
77.15 	 2 	  2.0073 	  
77.25 	 2 	  1.9996 	  
77.35 	 2 	  1.9919 	  
77.45 	 2 	  1.9841 	  
77.55 	 2 	  1.9764 	  
77.65 	 2 	  1.9687 	  
77.75 	 2 	  1.9611 	  
77.85 	 2 	  1.9536 	  
77.95 	 2 	  1.9461 	  
78.05 	 2 	  1.9386 	  
78.15 	 2 	  1.9313 	  
78.25 	 2 	  1.9241 	  
78.35 	 2 	  1.917 	  
78.45 	 2 	  1.91 	  
78.55 	 2 	  1.9032 	  
78.65 	 2 	  1.8965 	  
78.75 	 2 	  1.8899 	  
78.85 	 2 	  1.8835 	  
78.95 	 2 	  1.8773 	  
79.05 	 2 	  1.8713 	  
79.15 	 2 	  1.8655 	  
79.25 	 2 	  1.8598 	  
79.35 	 2 	  1.8544 	  
79.45 	 2 	  1.8492 	  
79.55 	 2 	  1.8442 	  
79.65 	 2 	  1.8395 	  
79.75 	 2 	  1.835 	  
79.85 	 2 	  1.8308 	  
79.95 	 2 	  1.8268 	  
80.05 	 2 	  1.823 	  
80.15 	 2 	  1.8195 	  
80.25 	 2 	  1.8163 	  
80.35 	 2 	  1.8134 	  
80.45 	 2 	  1.8108 	  
80.55 	 2 	  1.8084 	  
80.65 	 2 	  1.8063 	  
80.75 	 2 	  1.8045 	  
80.85 	 2 	  1.803 	  
80.95 	 2 	  1.8018 	  
81.05 	 2 	  1.8009 	  
81.15 	 2 	  1.8003 	  
81.25 	 2 	  1.8 	  
81.35 	 2 	  1.8 	  
81.45 	 2 	  1.8003 	  
81.55 	 2 	  1.8009 	  
81.65 	 2 	  1.8018 	  
81.75 	 2 	  1.803 	  
81.85 	 2 	  1.8045 	  
81.95 	 2 	  1.8063 	  
82.05 	 2 	  1.8083 	  
82.15 	 2 	  1.8107 	  
82.25 	 2 	  1.8133 	  
82.35 	 2 	  1.8163 	  
82.45 	 2 	  1.8195 	  
82.55 	 2 	  1.8229 	  
82.65 	 2 	  1.8267 	  
82.75 	 2 	  1.8307 	  
82.85 	 2 	  1.8349 	  
82.95 	 2 	  1.8394 	  
83.05 	 2 	  1.8441 	  
83.15 	 2 	  1.8491 	  
83.25 	 2 	  1.8543 	  
83.35 	 2 	  1.8597 	  
83.45 	 2 	  1.8653 	  
83.55 	 2 	  1.8712 	  
83.65 	 2 	  1.8772 	  
83.75 	 2 	  1.8834 	  
83.85 	 2 	  1.8898 	  
83.95 	 2 	  1.8963 	  
84.05 	 2 	  1.903 	  
84.15 	 2 	  1.9098 	  
84.25 	 2 	  1.9168 	  
84.35 	 2 	  1.9239 	  
84.45 	 2 	  1.9311 	  
84.55 	 2 	  1.9385 	  
84.65 	 2 	  1.9459 	  
84.75 	 2 	  1.9534 	  
84.85 	 2 	  1.9609 	  
84.95 	 2 	  1.9686 	  
85.05 	 2 	  1.9762 	  
85.15 	 2 	  1.9839 	  
85.25 	 2 	  1.9917 	  
85.35 	 2 	  1.9994 	  
85.45 	 2 	  2.0072 	  
85.55 	 2 	  2.0149 	  
85.65 	 2 	  2.0226 	  
85.75 	 2 	  2.0303 	  
85.85 	 2 	  2.0379 	  
85.95 	 2 	  2.0455 	  
86.05 	 2 	  2.053 	  
86.15 	 2 	  2.0604 	  
86.25 	 2 	  2.0677 	  
86.35 	 2 	  2.075 	  
86.45 	 2 	  2.0821 	  
86.55 	 2 	  2.0891 	  
86.65 	 2 	  2.096 	  
86.75 	 2 	  2.1027 	  
86.85 	 2 	  2.1093 	  
86.95 	 2 	  2.1157 	  
87.05 	 2 	  2.1219 	  
87.15 	 2 	  2.1279 	  
87.25 	 2 	  2.1338 	  
87.35 	 2 	  2.1394 	  
87.45 	 2 	  2.1449 	  
87.55 	 2 	  2.1501 	  
87.65 	 2 	  2.1551 	  
87.75 	 2 	  2.1599 	  
87.85 	 2 	  2.1644 	  
87.95 	 2 	  2.1687 	  
88.05 	 2 	  2.1727 	  
88.15 	 2 	  2.1765 	  
88.25 	 2 	  2.18 	  
88.35 	 2 	  2.1833 	  
88.45 	 2 	  2.1862 	  
88.55 	 2 	  2.1889 	  
88.65 	 2 	  2.1913 	  
88.75 	 2 	  2.1934 	  
88.85 	 2 	  2.1952 	  
88.95 	 2 	  2.1968 	  
89.05 	 2 	  2.198 	  
89.15 	 2 	  2.199 	  
89.25 	 2 	  2.1996 	  
89.35 	 2 	  2.1999 	  
89.45 	 2 	  2.2 	  
89.55 	 2 	  2.1997 	  
89.65 	 2 	  2.1992 	  
89.75 	 2 	  2.1983 	  
89.85 	 2 	  2.1972 	  
89.95 	 2 	  2.1957 	  
90.05 	 2 	  2.194 	  
90.15 	 2 	  2.1919 	  
90.25 	 2 	  2.1896 	  
90.35 	 2 	  2.187 	  
90.45 	 2 	  2.1841 	  
90.55 	 2 	  2.181 	  
90.65 	 2 	  2.1775 	  
90.75 	 2 	  2.1738 	  
90.85 	 2 	  2.1699 	  
90.95 	 2 	  2.1657 	  
91.05 	 2 	  2.1612 	  
91.15 	 2 	  2.1565 	  
91.25 	 2 	  2.1515 	  
91.35 	 2 	  2.1464 	  
91.45 	 2 	  2.141 	  
91.55 	 2 	  2.1354 	  
91.65 	 2 	  2.1296 	  
91.75 	 2 	  2.1236 	  
91.85 	 2 	  2.1174 	  
91.95 	 2 	  2.1111 	  
92.05 	 2 	  2.1045 	  
92.15 	 2 	  2.0979 	  
92.25 	 2 	  2.091 	  
92.35 	 2 	  2.0841 	  
92.45 	 2 	  2.077 	  
92.55 	 2 	  2.0698 	  
92.65 	 2 	  2.0625 	  
92.75 	 2 	  2.0551 	  
92.85 	 2 	  2.0476 	  
92.95 	 2 	  2.04 	  
93.05 	 2 	  2.0324 	  
93.15 	 2 	  2.0248 	  
93.25 	 2 	  2.0171 	  
93.35 	 2 	  2.0093 	  
93.45 	 2 	  2.0016 	  
93.55 	 2 	  1.9938 	  
93.65 	 2 	  1.9861 	  
93.75 	 2 	  1.9784 	  
93.85 	 2 	  1.9707 	  
93.95 	 2 	  1.9631 	  
94.05 	 2 	  1.9555 	  
94.15 	 2 	  1.948 	  
94.25 	 2 	  1.9405 	  
94.35 	 2 	  1.9332 	  
94.45 	 2 	  1.9259 	  
94.55 	 2 	  1.9188 	  
94.65 	 2 	  1.9118 	  
94.75 	 2 	  1.9049 	  
94.85 	 2 	  1.8982 	  
94.95 	 2 	  1.8916 	  
95.05 	 2 	  1.8852 	  
95.15 	 2 	  1.8789 	  
95.25 	 2 	  1.8728 	  
95.35 	 2 	  1.867 	  
95.45 	 2 	  1.8613 	  
95.55 	 2 	  1.8558 	  
95.65 	 2 	  1.8505 	  
95.75 	 2 	  1.8455 	  
95.85 	 2 	  1.8407 	  
95.95 	 2 	  1.8361 	  
96.05 	 2 	  1.8318 	  
96.15 	 2 	  1.8278 	  
96.25 	 2 	  1.824 	  
96.35 	 2 	  1.8204 	  
96.45 	 2 	  1.8171 	  
96.55 	 2 	  1.8141 	  
96.65 	 2 	  1.8114 	  
96.75 	 2 	  1.809 	  
96.85 	 2 	  1.8068 	  
96.95 	 2 	  1.805 	  
97.05 	 2 	  1.8034 	  
97.15 	 2 	  1.8021 	  
97.25 	 2 	  1.8011 	  
97.35 	 2 	  1.8005 	  
97.45 	 2 	  1.8001 	  
97.55 	 2 	  1.8 	  
97.65 	 2 	  1.8002 	  
97.75 	 2 	  1.8007 	  
97.85 	 2 	  1.8016 	  
97.95 	 2 	  1.8027 	  
98.05 	 2 	  1.8041 	  
98.15 	 2 	  1.8058 	  
98.25 	 2 	  1.8078 	  
98.35 	 2 	  1.8101 	  
98.45 	 2 	  1.8126 	  
98.55 	 2 	  1.8155 	  
98.65 	 2 	  1.8186 	  
98.75 	 2 	  1.822 	  
98.85 	 2 	  1.8257 	  
98.95 	 2 	  1.8296 	  
99.05 	 2 	  1.8338 	  
99.15 	 2 	  1.8382 	  
99.25 	 2 	  1.8429 	  
99.35 	 2 	  1.8478 	  
99.45 	 2 	  1.8529 	  
99.55 	 2 	  1.8583 	  
99.65 	 2 	  1.8639 	  
99.75 	 2 	  1.8696 	  
99.85 	 2 	  1.8756 	  
99.95 	 2 	  1.8818 	  
100.05 	 2 	  1.8881 	  
100.15 	 2 	  1.8946 	  
100.25 	 2 	  1.9013 	  
100.35 	 2 	  1.9081 	  
100.45 	 2 	  1.915 	  
100.55 	 2 	  1.9221 	  
100.65 	 2 	  1.9293 	  
100.75 	 2 	  1.9366 	  
100.85 	 2 	  1.944 	  
100.95 	 2 	  1.9514 	  
101.05 	 2 	  1.959 	  
101.15 	 2 	  1.9666 	  
101.25 	 2 	  1.9743 	  
101.35 	 2 	  1.982 	  
101.45 	 2 	  1.9897 	  
101.55 	 2 	  1.9974 	  
101.65 	 1.9999 	  2.0052 	  
101.75 	 1.9999 	  2.0129 	  
101.85 	 1.9999 	  2.0206 	  
101.95 	 1.9999 	  2.0283 	  
102.05 	 1.9999 	  2.0359 	  
102.15 	 1.9999 	  2.0435 	  
102.25 	 1.9999 	  2.0511 	  
102.35 	 1.9999 	  2.0585 	  
102.45 	 1.9999 	  2.0659 	  
102.55 	 1.9999 	  2.0731 	  
102.65 	 1.9999 	  2.0803 	  
102.75 	 1.9999 	  2.0873 	  
102.85 	 1.9999 	  2.0942 	  
102.95 	 1.9999 	  2.101 	  
103.05 	 1.9999 	  2.1076 	  
103.15 	 1.9999 	  2.114 	  
103.25 	 1.9999 	  2.1203 	  
103.35 	 1.9999 	  2.1264 	  
103.45 	 1.9999 	  2.1323 	  
103.55 	 1.9999 	  2.138 	  
103.65 	 1.9999 	  2.1435 	  
103.75 	 1.9999 	  2.1488 	  
103.85 	 1.9999 	  2.1539 	  
103.95 	 1.9999 	  2.1587 	  
104.05 	 1.9999 	  2.1633 	  
104.15 	 1.9999 	  2.1676 	  
104.25 	 1.9999 	  2.1717 	  
104.35 	 1.9999 	  2.1756 	  
104.45 	 1.9999 	  2.1791 	  
104.55 	 1.9999 	  2.1825 	  
104.65 	 1.9999 	  2.1855 	  
104.75 	 1.9999 	  2.1882 	  
104.85 	 1.9999 	  2.1907 	  
104.95 	 1.9999 	  2.1929 	  
105.05 	 1.9999 	  2.1948 	  
105.15 	 1.9999 	  2.1964 	  
105.25 	 1.9999 	  2.1977 	  
105.35 	 1.9999 	  2.1987 	  
105.45 	 1.9999 	  2.1995 	  
105.55 	 1.9999 	  2.1999 	  
105.65 	 1.9999 	  2.2 	  
105.75 	 1.9999 	  2.1998 	  
105.85 	 1.9999 	  2.1993 	  
105.95 	 1.9999 	  2.1986 	  
106.05 	 1.9999 	  2.1975 	  
106.15 	 1.9999 	  2.1961 	  
106.25 	 1.9999 	  2.1944 	  
106.35 	 1.9999 	  2.1925 	  
106.45 	 1.9999 	  2.1902 	  
106.55 	 1.9999 	  2.1877 	  
106.65 	 1.9999 	  2.1849 	  
106.75 	 1.9999 	  2.1818 	  
106.85 	 1.9999 	  2.1784 	  
106.95 	 1.9999 	  2.1748 	  
107.05 	 1.9999 	  2.1709 	  
107.15 	 1.9999 	  2.1668 	  
107.25 	 1.9999 	  2.1624 	  
107.35 	 1.9999 	  2.1577 	  
107.45 	 1.9999 	  2.1528 	  
107.55 	 1.9999 	  2.1477 	  
107.65 	 1.9999 	  2.1424 	  
107.75 	 1.9999 	  2.1369 	  
107.85 	 1.9999 	  2.1311 	  
107.95 	 1.9999 	  2.1252 	  
108.05 	 1.9999 	  2.119 	  
108.15 	 2 	  2.1127 	  
108.25 	 2 	  2.1062 	  
108.35 	 2 	  2.0996 	  
108.45 	 2 	  2.0928 	  
108.55 	 2 	  2.0859 	  
108.65 	 2 	  2.0788 	  
108.75 	 2 	  2.0716 	  
108.85 	 2 	  2.0644 	  
108.95 	 2 	  2.057 	  
