simtime:  5.299
number of wsf-lines:  1

line_No     y_coord
1	 1.5
2	  Wave Theory 


X 1	 P 1 	 	 	 	 W 1

0.05 	 1.8176 	  1.8199 	  
0.15 	 1.8146 	  1.8167 	  
0.25 	 1.8119 	  1.8137 	  
0.35 	 1.8095 	  1.8111 	  
0.45 	 1.8073 	  1.8087 	  
0.55 	 1.8054 	  1.8066 	  
0.65 	 1.8039 	  1.8047 	  
0.75 	 1.8026 	  1.8032 	  
0.85 	 1.8016 	  1.802 	  
0.95 	 1.8008 	  1.801 	  
1.05 	 1.8004 	  1.8004 	  
1.15 	 1.8003 	  1.8001 	  
1.25 	 1.8005 	  1.8 	  
1.35 	 1.8009 	  1.8003 	  
1.45 	 1.8017 	  1.8008 	  
1.55 	 1.8027 	  1.8017 	  
1.65 	 1.8041 	  1.8029 	  
1.75 	 1.8057 	  1.8043 	  
1.85 	 1.8076 	  1.8061 	  
1.95 	 1.8098 	  1.8081 	  
2.05 	 1.8123 	  1.8104 	  
2.15 	 1.8151 	  1.813 	  
2.25 	 1.8181 	  1.8159 	  
2.35 	 1.8214 	  1.8191 	  
2.45 	 1.825 	  1.8225 	  
2.55 	 1.8288 	  1.8262 	  
2.65 	 1.8329 	  1.8302 	  
2.75 	 1.8373 	  1.8344 	  
2.85 	 1.8419 	  1.8389 	  
2.95 	 1.8467 	  1.8436 	  
3.05 	 1.8518 	  1.8485 	  
3.15 	 1.857 	  1.8537 	  
3.25 	 1.8625 	  1.8591 	  
3.35 	 1.8682 	  1.8647 	  
3.45 	 1.8741 	  1.8705 	  
3.55 	 1.8801 	  1.8765 	  
3.65 	 1.8864 	  1.8826 	  
3.75 	 1.8928 	  1.889 	  
3.85 	 1.8994 	  1.8955 	  
3.95 	 1.9061 	  1.9022 	  
4.05 	 1.9129 	  1.909 	  
4.15 	 1.9199 	  1.916 	  
4.25 	 1.927 	  1.9231 	  
4.35 	 1.9342 	  1.9303 	  
4.45 	 1.9415 	  1.9376 	  
4.55 	 1.9489 	  1.945 	  
4.65 	 1.9564 	  1.9525 	  
4.75 	 1.9639 	  1.96 	  
4.85 	 1.9714 	  1.9677 	  
4.95 	 1.979 	  1.9753 	  
5.05 	 1.9866 	  1.983 	  
5.15 	 1.9943 	  1.9907 	  
5.25 	 2.0019 	  1.9985 	  
5.35 	 2.0096 	  2.0062 	  
5.45 	 2.0172 	  2.014 	  
5.55 	 2.0248 	  2.0217 	  
5.65 	 2.0323 	  2.0294 	  
5.75 	 2.0398 	  2.037 	  
5.85 	 2.0472 	  2.0446 	  
5.95 	 2.0546 	  2.0521 	  
6.05 	 2.0618 	  2.0595 	  
6.15 	 2.069 	  2.0669 	  
6.25 	 2.0761 	  2.0741 	  
6.35 	 2.083 	  2.0813 	  
6.45 	 2.0899 	  2.0883 	  
6.55 	 2.0966 	  2.0952 	  
6.65 	 2.1032 	  2.1019 	  
6.75 	 2.1096 	  2.1085 	  
6.85 	 2.1159 	  2.1149 	  
6.95 	 2.122 	  2.1212 	  
7.05 	 2.1279 	  2.1272 	  
7.15 	 2.1337 	  2.1331 	  
7.25 	 2.1392 	  2.1388 	  
7.35 	 2.1446 	  2.1443 	  
7.45 	 2.1497 	  2.1495 	  
7.55 	 2.1547 	  2.1545 	  
7.65 	 2.1594 	  2.1593 	  
7.75 	 2.1639 	  2.1639 	  
7.85 	 2.1682 	  2.1682 	  
7.95 	 2.1723 	  2.1723 	  
8.05 	 2.1761 	  2.1761 	  
8.15 	 2.1797 	  2.1796 	  
8.25 	 2.1831 	  2.1829 	  
8.35 	 2.1862 	  2.1859 	  
8.45 	 2.1891 	  2.1886 	  
8.55 	 2.1917 	  2.191 	  
8.65 	 2.1941 	  2.1932 	  
8.75 	 2.1962 	  2.195 	  
8.85 	 2.198 	  2.1966 	  
8.95 	 2.1995 	  2.1979 	  
9.05 	 2.2008 	  2.1989 	  
9.15 	 2.2017 	  2.1995 	  
9.25 	 2.2024 	  2.1999 	  
9.35 	 2.2028 	  2.2 	  
9.45 	 2.2029 	  2.1998 	  
9.55 	 2.2027 	  2.1992 	  
9.65 	 2.2022 	  2.1984 	  
9.75 	 2.2014 	  2.1973 	  
9.85 	 2.2002 	  2.1959 	  
9.95 	 2.1988 	  2.1942 	  
10.05 	 2.197 	  2.1922 	  
10.15 	 2.195 	  2.1899 	  
10.25 	 2.1926 	  2.1873 	  
10.35 	 2.1899 	  2.1845 	  
10.45 	 2.1869 	  2.1813 	  
10.55 	 2.1836 	  2.1779 	  
10.65 	 2.18 	  2.1743 	  
10.75 	 2.1761 	  2.1704 	  
10.85 	 2.1719 	  2.1662 	  
10.95 	 2.1675 	  2.1617 	  
11.05 	 2.1627 	  2.1571 	  
11.15 	 2.1577 	  2.1521 	  
11.25 	 2.1525 	  2.147 	  
11.35 	 2.147 	  2.1416 	  
11.45 	 2.1412 	  2.1361 	  
11.55 	 2.1352 	  2.1303 	  
11.65 	 2.129 	  2.1243 	  
11.75 	 2.1226 	  2.1182 	  
11.85 	 2.1159 	  2.1118 	  
11.95 	 2.109 	  2.1053 	  
12.05 	 2.1019 	  2.0987 	  
12.15 	 2.0946 	  2.0919 	  
12.25 	 2.087 	  2.0849 	  
12.35 	 2.0793 	  2.0778 	  
12.45 	 2.0713 	  2.0706 	  
12.55 	 2.0631 	  2.0634 	  
12.65 	 2.0547 	  2.056 	  
12.75 	 2.0461 	  2.0485 	  
12.85 	 2.0373 	  2.0409 	  
12.95 	 2.0284 	  2.0333 	  
13.05 	 2.0192 	  2.0257 	  
13.15 	 2.01 	  2.018 	  
13.25 	 2.0006 	  2.0102 	  
13.35 	 1.9912 	  2.0025 	  
13.45 	 1.9817 	  1.9948 	  
13.55 	 1.9722 	  1.987 	  
13.65 	 1.9627 	  1.9793 	  
13.75 	 1.9533 	  1.9716 	  
13.85 	 1.9441 	  1.964 	  
13.95 	 1.935 	  1.9564 	  
14.05 	 1.9262 	  1.9489 	  
14.15 	 1.9176 	  1.9414 	  
14.25 	 1.9092 	  1.9341 	  
14.35 	 1.9012 	  1.9268 	  
14.45 	 1.8935 	  1.9196 	  
14.55 	 1.8861 	  1.9126 	  
14.65 	 1.8791 	  1.9057 	  
14.75 	 1.8726 	  1.899 	  
14.85 	 1.8665 	  1.8924 	  
14.95 	 1.8608 	  1.8859 	  
15.05 	 1.8555 	  1.8796 	  
15.15 	 1.8507 	  1.8735 	  
15.25 	 1.8463 	  1.8676 	  
15.35 	 1.8422 	  1.8619 	  
15.45 	 1.8386 	  1.8564 	  
15.55 	 1.8353 	  1.8512 	  
15.65 	 1.8323 	  1.8461 	  
15.75 	 1.8298 	  1.8413 	  
15.85 	 1.8276 	  1.8367 	  
15.95 	 1.8257 	  1.8323 	  
16.05 	 1.8243 	  1.8282 	  
16.15 	 1.8231 	  1.8244 	  
16.25 	 1.8223 	  1.8208 	  
16.35 	 1.8218 	  1.8175 	  
16.45 	 1.8216 	  1.8145 	  
16.55 	 1.8218 	  1.8117 	  
16.65 	 1.8223 	  1.8093 	  
16.75 	 1.8231 	  1.8071 	  
16.85 	 1.8243 	  1.8052 	  
16.95 	 1.8258 	  1.8036 	  
17.05 	 1.8275 	  1.8023 	  
17.15 	 1.8296 	  1.8012 	  
17.25 	 1.8319 	  1.8005 	  
17.35 	 1.8344 	  1.8001 	  
17.45 	 1.8372 	  1.8 	  
17.55 	 1.8402 	  1.8002 	  
17.65 	 1.8433 	  1.8007 	  
17.75 	 1.8466 	  1.8015 	  
17.85 	 1.85 	  1.8025 	  
17.95 	 1.8534 	  1.8039 	  
18.05 	 1.8569 	  1.8056 	  
18.15 	 1.8603 	  1.8075 	  
18.25 	 1.8637 	  1.8098 	  
18.35 	 1.8669 	  1.8123 	  
18.45 	 1.87 	  1.8151 	  
18.55 	 1.8729 	  1.8182 	  
18.65 	 1.8756 	  1.8216 	  
18.75 	 1.8782 	  1.8252 	  
18.85 	 1.8805 	  1.8291 	  
18.95 	 1.8825 	  1.8333 	  
19.05 	 1.8844 	  1.8377 	  
19.15 	 1.8861 	  1.8423 	  
19.25 	 1.8876 	  1.8472 	  
19.35 	 1.889 	  1.8523 	  
19.45 	 1.8902 	  1.8577 	  
19.55 	 1.8914 	  1.8632 	  
19.65 	 1.8925 	  1.8689 	  
19.75 	 1.8937 	  1.8749 	  
19.85 	 1.8949 	  1.881 	  
19.95 	 1.8963 	  1.8873 	  
20.05 	 1.8978 	  1.8938 	  
20.15 	 1.8995 	  1.9005 	  
20.25 	 1.9015 	  1.9073 	  
20.35 	 1.9037 	  1.9142 	  
20.45 	 1.9062 	  1.9212 	  
20.55 	 1.9091 	  1.9284 	  
20.65 	 1.9123 	  1.9357 	  
20.75 	 1.9159 	  1.9431 	  
20.85 	 1.9199 	  1.9505 	  
20.95 	 1.9244 	  1.9581 	  
21.05 	 1.9292 	  1.9657 	  
21.15 	 1.9345 	  1.9733 	  
21.25 	 1.9403 	  1.981 	  
21.35 	 1.9464 	  1.9888 	  
21.45 	 1.953 	  1.9965 	  
21.55 	 1.9601 	  2.0042 	  
21.65 	 1.9675 	  2.012 	  
21.75 	 1.9754 	  2.0197 	  
21.85 	 1.9837 	  2.0274 	  
21.95 	 1.9924 	  2.035 	  
22.05 	 2.0013 	  2.0426 	  
22.15 	 2.0106 	  2.0502 	  
22.25 	 2.0201 	  2.0576 	  
22.35 	 2.0299 	  2.065 	  
22.45 	 2.0399 	  2.0723 	  
22.55 	 2.0501 	  2.0794 	  
22.65 	 2.0604 	  2.0865 	  
22.75 	 2.0707 	  2.0934 	  
22.85 	 2.0811 	  2.1002 	  
22.95 	 2.0914 	  2.1068 	  
23.05 	 2.1016 	  2.1133 	  
23.15 	 2.1116 	  2.1196 	  
23.25 	 2.1215 	  2.1257 	  
23.35 	 2.1311 	  2.1316 	  
23.45 	 2.1403 	  2.1373 	  
23.55 	 2.1491 	  2.1429 	  
23.65 	 2.1575 	  2.1482 	  
23.75 	 2.1654 	  2.1533 	  
23.85 	 2.1728 	  2.1581 	  
23.95 	 2.1797 	  2.1628 	  
24.05 	 2.186 	  2.1671 	  
24.15 	 2.1916 	  2.1713 	  
24.25 	 2.1967 	  2.1751 	  
24.35 	 2.2011 	  2.1787 	  
24.45 	 2.2048 	  2.1821 	  
24.55 	 2.2078 	  2.1851 	  
24.65 	 2.2102 	  2.1879 	  
24.75 	 2.2119 	  2.1904 	  
24.85 	 2.2129 	  2.1927 	  
24.95 	 2.2134 	  2.1946 	  
25.05 	 2.2132 	  2.1962 	  
25.15 	 2.2125 	  2.1976 	  
25.25 	 2.2113 	  2.1986 	  
25.35 	 2.2095 	  2.1994 	  
25.45 	 2.2072 	  2.1998 	  
25.55 	 2.2045 	  2.2 	  
25.65 	 2.2013 	  2.1999 	  
25.75 	 2.1978 	  2.1994 	  
25.85 	 2.1939 	  2.1987 	  
25.95 	 2.1897 	  2.1976 	  
26.05 	 2.1851 	  2.1963 	  
26.15 	 2.1804 	  2.1947 	  
26.25 	 2.1754 	  2.1927 	  
26.35 	 2.1702 	  2.1905 	  
26.45 	 2.1649 	  2.188 	  
26.55 	 2.1594 	  2.1852 	  
26.65 	 2.1539 	  2.1822 	  
26.75 	 2.1482 	  2.1788 	  
26.85 	 2.1426 	  2.1752 	  
26.95 	 2.1369 	  2.1714 	  
27.05 	 2.1312 	  2.1673 	  
27.15 	 2.1254 	  2.1629 	  
27.25 	 2.1198 	  2.1583 	  
27.35 	 2.1141 	  2.1534 	  
27.45 	 2.1085 	  2.1483 	  
27.55 	 2.103 	  2.143 	  
27.65 	 2.0976 	  2.1375 	  
27.75 	 2.0922 	  2.1318 	  
27.85 	 2.087 	  2.1259 	  
27.95 	 2.0818 	  2.1198 	  
28.05 	 2.0768 	  2.1135 	  
28.15 	 2.0719 	  2.107 	  
28.25 	 2.0671 	  2.1004 	  
28.35 	 2.0625 	  2.0936 	  
28.45 	 2.058 	  2.0867 	  
28.55 	 2.0536 	  2.0797 	  
28.65 	 2.0494 	  2.0725 	  
28.75 	 2.0454 	  2.0652 	  
28.85 	 2.0415 	  2.0579 	  
28.95 	 2.0377 	  2.0504 	  
29.05 	 2.0341 	  2.0429 	  
29.15 	 2.0306 	  2.0353 	  
29.25 	 2.0273 	  2.0276 	  
29.35 	 2.0241 	  2.02 	  
29.45 	 2.021 	  2.0122 	  
29.55 	 2.0181 	  2.0045 	  
29.65 	 2.0153 	  1.9968 	  
29.75 	 2.0127 	  1.989 	  
29.85 	 2.0102 	  1.9813 	  
29.95 	 2.0078 	  1.9736 	  
30.05 	 2.0055 	  1.9659 	  
30.15 	 2.0034 	  1.9583 	  
30.25 	 2.0013 	  1.9508 	  
30.35 	 1.9994 	  1.9433 	  
30.45 	 1.9976 	  1.9359 	  
30.55 	 1.9959 	  1.9287 	  
30.65 	 1.9943 	  1.9215 	  
30.75 	 1.9928 	  1.9144 	  
30.85 	 1.9915 	  1.9075 	  
30.95 	 1.9902 	  1.9007 	  
31.05 	 1.9889 	  1.894 	  
31.15 	 1.9878 	  1.8876 	  
31.25 	 1.9868 	  1.8812 	  
31.35 	 1.9858 	  1.8751 	  
31.45 	 1.9849 	  1.8691 	  
31.55 	 1.9841 	  1.8634 	  
31.65 	 1.9834 	  1.8578 	  
31.75 	 1.9827 	  1.8525 	  
31.85 	 1.9821 	  1.8474 	  
31.95 	 1.9816 	  1.8425 	  
32.05 	 1.9811 	  1.8378 	  
32.15 	 1.9807 	  1.8334 	  
32.25 	 1.9803 	  1.8293 	  
32.35 	 1.98 	  1.8254 	  
32.45 	 1.9797 	  1.8217 	  
32.55 	 1.9795 	  1.8183 	  
32.65 	 1.9793 	  1.8152 	  
32.75 	 1.9791 	  1.8124 	  
32.85 	 1.979 	  1.8099 	  
32.95 	 1.979 	  1.8076 	  
33.05 	 1.9789 	  1.8056 	  
33.15 	 1.9789 	  1.804 	  
33.25 	 1.9789 	  1.8026 	  
33.35 	 1.979 	  1.8015 	  
33.45 	 1.9791 	  1.8007 	  
33.55 	 1.9792 	  1.8002 	  
33.65 	 1.9793 	  1.8 	  
33.75 	 1.9795 	  1.8001 	  
33.85 	 1.9796 	  1.8005 	  
33.95 	 1.9798 	  1.8012 	  
34.05 	 1.98 	  1.8022 	  
34.15 	 1.9802 	  1.8035 	  
34.25 	 1.9805 	  1.8051 	  
34.35 	 1.9807 	  1.807 	  
34.45 	 1.981 	  1.8092 	  
34.55 	 1.9812 	  1.8116 	  
34.65 	 1.9815 	  1.8144 	  
34.75 	 1.9818 	  1.8174 	  
34.85 	 1.9821 	  1.8207 	  
34.95 	 1.9824 	  1.8243 	  
35.05 	 1.9827 	  1.8281 	  
35.15 	 1.983 	  1.8322 	  
35.25 	 1.9833 	  1.8365 	  
35.35 	 1.9836 	  1.8411 	  
35.45 	 1.984 	  1.8459 	  
35.55 	 1.9843 	  1.851 	  
35.65 	 1.9846 	  1.8563 	  
35.75 	 1.9849 	  1.8618 	  
35.85 	 1.9853 	  1.8675 	  
35.95 	 1.9856 	  1.8733 	  
36.05 	 1.9859 	  1.8794 	  
36.15 	 1.9862 	  1.8857 	  
36.25 	 1.9866 	  1.8921 	  
36.35 	 1.9869 	  1.8987 	  
36.45 	 1.9872 	  1.9055 	  
36.55 	 1.9875 	  1.9124 	  
36.65 	 1.9878 	  1.9194 	  
36.75 	 1.9881 	  1.9266 	  
36.85 	 1.9884 	  1.9338 	  
36.95 	 1.9887 	  1.9412 	  
37.05 	 1.989 	  1.9486 	  
37.15 	 1.9893 	  1.9561 	  
37.25 	 1.9896 	  1.9637 	  
37.35 	 1.9899 	  1.9714 	  
37.45 	 1.9902 	  1.9791 	  
37.55 	 1.9905 	  1.9868 	  
37.65 	 1.9907 	  1.9945 	  
37.75 	 1.991 	  2.0023 	  
37.85 	 1.9913 	  2.01 	  
37.95 	 1.9915 	  2.0177 	  
38.05 	 1.9918 	  2.0254 	  
38.15 	 1.992 	  2.0331 	  
38.25 	 1.9922 	  2.0407 	  
38.35 	 1.9925 	  2.0482 	  
38.45 	 1.9927 	  2.0557 	  
38.55 	 1.9929 	  2.0631 	  
38.65 	 1.9932 	  2.0704 	  
38.75 	 1.9934 	  2.0776 	  
38.85 	 1.9936 	  2.0847 	  
38.95 	 1.9938 	  2.0916 	  
39.05 	 1.994 	  2.0985 	  
39.15 	 1.9942 	  2.1051 	  
39.25 	 1.9944 	  2.1116 	  
39.35 	 1.9946 	  2.118 	  
39.45 	 1.9947 	  2.1241 	  
39.55 	 1.9949 	  2.1301 	  
39.65 	 1.9951 	  2.1359 	  
39.75 	 1.9952 	  2.1415 	  
39.85 	 1.9954 	  2.1468 	  
39.95 	 1.9956 	  2.152 	  
40.05 	 1.9957 	  2.1569 	  
40.15 	 1.9959 	  2.1616 	  
40.25 	 1.996 	  2.166 	  
40.35 	 1.9961 	  2.1702 	  
40.45 	 1.9963 	  2.1742 	  
40.55 	 1.9964 	  2.1778 	  
40.65 	 1.9965 	  2.1812 	  
40.75 	 1.9967 	  2.1844 	  
40.85 	 1.9968 	  2.1872 	  
40.95 	 1.9969 	  2.1898 	  
41.05 	 1.997 	  2.1921 	  
41.15 	 1.9971 	  2.1941 	  
41.25 	 1.9972 	  2.1958 	  
41.35 	 1.9973 	  2.1973 	  
41.45 	 1.9974 	  2.1984 	  
41.55 	 1.9975 	  2.1992 	  
41.65 	 1.9976 	  2.1998 	  
41.75 	 1.9977 	  2.2 	  
41.85 	 1.9978 	  2.1999 	  
41.95 	 1.9979 	  2.1996 	  
42.05 	 1.998 	  2.1989 	  
42.15 	 1.998 	  2.1979 	  
42.25 	 1.9981 	  2.1967 	  
42.35 	 1.9982 	  2.1951 	  
42.45 	 1.9982 	  2.1933 	  
42.55 	 1.9983 	  2.1911 	  
42.65 	 1.9984 	  2.1887 	  
42.75 	 1.9984 	  2.186 	  
42.85 	 1.9985 	  2.183 	  
42.95 	 1.9986 	  2.1797 	  
43.05 	 1.9986 	  2.1762 	  
43.15 	 1.9987 	  2.1724 	  
43.25 	 1.9987 	  2.1684 	  
43.35 	 1.9988 	  2.164 	  
43.45 	 1.9988 	  2.1595 	  
43.55 	 1.9989 	  2.1547 	  
43.65 	 1.9989 	  2.1497 	  
43.75 	 1.999 	  2.1444 	  
43.85 	 1.999 	  2.139 	  
43.95 	 1.999 	  2.1333 	  
44.05 	 1.9991 	  2.1274 	  
44.15 	 1.9991 	  2.1214 	  
44.25 	 1.9992 	  2.1151 	  
44.35 	 1.9992 	  2.1087 	  
44.45 	 1.9992 	  2.1021 	  
44.55 	 1.9993 	  2.0954 	  
44.65 	 1.9993 	  2.0885 	  
44.75 	 1.9993 	  2.0815 	  
44.85 	 1.9993 	  2.0744 	  
44.95 	 1.9994 	  2.0671 	  
45.05 	 1.9994 	  2.0598 	  
45.15 	 1.9994 	  2.0523 	  
45.25 	 1.9994 	  2.0448 	  
45.35 	 1.9995 	  2.0372 	  
45.45 	 1.9995 	  2.0296 	  
45.55 	 1.9995 	  2.0219 	  
45.65 	 1.9995 	  2.0142 	  
45.75 	 1.9996 	  2.0065 	  
45.85 	 1.9996 	  1.9987 	  
45.95 	 1.9996 	  1.991 	  
46.05 	 1.9996 	  1.9833 	  
46.15 	 1.9996 	  1.9756 	  
46.25 	 1.9996 	  1.9679 	  
46.35 	 1.9997 	  1.9603 	  
46.45 	 1.9997 	  1.9527 	  
46.55 	 1.9997 	  1.9452 	  
46.65 	 1.9997 	  1.9378 	  
46.75 	 1.9997 	  1.9305 	  
46.85 	 1.9997 	  1.9233 	  
46.95 	 1.9997 	  1.9162 	  
47.05 	 1.9997 	  1.9092 	  
47.15 	 1.9998 	  1.9024 	  
47.25 	 1.9998 	  1.8957 	  
47.35 	 1.9998 	  1.8892 	  
47.45 	 1.9998 	  1.8828 	  
47.55 	 1.9998 	  1.8767 	  
47.65 	 1.9998 	  1.8706 	  
47.75 	 1.9998 	  1.8648 	  
47.85 	 1.9998 	  1.8592 	  
47.95 	 1.9998 	  1.8538 	  
48.05 	 1.9998 	  1.8487 	  
48.15 	 1.9998 	  1.8437 	  
48.25 	 1.9999 	  1.839 	  
48.35 	 1.9999 	  1.8345 	  
48.45 	 1.9999 	  1.8303 	  
48.55 	 1.9999 	  1.8263 	  
48.65 	 1.9999 	  1.8226 	  
48.75 	 1.9999 	  1.8192 	  
48.85 	 1.9999 	  1.816 	  
48.95 	 1.9999 	  1.8131 	  
49.05 	 1.9999 	  1.8105 	  
49.15 	 1.9999 	  1.8082 	  
49.25 	 1.9999 	  1.8061 	  
49.35 	 1.9999 	  1.8044 	  
49.45 	 1.9999 	  1.8029 	  
49.55 	 1.9999 	  1.8017 	  
49.65 	 1.9999 	  1.8009 	  
49.75 	 1.9999 	  1.8003 	  
49.85 	 1.9999 	  1.8 	  
49.95 	 1.9999 	  1.8001 	  
50.05 	 1.9999 	  1.8004 	  
50.15 	 1.9999 	  1.801 	  
50.25 	 1.9999 	  1.8019 	  
50.35 	 2 	  1.8032 	  
50.45 	 2 	  1.8047 	  
50.55 	 2 	  1.8065 	  
50.65 	 2 	  1.8086 	  
50.75 	 2 	  1.811 	  
50.85 	 2 	  1.8137 	  
50.95 	 2 	  1.8166 	  
51.05 	 2 	  1.8198 	  
51.15 	 2 	  1.8233 	  
51.25 	 2 	  1.8271 	  
51.35 	 2 	  1.8311 	  
51.45 	 2 	  1.8354 	  
51.55 	 2 	  1.8399 	  
51.65 	 2 	  1.8447 	  
51.75 	 2 	  1.8497 	  
51.85 	 2 	  1.8549 	  
51.95 	 2 	  1.8603 	  
52.05 	 2 	  1.866 	  
52.15 	 2 	  1.8718 	  
52.25 	 2 	  1.8779 	  
52.35 	 2 	  1.8841 	  
52.45 	 2 	  1.8905 	  
52.55 	 2 	  1.897 	  
52.65 	 2 	  1.9037 	  
52.75 	 2 	  1.9106 	  
52.85 	 2 	  1.9176 	  
52.95 	 2 	  1.9247 	  
53.05 	 2 	  1.9319 	  
53.15 	 2 	  1.9393 	  
53.25 	 2 	  1.9467 	  
53.35 	 2 	  1.9542 	  
53.45 	 2 	  1.9618 	  
53.55 	 2 	  1.9694 	  
53.65 	 2 	  1.9771 	  
53.75 	 2 	  1.9848 	  
53.85 	 2 	  1.9925 	  
53.95 	 2 	  2.0003 	  
54.05 	 2 	  2.008 	  
54.15 	 2 	  2.0157 	  
54.25 	 2 	  2.0234 	  
54.35 	 2 	  2.0311 	  
54.45 	 2 	  2.0387 	  
54.55 	 2 	  2.0463 	  
54.65 	 2 	  2.0538 	  
54.75 	 2 	  2.0612 	  
54.85 	 2 	  2.0685 	  
54.95 	 2 	  2.0758 	  
55.05 	 2 	  2.0829 	  
55.15 	 2 	  2.0899 	  
55.25 	 2 	  2.0967 	  
55.35 	 2 	  2.1034 	  
55.45 	 2 	  2.11 	  
55.55 	 2 	  2.1164 	  
55.65 	 2 	  2.1226 	  
55.75 	 2 	  2.1286 	  
55.85 	 2 	  2.1344 	  
55.95 	 2 	  2.1401 	  
56.05 	 2 	  2.1455 	  
56.15 	 2 	  2.1507 	  
56.25 	 2 	  2.1557 	  
56.35 	 2 	  2.1604 	  
56.45 	 2 	  2.1649 	  
56.55 	 2 	  2.1692 	  
56.65 	 2 	  2.1732 	  
56.75 	 2 	  2.1769 	  
56.85 	 2 	  2.1804 	  
56.95 	 2 	  2.1836 	  
57.05 	 2 	  2.1865 	  
57.15 	 2 	  2.1892 	  
57.25 	 2 	  2.1916 	  
57.35 	 2 	  2.1936 	  
57.45 	 2 	  2.1954 	  
57.55 	 2 	  2.1969 	  
57.65 	 2 	  2.1981 	  
57.75 	 2 	  2.199 	  
57.85 	 2 	  2.1996 	  
57.95 	 2 	  2.2 	  
58.05 	 2 	  2.2 	  
58.15 	 2 	  2.1997 	  
58.25 	 2 	  2.1991 	  
58.35 	 2 	  2.1982 	  
58.45 	 2 	  2.197 	  
58.55 	 2 	  2.1955 	  
58.65 	 2 	  2.1938 	  
58.75 	 2 	  2.1917 	  
58.85 	 2 	  2.1893 	  
58.95 	 2 	  2.1867 	  
59.05 	 2 	  2.1838 	  
59.15 	 2 	  2.1806 	  
59.25 	 2 	  2.1771 	  
59.35 	 2 	  2.1734 	  
59.45 	 2 	  2.1694 	  
59.55 	 2 	  2.1652 	  
59.65 	 2 	  2.1607 	  
59.75 	 2 	  2.156 	  
59.85 	 2 	  2.151 	  
59.95 	 2 	  2.1458 	  
60.05 	 2 	  2.1404 	  
60.15 	 2 	  2.1348 	  
60.25 	 2 	  2.1289 	  
60.35 	 2 	  2.1229 	  
60.45 	 2 	  2.1167 	  
60.55 	 2 	  2.1104 	  
60.65 	 2 	  2.1038 	  
60.75 	 2 	  2.0971 	  
60.85 	 2 	  2.0903 	  
60.95 	 2 	  2.0833 	  
61.05 	 2 	  2.0762 	  
61.15 	 2 	  2.069 	  
61.25 	 2 	  2.0617 	  
61.35 	 2 	  2.0543 	  
61.45 	 2 	  2.0468 	  
61.55 	 2 	  2.0392 	  
61.65 	 2 	  2.0316 	  
61.75 	 2 	  2.0239 	  
61.85 	 2 	  2.0162 	  
61.95 	 1.9999 	  2.0085 	  
62.05 	 2.0001 	  2.0007 	  
62.15 	 2.0001 	  1.993 	  
62.25 	 2 	  1.9853 	  
62.35 	 2 	  1.9775 	  
62.45 	 2.0001 	  1.9699 	  
62.55 	 2 	  1.9622 	  
62.65 	 2.0001 	  1.9547 	  
62.75 	 2.0001 	  1.9472 	  
62.85 	 2.0001 	  1.9397 	  
62.95 	 2.0001 	  1.9324 	  
63.05 	 2.0001 	  1.9252 	  
63.15 	 2.0001 	  1.918 	  
63.25 	 2.0001 	  1.911 	  
63.35 	 2.0001 	  1.9042 	  
63.45 	 2 	  1.8974 	  
63.55 	 2 	  1.8909 	  
63.65 	 2 	  1.8845 	  
63.75 	 2 	  1.8782 	  
63.85 	 2 	  1.8722 	  
63.95 	 2 	  1.8663 	  
64.05 	 2 	  1.8607 	  
64.15 	 2 	  1.8552 	  
64.25 	 2 	  1.85 	  
64.35 	 2 	  1.845 	  
64.45 	 2 	  1.8402 	  
64.55 	 2 	  1.8357 	  
64.65 	 2 	  1.8314 	  
64.75 	 2 	  1.8273 	  
64.85 	 2 	  1.8236 	  
64.95 	 2 	  1.82 	  
65.05 	 2 	  1.8168 	  
65.15 	 2 	  1.8138 	  
65.25 	 2 	  1.8111 	  
65.35 	 2 	  1.8087 	  
65.45 	 2 	  1.8066 	  
65.55 	 2 	  1.8048 	  
65.65 	 2 	  1.8032 	  
65.75 	 2 	  1.802 	  
65.85 	 2 	  1.8011 	  
65.95 	 2 	  1.8004 	  
66.05 	 2 	  1.8001 	  
66.15 	 2 	  1.8 	  
66.25 	 2 	  1.8003 	  
66.35 	 2 	  1.8008 	  
66.45 	 2 	  1.8017 	  
66.55 	 2 	  1.8028 	  
66.65 	 2 	  1.8043 	  
66.75 	 2 	  1.806 	  
66.85 	 2 	  1.808 	  
66.95 	 2 	  1.8103 	  
67.05 	 2 	  1.8129 	  
67.15 	 2 	  1.8158 	  
67.25 	 2 	  1.819 	  
67.35 	 2 	  1.8224 	  
67.45 	 2 	  1.8261 	  
67.55 	 2 	  1.8301 	  
67.65 	 2 	  1.8343 	  
67.75 	 2 	  1.8387 	  
67.85 	 2 	  1.8434 	  
67.95 	 2 	  1.8484 	  
68.05 	 2 	  1.8535 	  
68.15 	 2 	  1.8589 	  
68.25 	 2 	  1.8645 	  
68.35 	 2 	  1.8703 	  
68.45 	 2 	  1.8763 	  
68.55 	 2 	  1.8825 	  
68.65 	 2 	  1.8888 	  
68.75 	 2 	  1.8953 	  
68.85 	 2 	  1.902 	  
68.95 	 2 	  1.9088 	  
69.05 	 2 	  1.9158 	  
69.15 	 2 	  1.9229 	  
69.25 	 2 	  1.9301 	  
69.35 	 2 	  1.9374 	  
69.45 	 2 	  1.9448 	  
69.55 	 2 	  1.9523 	  
69.65 	 2 	  1.9598 	  
69.75 	 2 	  1.9674 	  
69.85 	 2 	  1.9751 	  
69.95 	 2 	  1.9828 	  
70.05 	 2 	  1.9905 	  
70.15 	 2 	  1.9983 	  
70.25 	 2 	  2.006 	  
70.35 	 2 	  2.0138 	  
70.45 	 2 	  2.0215 	  
70.55 	 2 	  2.0291 	  
70.65 	 2 	  2.0368 	  
70.75 	 2 	  2.0444 	  
70.85 	 2 	  2.0519 	  
70.95 	 2 	  2.0593 	  
71.05 	 2 	  2.0667 	  
71.15 	 2 	  2.0739 	  
71.25 	 2 	  2.0811 	  
71.35 	 2 	  2.0881 	  
71.45 	 2 	  2.095 	  
71.55 	 2 	  2.1017 	  
71.65 	 2 	  2.1083 	  
71.75 	 2 	  2.1147 	  
71.85 	 2 	  2.121 	  
71.95 	 2 	  2.1271 	  
72.05 	 2 	  2.1329 	  
72.15 	 2 	  2.1386 	  
72.25 	 2 	  2.1441 	  
72.35 	 2 	  2.1494 	  
72.45 	 2 	  2.1544 	  
72.55 	 2 	  2.1592 	  
72.65 	 2 	  2.1638 	  
72.75 	 2 	  2.1681 	  
72.85 	 2 	  2.1722 	  
72.95 	 2 	  2.176 	  
73.05 	 2 	  2.1795 	  
73.15 	 2 	  2.1828 	  
73.25 	 2 	  2.1858 	  
73.35 	 2 	  2.1885 	  
73.45 	 2 	  2.191 	  
73.55 	 2 	  2.1931 	  
73.65 	 2 	  2.195 	  
73.75 	 2 	  2.1966 	  
73.85 	 2 	  2.1979 	  
73.95 	 2 	  2.1988 	  
74.05 	 2 	  2.1995 	  
74.15 	 2 	  2.1999 	  
74.25 	 2 	  2.2 	  
74.35 	 2 	  2.1998 	  
74.45 	 2 	  2.1993 	  
74.55 	 2 	  2.1985 	  
74.65 	 2 	  2.1973 	  
74.75 	 2 	  2.1959 	  
74.85 	 2 	  2.1942 	  
74.95 	 2 	  2.1922 	  
75.05 	 2 	  2.19 	  
75.15 	 2 	  2.1874 	  
75.25 	 2 	  2.1846 	  
75.35 	 2 	  2.1814 	  
75.45 	 2 	  2.178 	  
75.55 	 2 	  2.1744 	  
75.65 	 2 	  2.1705 	  
75.75 	 2 	  2.1663 	  
75.85 	 2 	  2.1619 	  
75.95 	 2 	  2.1572 	  
76.05 	 2 	  2.1523 	  
76.15 	 2 	  2.1472 	  
76.25 	 2 	  2.1418 	  
76.35 	 2 	  2.1362 	  
76.45 	 2 	  2.1305 	  
76.55 	 2 	  2.1245 	  
76.65 	 2 	  2.1183 	  
76.75 	 2 	  2.112 	  
76.85 	 2 	  2.1055 	  
76.95 	 2 	  2.0989 	  
77.05 	 2 	  2.0921 	  
77.15 	 2 	  2.0851 	  
77.25 	 2 	  2.078 	  
77.35 	 2 	  2.0709 	  
77.45 	 2 	  2.0636 	  
77.55 	 2 	  2.0562 	  
77.65 	 2 	  2.0487 	  
77.75 	 2 	  2.0412 	  
77.85 	 2 	  2.0335 	  
77.95 	 2 	  2.0259 	  
78.05 	 2 	  2.0182 	  
78.15 	 2 	  2.0105 	  
78.25 	 2 	  2.0027 	  
78.35 	 2 	  1.995 	  
78.45 	 2 	  1.9872 	  
78.55 	 2 	  1.9795 	  
78.65 	 2 	  1.9718 	  
78.75 	 2 	  1.9642 	  
78.85 	 2 	  1.9566 	  
78.95 	 2 	  1.9491 	  
79.05 	 2 	  1.9416 	  
79.15 	 2 	  1.9343 	  
79.25 	 2 	  1.927 	  
79.35 	 2 	  1.9198 	  
79.45 	 2 	  1.9128 	  
79.55 	 2 	  1.9059 	  
79.65 	 2 	  1.8991 	  
79.75 	 2 	  1.8925 	  
79.85 	 2 	  1.8861 	  
79.95 	 2 	  1.8798 	  
80.05 	 2 	  1.8737 	  
80.15 	 2 	  1.8678 	  
80.25 	 2 	  1.8621 	  
80.35 	 2 	  1.8566 	  
80.45 	 2 	  1.8513 	  
80.55 	 2 	  1.8462 	  
80.65 	 2 	  1.8414 	  
80.75 	 2 	  1.8368 	  
80.85 	 2 	  1.8324 	  
80.95 	 2 	  1.8283 	  
81.05 	 2 	  1.8245 	  
81.15 	 2 	  1.8209 	  
81.25 	 2 	  1.8176 	  
81.35 	 2 	  1.8146 	  
81.45 	 2 	  1.8118 	  
81.55 	 2 	  1.8093 	  
81.65 	 2 	  1.8071 	  
81.75 	 2 	  1.8052 	  
81.85 	 2 	  1.8036 	  
81.95 	 2 	  1.8023 	  
82.05 	 2 	  1.8013 	  
82.15 	 2 	  1.8006 	  
82.25 	 2 	  1.8001 	  
82.35 	 2 	  1.8 	  
82.45 	 2 	  1.8002 	  
82.55 	 2 	  1.8007 	  
82.65 	 2 	  1.8014 	  
82.75 	 2 	  1.8025 	  
82.85 	 2 	  1.8039 	  
82.95 	 2 	  1.8055 	  
83.05 	 2 	  1.8075 	  
83.15 	 2 	  1.8097 	  
83.25 	 2 	  1.8122 	  
83.35 	 2 	  1.8151 	  
83.45 	 2 	  1.8181 	  
83.55 	 2 	  1.8215 	  
83.65 	 2 	  1.8251 	  
83.75 	 2 	  1.829 	  
83.85 	 2 	  1.8332 	  
83.95 	 2 	  1.8376 	  
84.05 	 2 	  1.8422 	  
84.15 	 2 	  1.8471 	  
84.25 	 2 	  1.8522 	  
84.35 	 2 	  1.8575 	  
84.45 	 2 	  1.863 	  
84.55 	 2 	  1.8688 	  
84.65 	 2 	  1.8747 	  
84.75 	 2 	  1.8809 	  
84.85 	 2 	  1.8872 	  
84.95 	 2 	  1.8936 	  
85.05 	 2 	  1.9003 	  
85.15 	 2 	  1.9071 	  
85.25 	 2 	  1.914 	  
85.35 	 2 	  1.921 	  
85.45 	 2 	  1.9282 	  
85.55 	 2 	  1.9355 	  
85.65 	 2 	  1.9429 	  
85.75 	 2 	  1.9503 	  
85.85 	 2 	  1.9579 	  
85.95 	 2 	  1.9655 	  
86.05 	 2 	  1.9731 	  
86.15 	 2 	  1.9808 	  
86.25 	 2 	  1.9885 	  
86.35 	 2 	  1.9963 	  
86.45 	 2 	  2.004 	  
86.55 	 2 	  2.0118 	  
86.65 	 2 	  2.0195 	  
86.75 	 2 	  2.0272 	  
86.85 	 2 	  2.0348 	  
86.95 	 2 	  2.0424 	  
87.05 	 2 	  2.05 	  
87.15 	 2 	  2.0574 	  
87.25 	 2 	  2.0648 	  
87.35 	 2 	  2.0721 	  
87.45 	 2 	  2.0792 	  
87.55 	 2 	  2.0863 	  
87.65 	 2 	  2.0932 	  
87.75 	 2 	  2.1 	  
87.85 	 2 	  2.1066 	  
87.95 	 2 	  2.1131 	  
88.05 	 2 	  2.1194 	  
88.15 	 2 	  2.1255 	  
88.25 	 2 	  2.1314 	  
88.35 	 2 	  2.1372 	  
88.45 	 2 	  2.1427 	  
88.55 	 2 	  2.148 	  
88.65 	 2 	  2.1531 	  
88.75 	 2 	  2.158 	  
88.85 	 2 	  2.1626 	  
88.95 	 2 	  2.167 	  
89.05 	 2 	  2.1711 	  
89.15 	 2 	  2.175 	  
89.25 	 2 	  2.1786 	  
89.35 	 2 	  2.182 	  
89.45 	 2 	  2.1851 	  
89.55 	 2 	  2.1879 	  
89.65 	 2 	  2.1904 	  
89.75 	 2 	  2.1926 	  
89.85 	 2 	  2.1945 	  
89.95 	 2 	  2.1962 	  
90.05 	 2 	  2.1976 	  
90.15 	 2 	  2.1986 	  
90.25 	 2 	  2.1994 	  
90.35 	 2 	  2.1998 	  
90.45 	 2 	  2.2 	  
90.55 	 2 	  2.1999 	  
90.65 	 2 	  2.1994 	  
90.75 	 2 	  2.1987 	  
90.85 	 2 	  2.1977 	  
90.95 	 2 	  2.1963 	  
91.05 	 2 	  2.1947 	  
91.15 	 2 	  2.1928 	  
91.25 	 2 	  2.1906 	  
91.35 	 2 	  2.1881 	  
91.45 	 2 	  2.1853 	  
91.55 	 2 	  2.1823 	  
91.65 	 2 	  2.1789 	  
91.75 	 2 	  2.1754 	  
91.85 	 2 	  2.1715 	  
91.95 	 2 	  2.1674 	  
92.05 	 2 	  2.163 	  
92.15 	 2 	  2.1584 	  
92.25 	 2 	  2.1536 	  
92.35 	 2 	  2.1485 	  
92.45 	 2 	  2.1432 	  
92.55 	 2 	  2.1377 	  
92.65 	 2 	  2.132 	  
92.75 	 2 	  2.126 	  
92.85 	 2 	  2.1199 	  
92.95 	 2 	  2.1137 	  
93.05 	 2 	  2.1072 	  
93.15 	 2 	  2.1006 	  
93.25 	 2 	  2.0938 	  
93.35 	 2 	  2.0869 	  
93.45 	 2 	  2.0799 	  
93.55 	 2 	  2.0727 	  
93.65 	 2 	  2.0654 	  
93.75 	 2 	  2.0581 	  
93.85 	 2 	  2.0506 	  
93.95 	 2 	  2.0431 	  
94.05 	 2 	  2.0355 	  
94.15 	 2 	  2.0279 	  
94.25 	 2 	  2.0202 	  
94.35 	 2 	  2.0125 	  
94.45 	 2 	  2.0047 	  
94.55 	 2 	  1.997 	  
94.65 	 2 	  1.9892 	  
94.75 	 2 	  1.9815 	  
94.85 	 2 	  1.9738 	  
94.95 	 2 	  1.9662 	  
95.05 	 2 	  1.9585 	  
95.15 	 2 	  1.951 	  
95.25 	 2 	  1.9435 	  
95.35 	 2 	  1.9361 	  
95.45 	 2 	  1.9289 	  
95.55 	 2 	  1.9217 	  
95.65 	 2 	  1.9146 	  
95.75 	 2 	  1.9077 	  
95.85 	 2 	  1.9009 	  
95.95 	 2 	  1.8942 	  
96.05 	 2 	  1.8877 	  
96.15 	 2 	  1.8814 	  
96.25 	 2 	  1.8753 	  
96.35 	 2 	  1.8693 	  
96.45 	 2 	  1.8635 	  
96.55 	 2 	  1.858 	  
96.65 	 2 	  1.8526 	  
96.75 	 2 	  1.8475 	  
96.85 	 2 	  1.8426 	  
96.95 	 2 	  1.838 	  
97.05 	 2 	  1.8335 	  
97.15 	 2 	  1.8294 	  
97.25 	 2 	  1.8255 	  
97.35 	 2 	  1.8218 	  
97.45 	 2 	  1.8184 	  
97.55 	 2 	  1.8153 	  
97.65 	 2 	  1.8125 	  
97.75 	 2 	  1.8099 	  
97.85 	 2 	  1.8077 	  
97.95 	 2 	  1.8057 	  
98.05 	 2 	  1.804 	  
98.15 	 2 	  1.8026 	  
98.25 	 2 	  1.8015 	  
98.35 	 2 	  1.8007 	  
98.45 	 2 	  1.8002 	  
98.55 	 2 	  1.8 	  
98.65 	 2 	  1.8001 	  
98.75 	 2 	  1.8005 	  
98.85 	 2 	  1.8012 	  
98.95 	 2 	  1.8022 	  
99.05 	 2 	  1.8035 	  
99.15 	 2 	  1.8051 	  
99.25 	 2 	  1.8069 	  
99.35 	 2 	  1.8091 	  
99.45 	 2 	  1.8116 	  
99.55 	 2 	  1.8143 	  
99.65 	 2 	  1.8173 	  
99.75 	 2 	  1.8206 	  
99.85 	 2 	  1.8242 	  
99.95 	 2 	  1.828 	  
100.05 	 2 	  1.8321 	  
100.15 	 2 	  1.8364 	  
100.25 	 2 	  1.841 	  
100.35 	 2 	  1.8458 	  
100.45 	 2 	  1.8508 	  
100.55 	 2 	  1.8561 	  
100.65 	 2 	  1.8616 	  
100.75 	 2 	  1.8673 	  
100.85 	 2 	  1.8732 	  
100.95 	 2 	  1.8793 	  
101.05 	 2 	  1.8855 	  
101.15 	 2 	  1.892 	  
101.25 	 2 	  1.8986 	  
101.35 	 2 	  1.9053 	  
101.45 	 2 	  1.9122 	  
101.55 	 2 	  1.9192 	  
101.65 	 2 	  1.9264 	  
101.75 	 2 	  1.9336 	  
101.85 	 1.9999 	  1.941 	  
101.95 	 1.9999 	  1.9484 	  
102.05 	 1.9999 	  1.9559 	  
102.15 	 1.9999 	  1.9635 	  
102.25 	 1.9999 	  1.9712 	  
102.35 	 1.9999 	  1.9788 	  
102.45 	 1.9999 	  1.9866 	  
102.55 	 1.9999 	  1.9943 	  
102.65 	 1.9999 	  2.002 	  
102.75 	 1.9999 	  2.0098 	  
102.85 	 1.9999 	  2.0175 	  
102.95 	 1.9999 	  2.0252 	  
103.05 	 1.9999 	  2.0329 	  
103.15 	 1.9999 	  2.0405 	  
103.25 	 1.9999 	  2.048 	  
103.35 	 1.9999 	  2.0555 	  
103.45 	 1.9999 	  2.0629 	  
103.55 	 1.9999 	  2.0702 	  
103.65 	 1.9999 	  2.0774 	  
103.75 	 1.9999 	  2.0845 	  
103.85 	 1.9999 	  2.0914 	  
103.95 	 1.9999 	  2.0983 	  
104.05 	 1.9999 	  2.1049 	  
104.15 	 1.9999 	  2.1114 	  
104.25 	 1.9999 	  2.1178 	  
104.35 	 1.9999 	  2.124 	  
104.45 	 1.9999 	  2.1299 	  
104.55 	 1.9999 	  2.1357 	  
104.65 	 1.9999 	  2.1413 	  
104.75 	 1.9999 	  2.1467 	  
104.85 	 1.9999 	  2.1518 	  
104.95 	 1.9999 	  2.1568 	  
105.05 	 1.9999 	  2.1615 	  
105.15 	 1.9999 	  2.1659 	  
105.25 	 1.9999 	  2.1701 	  
105.35 	 1.9999 	  2.1741 	  
105.45 	 1.9999 	  2.1777 	  
105.55 	 1.9999 	  2.1812 	  
105.65 	 1.9999 	  2.1843 	  
105.75 	 1.9999 	  2.1872 	  
105.85 	 1.9999 	  2.1898 	  
105.95 	 1.9999 	  2.1921 	  
106.05 	 1.9999 	  2.1941 	  
106.15 	 1.9999 	  2.1958 	  
106.25 	 1.9999 	  2.1972 	  
106.35 	 1.9999 	  2.1984 	  
106.45 	 1.9999 	  2.1992 	  
106.55 	 1.9999 	  2.1997 	  
106.65 	 1.9999 	  2.2 	  
106.75 	 1.9999 	  2.1999 	  
106.85 	 1.9999 	  2.1996 	  
106.95 	 1.9999 	  2.1989 	  
107.05 	 1.9999 	  2.198 	  
107.15 	 1.9999 	  2.1967 	  
107.25 	 1.9999 	  2.1952 	  
107.35 	 1.9999 	  2.1933 	  
107.45 	 1.9999 	  2.1912 	  
107.55 	 1.9999 	  2.1888 	  
107.65 	 1.9999 	  2.1861 	  
107.75 	 1.9999 	  2.1831 	  
107.85 	 1.9999 	  2.1798 	  
107.95 	 1.9999 	  2.1763 	  
108.05 	 1.9999 	  2.1725 	  
108.15 	 1.9999 	  2.1685 	  
108.25 	 2 	  2.1642 	  
108.35 	 2 	  2.1596 	  
108.45 	 2 	  2.1548 	  
108.55 	 2 	  2.1498 	  
108.65 	 2 	  2.1446 	  
108.75 	 2 	  2.1391 	  
108.85 	 2 	  2.1335 	  
108.95 	 2 	  2.1276 	  
