simtime:  3.0994
number of wsf-lines:  1

line_No     y_coord
1	 1.5
2	  Wave Theory 


X 1	 P 1 	 	 	 	 W 1

0.05 	 2.1988 	  2.1981 	  
0.15 	 2.1995 	  2.199 	  
0.25 	 2.1998 	  2.1996 	  
0.35 	 2.1999 	  2.2 	  
0.45 	 2.1997 	  2.2 	  
0.55 	 2.1992 	  2.1997 	  
0.65 	 2.1984 	  2.1991 	  
0.75 	 2.1973 	  2.1982 	  
0.85 	 2.1959 	  2.197 	  
0.95 	 2.1943 	  2.1955 	  
1.05 	 2.1923 	  2.1938 	  
1.15 	 2.1901 	  2.1917 	  
1.25 	 2.1876 	  2.1893 	  
1.35 	 2.1849 	  2.1867 	  
1.45 	 2.1818 	  2.1838 	  
1.55 	 2.1785 	  2.1806 	  
1.65 	 2.1749 	  2.1771 	  
1.75 	 2.1711 	  2.1734 	  
1.85 	 2.167 	  2.1694 	  
1.95 	 2.1627 	  2.1652 	  
2.05 	 2.1581 	  2.1607 	  
2.15 	 2.1533 	  2.156 	  
2.25 	 2.1482 	  2.151 	  
2.35 	 2.143 	  2.1458 	  
2.45 	 2.1375 	  2.1404 	  
2.55 	 2.1318 	  2.1348 	  
2.65 	 2.1259 	  2.129 	  
2.75 	 2.1198 	  2.1229 	  
2.85 	 2.1136 	  2.1167 	  
2.95 	 2.1072 	  2.1104 	  
3.05 	 2.1006 	  2.1038 	  
3.15 	 2.0938 	  2.0971 	  
3.25 	 2.0869 	  2.0903 	  
3.35 	 2.0799 	  2.0833 	  
3.45 	 2.0728 	  2.0762 	  
3.55 	 2.0655 	  2.069 	  
3.65 	 2.0581 	  2.0617 	  
3.75 	 2.0507 	  2.0543 	  
3.85 	 2.0431 	  2.0468 	  
3.95 	 2.0355 	  2.0392 	  
4.05 	 2.0278 	  2.0316 	  
4.15 	 2.0201 	  2.0239 	  
4.25 	 2.0124 	  2.0162 	  
4.35 	 2.0046 	  2.0085 	  
4.45 	 1.9968 	  2.0007 	  
4.55 	 1.989 	  1.993 	  
4.65 	 1.9812 	  1.9853 	  
4.75 	 1.9735 	  1.9776 	  
4.85 	 1.9657 	  1.9699 	  
4.95 	 1.958 	  1.9622 	  
5.05 	 1.9504 	  1.9547 	  
5.15 	 1.9429 	  1.9472 	  
5.25 	 1.9354 	  1.9397 	  
5.35 	 1.928 	  1.9324 	  
5.45 	 1.9208 	  1.9252 	  
5.55 	 1.9136 	  1.918 	  
5.65 	 1.9066 	  1.911 	  
5.75 	 1.8997 	  1.9042 	  
5.85 	 1.8929 	  1.8974 	  
5.95 	 1.8864 	  1.8909 	  
6.05 	 1.88 	  1.8845 	  
6.15 	 1.8737 	  1.8782 	  
6.25 	 1.8677 	  1.8722 	  
6.35 	 1.8619 	  1.8663 	  
6.45 	 1.8563 	  1.8607 	  
6.55 	 1.8509 	  1.8552 	  
6.65 	 1.8457 	  1.85 	  
6.75 	 1.8408 	  1.845 	  
6.85 	 1.8362 	  1.8402 	  
6.95 	 1.8318 	  1.8357 	  
7.05 	 1.8276 	  1.8314 	  
7.15 	 1.8238 	  1.8273 	  
7.25 	 1.8202 	  1.8236 	  
7.35 	 1.8169 	  1.82 	  
7.45 	 1.8139 	  1.8168 	  
7.55 	 1.8112 	  1.8138 	  
7.65 	 1.8088 	  1.8111 	  
7.75 	 1.8067 	  1.8087 	  
7.85 	 1.8049 	  1.8066 	  
7.95 	 1.8035 	  1.8048 	  
8.05 	 1.8023 	  1.8032 	  
8.15 	 1.8015 	  1.802 	  
8.25 	 1.8009 	  1.8011 	  
8.35 	 1.8007 	  1.8004 	  
8.45 	 1.8008 	  1.8001 	  
8.55 	 1.8012 	  1.8 	  
8.65 	 1.8019 	  1.8003 	  
8.75 	 1.8029 	  1.8008 	  
8.85 	 1.8043 	  1.8017 	  
8.95 	 1.8059 	  1.8028 	  
9.05 	 1.8078 	  1.8043 	  
9.15 	 1.81 	  1.806 	  
9.25 	 1.8125 	  1.808 	  
9.35 	 1.8153 	  1.8103 	  
9.45 	 1.8184 	  1.8129 	  
9.55 	 1.8217 	  1.8158 	  
9.65 	 1.8252 	  1.819 	  
9.75 	 1.8291 	  1.8224 	  
9.85 	 1.8331 	  1.8261 	  
9.95 	 1.8374 	  1.83 	  
10.05 	 1.842 	  1.8343 	  
10.15 	 1.8467 	  1.8387 	  
10.25 	 1.8517 	  1.8434 	  
10.35 	 1.8568 	  1.8484 	  
10.45 	 1.8622 	  1.8535 	  
10.55 	 1.8677 	  1.8589 	  
10.65 	 1.8734 	  1.8645 	  
10.75 	 1.8792 	  1.8703 	  
10.85 	 1.8852 	  1.8763 	  
10.95 	 1.8913 	  1.8824 	  
11.05 	 1.8976 	  1.8888 	  
11.15 	 1.9039 	  1.8953 	  
11.25 	 1.9104 	  1.902 	  
11.35 	 1.917 	  1.9088 	  
11.45 	 1.9237 	  1.9158 	  
11.55 	 1.9304 	  1.9229 	  
11.65 	 1.9372 	  1.9301 	  
11.75 	 1.9441 	  1.9374 	  
11.85 	 1.951 	  1.9448 	  
11.95 	 1.9579 	  1.9523 	  
12.05 	 1.9648 	  1.9598 	  
12.15 	 1.9718 	  1.9674 	  
12.25 	 1.9788 	  1.9751 	  
12.35 	 1.9858 	  1.9828 	  
12.45 	 1.9927 	  1.9905 	  
12.55 	 1.9997 	  1.9983 	  
12.65 	 2.0065 	  2.006 	  
12.75 	 2.0134 	  2.0137 	  
12.85 	 2.0201 	  2.0215 	  
12.95 	 2.0268 	  2.0291 	  
13.05 	 2.0334 	  2.0368 	  
13.15 	 2.04 	  2.0444 	  
13.25 	 2.0465 	  2.0519 	  
13.35 	 2.0529 	  2.0593 	  
13.45 	 2.0592 	  2.0667 	  
13.55 	 2.0654 	  2.0739 	  
13.65 	 2.0716 	  2.0811 	  
13.75 	 2.0776 	  2.0881 	  
13.85 	 2.0836 	  2.095 	  
13.95 	 2.0894 	  2.1017 	  
14.05 	 2.0951 	  2.1083 	  
14.15 	 2.1007 	  2.1147 	  
14.25 	 2.1062 	  2.121 	  
14.35 	 2.1114 	  2.127 	  
14.45 	 2.1166 	  2.1329 	  
14.55 	 2.1216 	  2.1386 	  
14.65 	 2.1266 	  2.1441 	  
14.75 	 2.1316 	  2.1494 	  
14.85 	 2.1367 	  2.1544 	  
14.95 	 2.1418 	  2.1592 	  
15.05 	 2.1471 	  2.1638 	  
15.15 	 2.1524 	  2.1681 	  
15.25 	 2.158 	  2.1722 	  
15.35 	 2.1636 	  2.176 	  
15.45 	 2.1695 	  2.1795 	  
15.55 	 2.1757 	  2.1828 	  
15.65 	 2.1821 	  2.1858 	  
15.75 	 2.1886 	  2.1885 	  
15.85 	 2.1953 	  2.191 	  
15.95 	 2.202 	  2.1931 	  
16.05 	 2.2085 	  2.195 	  
16.15 	 2.2148 	  2.1966 	  
16.25 	 2.2208 	  2.1979 	  
16.35 	 2.2263 	  2.1988 	  
16.45 	 2.2311 	  2.1995 	  
16.55 	 2.2351 	  2.1999 	  
16.65 	 2.2381 	  2.2 	  
16.75 	 2.2401 	  2.1998 	  
16.85 	 2.2409 	  2.1993 	  
16.95 	 2.2405 	  2.1985 	  
17.05 	 2.2389 	  2.1973 	  
17.15 	 2.2361 	  2.1959 	  
17.25 	 2.2322 	  2.1942 	  
17.35 	 2.2272 	  2.1923 	  
17.45 	 2.2211 	  2.19 	  
17.55 	 2.2142 	  2.1874 	  
17.65 	 2.2065 	  2.1846 	  
17.75 	 2.1982 	  2.1814 	  
17.85 	 2.1893 	  2.1781 	  
17.95 	 2.18 	  2.1744 	  
18.05 	 2.1704 	  2.1705 	  
18.15 	 2.1607 	  2.1663 	  
18.25 	 2.1509 	  2.1619 	  
18.35 	 2.141 	  2.1572 	  
18.45 	 2.1312 	  2.1523 	  
18.55 	 2.1216 	  2.1472 	  
18.65 	 2.112 	  2.1418 	  
18.75 	 2.1027 	  2.1362 	  
18.85 	 2.0936 	  2.1305 	  
18.95 	 2.0848 	  2.1245 	  
19.05 	 2.0763 	  2.1184 	  
19.15 	 2.0681 	  2.112 	  
19.25 	 2.0602 	  2.1055 	  
19.35 	 2.0527 	  2.0989 	  
19.45 	 2.0456 	  2.0921 	  
19.55 	 2.0388 	  2.0851 	  
19.65 	 2.0324 	  2.0781 	  
19.75 	 2.0263 	  2.0709 	  
19.85 	 2.0205 	  2.0636 	  
19.95 	 2.0151 	  2.0562 	  
20.05 	 2.01 	  2.0487 	  
20.15 	 2.0052 	  2.0412 	  
20.25 	 2.0007 	  2.0336 	  
20.35 	 1.9966 	  2.0259 	  
20.45 	 1.9927 	  2.0182 	  
20.55 	 1.9891 	  2.0105 	  
20.65 	 1.9857 	  2.0027 	  
20.75 	 1.9827 	  1.995 	  
20.85 	 1.9798 	  1.9873 	  
20.95 	 1.9773 	  1.9795 	  
21.05 	 1.9749 	  1.9719 	  
21.15 	 1.9727 	  1.9642 	  
21.25 	 1.9708 	  1.9566 	  
21.35 	 1.9691 	  1.9491 	  
21.45 	 1.9675 	  1.9416 	  
21.55 	 1.9661 	  1.9343 	  
21.65 	 1.9649 	  1.927 	  
21.75 	 1.9638 	  1.9199 	  
21.85 	 1.9629 	  1.9128 	  
21.95 	 1.9621 	  1.9059 	  
22.05 	 1.9615 	  1.8992 	  
22.15 	 1.961 	  1.8925 	  
22.25 	 1.9606 	  1.8861 	  
22.35 	 1.9603 	  1.8798 	  
22.45 	 1.9601 	  1.8737 	  
22.55 	 1.96 	  1.8678 	  
22.65 	 1.9599 	  1.8621 	  
22.75 	 1.96 	  1.8566 	  
22.85 	 1.9601 	  1.8513 	  
22.95 	 1.9603 	  1.8462 	  
23.05 	 1.9606 	  1.8414 	  
23.15 	 1.9609 	  1.8368 	  
23.25 	 1.9613 	  1.8325 	  
23.35 	 1.9617 	  1.8283 	  
23.45 	 1.9622 	  1.8245 	  
23.55 	 1.9627 	  1.8209 	  
23.65 	 1.9632 	  1.8176 	  
23.75 	 1.9638 	  1.8146 	  
23.85 	 1.9644 	  1.8118 	  
23.95 	 1.965 	  1.8093 	  
24.05 	 1.9657 	  1.8071 	  
24.15 	 1.9663 	  1.8052 	  
24.25 	 1.967 	  1.8036 	  
24.35 	 1.9677 	  1.8023 	  
24.45 	 1.9684 	  1.8013 	  
24.55 	 1.9691 	  1.8006 	  
24.65 	 1.9698 	  1.8001 	  
24.75 	 1.9705 	  1.8 	  
24.85 	 1.9713 	  1.8002 	  
24.95 	 1.972 	  1.8006 	  
25.05 	 1.9727 	  1.8014 	  
25.15 	 1.9734 	  1.8025 	  
25.25 	 1.9741 	  1.8039 	  
25.35 	 1.9749 	  1.8055 	  
25.45 	 1.9756 	  1.8075 	  
25.55 	 1.9763 	  1.8097 	  
25.65 	 1.9769 	  1.8122 	  
25.75 	 1.9776 	  1.8151 	  
25.85 	 1.9783 	  1.8181 	  
25.95 	 1.979 	  1.8215 	  
26.05 	 1.9796 	  1.8251 	  
26.15 	 1.9803 	  1.829 	  
26.25 	 1.9809 	  1.8332 	  
26.35 	 1.9815 	  1.8375 	  
26.45 	 1.9821 	  1.8422 	  
26.55 	 1.9827 	  1.8471 	  
26.65 	 1.9833 	  1.8522 	  
26.75 	 1.9839 	  1.8575 	  
26.85 	 1.9844 	  1.863 	  
26.95 	 1.985 	  1.8688 	  
27.05 	 1.9855 	  1.8747 	  
27.15 	 1.986 	  1.8808 	  
27.25 	 1.9865 	  1.8872 	  
27.35 	 1.987 	  1.8936 	  
27.45 	 1.9875 	  1.9003 	  
27.55 	 1.9879 	  1.9071 	  
27.65 	 1.9884 	  1.914 	  
27.75 	 1.9888 	  1.921 	  
27.85 	 1.9892 	  1.9282 	  
27.95 	 1.9896 	  1.9355 	  
28.05 	 1.99 	  1.9429 	  
28.15 	 1.9904 	  1.9503 	  
28.25 	 1.9908 	  1.9579 	  
28.35 	 1.9911 	  1.9655 	  
28.45 	 1.9915 	  1.9731 	  
28.55 	 1.9918 	  1.9808 	  
28.65 	 1.9922 	  1.9885 	  
28.75 	 1.9925 	  1.9963 	  
28.85 	 1.9928 	  2.004 	  
28.95 	 1.9931 	  2.0118 	  
29.05 	 1.9934 	  2.0195 	  
29.15 	 1.9936 	  2.0272 	  
29.25 	 1.9939 	  2.0348 	  
29.35 	 1.9941 	  2.0424 	  
29.45 	 1.9944 	  2.0499 	  
29.55 	 1.9946 	  2.0574 	  
29.65 	 1.9949 	  2.0648 	  
29.75 	 1.9951 	  2.0721 	  
29.85 	 1.9953 	  2.0792 	  
29.95 	 1.9955 	  2.0863 	  
30.05 	 1.9957 	  2.0932 	  
30.15 	 1.9959 	  2.1 	  
30.25 	 1.996 	  2.1066 	  
30.35 	 1.9962 	  2.1131 	  
30.45 	 1.9964 	  2.1194 	  
30.55 	 1.9965 	  2.1255 	  
30.65 	 1.9967 	  2.1314 	  
30.75 	 1.9968 	  2.1372 	  
30.85 	 1.997 	  2.1427 	  
30.95 	 1.9971 	  2.148 	  
31.05 	 1.9973 	  2.1531 	  
31.15 	 1.9974 	  2.158 	  
31.25 	 1.9975 	  2.1626 	  
31.35 	 1.9976 	  2.167 	  
31.45 	 1.9977 	  2.1711 	  
31.55 	 1.9978 	  2.175 	  
31.65 	 1.9979 	  2.1786 	  
31.75 	 1.998 	  2.182 	  
31.85 	 1.9981 	  2.1851 	  
31.95 	 1.9982 	  2.1879 	  
32.05 	 1.9983 	  2.1904 	  
32.15 	 1.9984 	  2.1926 	  
32.25 	 1.9984 	  2.1945 	  
32.35 	 1.9985 	  2.1962 	  
32.45 	 1.9986 	  2.1976 	  
32.55 	 1.9987 	  2.1986 	  
32.65 	 1.9987 	  2.1994 	  
32.75 	 1.9988 	  2.1998 	  
32.85 	 1.9988 	  2.2 	  
32.95 	 1.9989 	  2.1999 	  
33.05 	 1.9989 	  2.1994 	  
33.15 	 1.999 	  2.1987 	  
33.25 	 1.999 	  2.1977 	  
33.35 	 1.9991 	  2.1963 	  
33.45 	 1.9991 	  2.1947 	  
33.55 	 1.9992 	  2.1928 	  
33.65 	 1.9992 	  2.1906 	  
33.75 	 1.9993 	  2.1881 	  
33.85 	 1.9993 	  2.1853 	  
33.95 	 1.9993 	  2.1823 	  
34.05 	 1.9994 	  2.179 	  
34.15 	 1.9994 	  2.1754 	  
34.25 	 1.9994 	  2.1715 	  
34.35 	 1.9995 	  2.1674 	  
34.45 	 1.9995 	  2.163 	  
34.55 	 1.9995 	  2.1584 	  
34.65 	 1.9995 	  2.1536 	  
34.75 	 1.9996 	  2.1485 	  
34.85 	 1.9996 	  2.1432 	  
34.95 	 1.9996 	  2.1377 	  
35.05 	 1.9996 	  2.132 	  
35.15 	 1.9996 	  2.1261 	  
35.25 	 1.9997 	  2.12 	  
35.35 	 1.9997 	  2.1137 	  
35.45 	 1.9997 	  2.1072 	  
35.55 	 1.9997 	  2.1006 	  
35.65 	 1.9997 	  2.0938 	  
35.75 	 1.9997 	  2.0869 	  
35.85 	 1.9998 	  2.0799 	  
35.95 	 1.9998 	  2.0727 	  
36.05 	 1.9998 	  2.0655 	  
36.15 	 1.9998 	  2.0581 	  
36.25 	 1.9998 	  2.0506 	  
36.35 	 1.9998 	  2.0431 	  
36.45 	 1.9998 	  2.0355 	  
36.55 	 1.9998 	  2.0279 	  
36.65 	 1.9998 	  2.0202 	  
36.75 	 1.9999 	  2.0125 	  
36.85 	 1.9999 	  2.0047 	  
36.95 	 1.9999 	  1.997 	  
37.05 	 1.9999 	  1.9892 	  
37.15 	 1.9999 	  1.9815 	  
37.25 	 1.9999 	  1.9738 	  
37.35 	 1.9999 	  1.9662 	  
37.45 	 1.9999 	  1.9586 	  
37.55 	 1.9999 	  1.951 	  
37.65 	 1.9999 	  1.9435 	  
37.75 	 1.9999 	  1.9362 	  
37.85 	 1.9999 	  1.9289 	  
37.95 	 1.9999 	  1.9217 	  
38.05 	 1.9999 	  1.9146 	  
38.15 	 1.9999 	  1.9077 	  
38.25 	 1.9999 	  1.9009 	  
38.35 	 1.9999 	  1.8942 	  
38.45 	 1.9999 	  1.8877 	  
38.55 	 2 	  1.8814 	  
38.65 	 2 	  1.8753 	  
38.75 	 2 	  1.8693 	  
38.85 	 2 	  1.8635 	  
38.95 	 2 	  1.858 	  
39.05 	 2 	  1.8526 	  
39.15 	 2 	  1.8475 	  
39.25 	 2 	  1.8426 	  
39.35 	 2 	  1.838 	  
39.45 	 2 	  1.8335 	  
39.55 	 2 	  1.8294 	  
39.65 	 2 	  1.8255 	  
39.75 	 2 	  1.8218 	  
39.85 	 2 	  1.8184 	  
39.95 	 2 	  1.8153 	  
40.05 	 2 	  1.8125 	  
40.15 	 2 	  1.8099 	  
40.25 	 2 	  1.8077 	  
40.35 	 2 	  1.8057 	  
40.45 	 2 	  1.804 	  
40.55 	 2 	  1.8026 	  
40.65 	 2 	  1.8015 	  
40.75 	 2 	  1.8007 	  
40.85 	 2 	  1.8002 	  
40.95 	 2 	  1.8 	  
41.05 	 2 	  1.8001 	  
41.15 	 2 	  1.8005 	  
41.25 	 2 	  1.8012 	  
41.35 	 2 	  1.8022 	  
41.45 	 2 	  1.8035 	  
41.55 	 2 	  1.8051 	  
41.65 	 2 	  1.8069 	  
41.75 	 2 	  1.8091 	  
41.85 	 2 	  1.8116 	  
41.95 	 2 	  1.8143 	  
42.05 	 2 	  1.8173 	  
42.15 	 2 	  1.8206 	  
42.25 	 2 	  1.8242 	  
42.35 	 2 	  1.828 	  
42.45 	 2 	  1.8321 	  
42.55 	 2 	  1.8364 	  
42.65 	 2 	  1.841 	  
42.75 	 2 	  1.8458 	  
42.85 	 2 	  1.8508 	  
42.95 	 2 	  1.8561 	  
43.05 	 2 	  1.8616 	  
43.15 	 2 	  1.8673 	  
43.25 	 2 	  1.8732 	  
43.35 	 2 	  1.8793 	  
43.45 	 2 	  1.8855 	  
43.55 	 2 	  1.8919 	  
43.65 	 2 	  1.8985 	  
43.75 	 2 	  1.9053 	  
43.85 	 2 	  1.9122 	  
43.95 	 2 	  1.9192 	  
44.05 	 2 	  1.9264 	  
44.15 	 2 	  1.9336 	  
44.25 	 2 	  1.941 	  
44.35 	 2 	  1.9484 	  
44.45 	 2 	  1.9559 	  
44.55 	 2 	  1.9635 	  
44.65 	 2 	  1.9711 	  
44.75 	 2 	  1.9788 	  
44.85 	 2 	  1.9865 	  
44.95 	 2 	  1.9943 	  
45.05 	 2 	  2.002 	  
45.15 	 2 	  2.0098 	  
45.25 	 2 	  2.0175 	  
45.35 	 2 	  2.0252 	  
45.45 	 2 	  2.0329 	  
45.55 	 2 	  2.0405 	  
45.65 	 2 	  2.048 	  
45.75 	 2 	  2.0555 	  
45.85 	 2 	  2.0629 	  
45.95 	 2 	  2.0702 	  
46.05 	 2 	  2.0774 	  
46.15 	 2 	  2.0845 	  
46.25 	 2 	  2.0914 	  
46.35 	 2 	  2.0982 	  
46.45 	 2 	  2.1049 	  
46.55 	 2 	  2.1114 	  
46.65 	 2 	  2.1178 	  
46.75 	 2 	  2.1239 	  
46.85 	 2 	  2.1299 	  
46.95 	 2 	  2.1357 	  
47.05 	 2 	  2.1413 	  
47.15 	 2 	  2.1467 	  
47.25 	 2 	  2.1518 	  
47.35 	 2 	  2.1568 	  
47.45 	 2 	  2.1615 	  
47.55 	 2 	  2.1659 	  
47.65 	 2 	  2.1701 	  
47.75 	 2 	  2.174 	  
47.85 	 2 	  2.1777 	  
47.95 	 2 	  2.1811 	  
48.05 	 2 	  2.1843 	  
48.15 	 2 	  2.1872 	  
48.25 	 2 	  2.1898 	  
48.35 	 2 	  2.1921 	  
48.45 	 2 	  2.1941 	  
48.55 	 2 	  2.1958 	  
48.65 	 2 	  2.1972 	  
48.75 	 2 	  2.1984 	  
48.85 	 2 	  2.1992 	  
48.95 	 2 	  2.1997 	  
49.05 	 2 	  2.2 	  
49.15 	 2 	  2.1999 	  
49.25 	 2 	  2.1996 	  
49.35 	 2 	  2.1989 	  
49.45 	 2 	  2.198 	  
49.55 	 2 	  2.1967 	  
49.65 	 2 	  2.1952 	  
49.75 	 2 	  2.1933 	  
49.85 	 2 	  2.1912 	  
49.95 	 2 	  2.1888 	  
50.05 	 2 	  2.1861 	  
50.15 	 2 	  2.1831 	  
50.25 	 2 	  2.1798 	  
50.35 	 2 	  2.1763 	  
50.45 	 2 	  2.1725 	  
50.55 	 2 	  2.1685 	  
50.65 	 2 	  2.1642 	  
50.75 	 2 	  2.1596 	  
50.85 	 2 	  2.1548 	  
50.95 	 2 	  2.1498 	  
51.05 	 2 	  2.1446 	  
51.15 	 2 	  2.1391 	  
51.25 	 2 	  2.1335 	  
51.35 	 2 	  2.1276 	  
51.45 	 2 	  2.1215 	  
51.55 	 2 	  2.1153 	  
51.65 	 2 	  2.1089 	  
51.75 	 2 	  2.1023 	  
51.85 	 2 	  2.0956 	  
51.95 	 2 	  2.0887 	  
52.05 	 2 	  2.0817 	  
52.15 	 2 	  2.0746 	  
52.25 	 2 	  2.0673 	  
52.35 	 2 	  2.06 	  
52.45 	 2 	  2.0526 	  
52.55 	 2 	  2.0451 	  
52.65 	 2 	  2.0375 	  
52.75 	 2 	  2.0298 	  
52.85 	 2 	  2.0222 	  
52.95 	 2 	  2.0145 	  
53.05 	 2 	  2.0067 	  
53.15 	 2 	  1.999 	  
53.25 	 2 	  1.9912 	  
53.35 	 2 	  1.9835 	  
53.45 	 2 	  1.9758 	  
53.55 	 2 	  1.9681 	  
53.65 	 2 	  1.9605 	  
53.75 	 2 	  1.9529 	  
53.85 	 2 	  1.9455 	  
53.95 	 2 	  1.9381 	  
54.05 	 2 	  1.9307 	  
54.15 	 2 	  1.9235 	  
54.25 	 2 	  1.9164 	  
54.35 	 2 	  1.9095 	  
54.45 	 2 	  1.9026 	  
54.55 	 2 	  1.8959 	  
54.65 	 2 	  1.8894 	  
54.75 	 2 	  1.883 	  
54.85 	 2 	  1.8768 	  
54.95 	 2 	  1.8708 	  
55.05 	 2 	  1.865 	  
55.15 	 2 	  1.8594 	  
55.25 	 2 	  1.854 	  
55.35 	 2 	  1.8488 	  
55.45 	 2 	  1.8439 	  
55.55 	 2 	  1.8391 	  
55.65 	 2 	  1.8347 	  
55.75 	 2 	  1.8304 	  
55.85 	 2 	  1.8264 	  
55.95 	 2 	  1.8227 	  
56.05 	 2 	  1.8193 	  
56.15 	 2 	  1.8161 	  
56.25 	 2 	  1.8132 	  
56.35 	 2 	  1.8106 	  
56.45 	 2 	  1.8082 	  
56.55 	 2 	  1.8062 	  
56.65 	 2 	  1.8044 	  
56.75 	 2 	  1.8029 	  
56.85 	 2 	  1.8018 	  
56.95 	 2 	  1.8009 	  
57.05 	 2 	  1.8003 	  
57.15 	 2 	  1.8 	  
57.25 	 2 	  1.8 	  
57.35 	 2 	  1.8004 	  
57.45 	 2 	  1.801 	  
57.55 	 2 	  1.8019 	  
57.65 	 2 	  1.8031 	  
57.75 	 2 	  1.8046 	  
57.85 	 2 	  1.8064 	  
57.95 	 2 	  1.8085 	  
58.05 	 2 	  1.8109 	  
58.15 	 2 	  1.8136 	  
58.25 	 2 	  1.8165 	  
58.35 	 2 	  1.8197 	  
58.45 	 2 	  1.8232 	  
58.55 	 2 	  1.827 	  
58.65 	 2 	  1.831 	  
58.75 	 2 	  1.8353 	  
58.85 	 2 	  1.8398 	  
58.95 	 2 	  1.8445 	  
59.05 	 2 	  1.8495 	  
59.15 	 2 	  1.8547 	  
59.25 	 2 	  1.8602 	  
59.35 	 2 	  1.8658 	  
59.45 	 2 	  1.8716 	  
59.55 	 2 	  1.8777 	  
59.65 	 2 	  1.8839 	  
59.75 	 2 	  1.8903 	  
59.85 	 2 	  1.8968 	  
59.95 	 2 	  1.9035 	  
60.05 	 2 	  1.9104 	  
60.15 	 2 	  1.9174 	  
60.25 	 2 	  1.9245 	  
60.35 	 2 	  1.9317 	  
60.45 	 2 	  1.9391 	  
60.55 	 2 	  1.9465 	  
60.65 	 2 	  1.954 	  
60.75 	 2 	  1.9615 	  
60.85 	 2 	  1.9692 	  
60.95 	 2 	  1.9768 	  
61.05 	 2 	  1.9846 	  
61.15 	 2 	  1.9923 	  
61.25 	 2 	  2 	  
61.35 	 2 	  2.0078 	  
61.45 	 2 	  2.0155 	  
61.55 	 2.0001 	  2.0232 	  
61.65 	 2.0001 	  2.0309 	  
61.75 	 2.0001 	  2.0385 	  
61.85 	 2.0001 	  2.0461 	  
61.95 	 2.0001 	  2.0536 	  
62.05 	 2 	  2.061 	  
62.15 	 2 	  2.0683 	  
62.25 	 2 	  2.0756 	  
62.35 	 1.9999 	  2.0827 	  
62.45 	 1.9999 	  2.0897 	  
62.55 	 2 	  2.0965 	  
62.65 	 2 	  2.1032 	  
62.75 	 2 	  2.1098 	  
62.85 	 2 	  2.1162 	  
62.95 	 2 	  2.1224 	  
63.05 	 2 	  2.1284 	  
63.15 	 2 	  2.1343 	  
63.25 	 2 	  2.1399 	  
63.35 	 2 	  2.1453 	  
63.45 	 2 	  2.1505 	  
63.55 	 2 	  2.1555 	  
63.65 	 2 	  2.1603 	  
63.75 	 2 	  2.1648 	  
63.85 	 2 	  2.169 	  
63.95 	 2 	  2.1731 	  
64.05 	 2 	  2.1768 	  
64.15 	 2 	  2.1803 	  
64.25 	 2 	  2.1835 	  
64.35 	 2 	  2.1865 	  
64.45 	 2 	  2.1891 	  
64.55 	 2 	  2.1915 	  
64.65 	 2 	  2.1936 	  
64.75 	 2 	  2.1954 	  
64.85 	 2 	  2.1969 	  
64.95 	 2 	  2.1981 	  
65.05 	 2 	  2.199 	  
65.15 	 2 	  2.1996 	  
65.25 	 2 	  2.2 	  
65.35 	 2 	  2.2 	  
65.45 	 2 	  2.1997 	  
65.55 	 2 	  2.1991 	  
65.65 	 2 	  2.1982 	  
65.75 	 2 	  2.1971 	  
65.85 	 2 	  2.1956 	  
65.95 	 2 	  2.1938 	  
66.05 	 2 	  2.1918 	  
66.15 	 2 	  2.1894 	  
66.25 	 2 	  2.1868 	  
66.35 	 2 	  2.1839 	  
66.45 	 2 	  2.1807 	  
66.55 	 2 	  2.1772 	  
66.65 	 2 	  2.1735 	  
66.75 	 2 	  2.1695 	  
66.85 	 2 	  2.1653 	  
66.95 	 2 	  2.1608 	  
67.05 	 2 	  2.1561 	  
67.15 	 2 	  2.1511 	  
67.25 	 2 	  2.146 	  
67.35 	 2 	  2.1406 	  
67.45 	 2 	  2.1349 	  
67.55 	 2 	  2.1291 	  
67.65 	 2 	  2.1231 	  
67.75 	 2 	  2.1169 	  
67.85 	 2 	  2.1106 	  
67.95 	 2 	  2.104 	  
68.05 	 2 	  2.0973 	  
68.15 	 2 	  2.0905 	  
68.25 	 2 	  2.0835 	  
68.35 	 2 	  2.0764 	  
68.45 	 2 	  2.0692 	  
68.55 	 2 	  2.0619 	  
68.65 	 2 	  2.0545 	  
68.75 	 2 	  2.047 	  
68.85 	 2 	  2.0394 	  
68.95 	 2 	  2.0318 	  
69.05 	 2 	  2.0241 	  
69.15 	 2 	  2.0164 	  
69.25 	 2 	  2.0087 	  
69.35 	 2 	  2.001 	  
69.45 	 2 	  1.9932 	  
69.55 	 2 	  1.9855 	  
69.65 	 2 	  1.9778 	  
69.75 	 2 	  1.9701 	  
69.85 	 2 	  1.9625 	  
69.95 	 2 	  1.9549 	  
70.05 	 2 	  1.9474 	  
70.15 	 2 	  1.9399 	  
70.25 	 2 	  1.9326 	  
70.35 	 2 	  1.9254 	  
70.45 	 2 	  1.9182 	  
70.55 	 2 	  1.9112 	  
70.65 	 2 	  1.9044 	  
70.75 	 2 	  1.8976 	  
70.85 	 2 	  1.8911 	  
70.95 	 2 	  1.8846 	  
71.05 	 2 	  1.8784 	  
71.15 	 2 	  1.8724 	  
71.25 	 2 	  1.8665 	  
71.35 	 2 	  1.8608 	  
71.45 	 2 	  1.8554 	  
71.55 	 2 	  1.8501 	  
71.65 	 2 	  1.8451 	  
71.75 	 2 	  1.8403 	  
71.85 	 2 	  1.8358 	  
71.95 	 2 	  1.8315 	  
72.05 	 2 	  1.8274 	  
72.15 	 2 	  1.8237 	  
72.25 	 2 	  1.8201 	  
72.35 	 2 	  1.8169 	  
72.45 	 2 	  1.8139 	  
72.55 	 2 	  1.8112 	  
72.65 	 2 	  1.8088 	  
72.75 	 2 	  1.8067 	  
72.85 	 2 	  1.8048 	  
72.95 	 2 	  1.8033 	  
73.05 	 2 	  1.802 	  
73.15 	 2 	  1.8011 	  
73.25 	 2 	  1.8004 	  
73.35 	 2 	  1.8001 	  
73.45 	 2 	  1.8 	  
73.55 	 2 	  1.8003 	  
73.65 	 2 	  1.8008 	  
73.75 	 2 	  1.8016 	  
73.85 	 2 	  1.8028 	  
73.95 	 2 	  1.8042 	  
74.05 	 2 	  1.8059 	  
74.15 	 2 	  1.808 	  
74.25 	 2 	  1.8103 	  
74.35 	 2 	  1.8129 	  
74.45 	 2 	  1.8157 	  
74.55 	 2 	  1.8189 	  
74.65 	 2 	  1.8223 	  
74.75 	 2 	  1.826 	  
74.85 	 2 	  1.8299 	  
74.95 	 2 	  1.8341 	  
75.05 	 2 	  1.8386 	  
75.15 	 2 	  1.8433 	  
75.25 	 2 	  1.8482 	  
75.35 	 2 	  1.8534 	  
75.45 	 2 	  1.8587 	  
75.55 	 2 	  1.8643 	  
75.65 	 2 	  1.8701 	  
75.75 	 2 	  1.8761 	  
75.85 	 2 	  1.8823 	  
75.95 	 2 	  1.8886 	  
76.05 	 2 	  1.8951 	  
76.15 	 2 	  1.9018 	  
76.25 	 2 	  1.9086 	  
76.35 	 2 	  1.9156 	  
76.45 	 2 	  1.9227 	  
76.55 	 2 	  1.9299 	  
76.65 	 2 	  1.9372 	  
76.75 	 2 	  1.9446 	  
76.85 	 2 	  1.952 	  
76.95 	 2 	  1.9596 	  
77.05 	 2 	  1.9672 	  
77.15 	 2 	  1.9749 	  
77.25 	 2 	  1.9826 	  
77.35 	 2 	  1.9903 	  
77.45 	 2 	  1.998 	  
77.55 	 2 	  2.0058 	  
77.65 	 2 	  2.0135 	  
77.75 	 2 	  2.0212 	  
77.85 	 2 	  2.0289 	  
77.95 	 2 	  2.0366 	  
78.05 	 2 	  2.0441 	  
78.15 	 2 	  2.0517 	  
78.25 	 2 	  2.0591 	  
78.35 	 2 	  2.0665 	  
78.45 	 2 	  2.0737 	  
78.55 	 2 	  2.0809 	  
78.65 	 2 	  2.0879 	  
78.75 	 2 	  2.0948 	  
78.85 	 2 	  2.1015 	  
78.95 	 2 	  2.1081 	  
79.05 	 2 	  2.1145 	  
79.15 	 2 	  2.1208 	  
79.25 	 2 	  2.1269 	  
79.35 	 2 	  2.1328 	  
79.45 	 2 	  2.1385 	  
79.55 	 2 	  2.1439 	  
79.65 	 2 	  2.1492 	  
79.75 	 2 	  2.1543 	  
79.85 	 2 	  2.1591 	  
79.95 	 2 	  2.1636 	  
80.05 	 2 	  2.168 	  
80.15 	 2 	  2.172 	  
80.25 	 2 	  2.1759 	  
80.35 	 2 	  2.1794 	  
80.45 	 2 	  2.1827 	  
80.55 	 2 	  2.1857 	  
80.65 	 2 	  2.1885 	  
80.75 	 2 	  2.1909 	  
80.85 	 2 	  2.1931 	  
80.95 	 2 	  2.1949 	  
81.05 	 2 	  2.1965 	  
81.15 	 2 	  2.1978 	  
81.25 	 2 	  2.1988 	  
81.35 	 2 	  2.1995 	  
81.45 	 2 	  2.1999 	  
81.55 	 2 	  2.2 	  
81.65 	 2 	  2.1998 	  
81.75 	 2 	  2.1993 	  
81.85 	 2 	  2.1985 	  
81.95 	 2 	  2.1974 	  
82.05 	 2 	  2.196 	  
82.15 	 2 	  2.1943 	  
82.25 	 2 	  2.1923 	  
82.35 	 2 	  2.19 	  
82.45 	 2 	  2.1875 	  
82.55 	 2 	  2.1847 	  
82.65 	 2 	  2.1815 	  
82.75 	 2 	  2.1782 	  
82.85 	 2 	  2.1745 	  
82.95 	 2 	  2.1706 	  
83.05 	 2 	  2.1664 	  
83.15 	 2 	  2.162 	  
83.25 	 2 	  2.1573 	  
83.35 	 2 	  2.1524 	  
83.45 	 2 	  2.1473 	  
83.55 	 2 	  2.142 	  
83.65 	 2 	  2.1364 	  
83.75 	 2 	  2.1306 	  
83.85 	 2 	  2.1247 	  
83.95 	 2 	  2.1185 	  
84.05 	 2 	  2.1122 	  
84.15 	 2 	  2.1057 	  
84.25 	 2 	  2.0991 	  
84.35 	 2 	  2.0923 	  
84.45 	 2 	  2.0853 	  
84.55 	 2 	  2.0783 	  
84.65 	 2 	  2.0711 	  
84.75 	 2 	  2.0638 	  
84.85 	 2 	  2.0564 	  
84.95 	 2 	  2.0489 	  
85.05 	 2 	  2.0414 	  
85.15 	 2 	  2.0338 	  
85.25 	 2 	  2.0261 	  
85.35 	 2 	  2.0184 	  
85.45 	 2 	  2.0107 	  
85.55 	 2 	  2.003 	  
85.65 	 2 	  1.9952 	  
85.75 	 2 	  1.9875 	  
85.85 	 2 	  1.9798 	  
85.95 	 2 	  1.9721 	  
86.05 	 2 	  1.9644 	  
86.15 	 2 	  1.9568 	  
86.25 	 2 	  1.9493 	  
86.35 	 2 	  1.9418 	  
86.45 	 2 	  1.9345 	  
86.55 	 2 	  1.9272 	  
86.65 	 2 	  1.9201 	  
86.75 	 2 	  1.913 	  
86.85 	 2 	  1.9061 	  
86.95 	 2 	  1.8993 	  
87.05 	 2 	  1.8927 	  
87.15 	 2 	  1.8863 	  
87.25 	 2 	  1.88 	  
87.35 	 2 	  1.8739 	  
87.45 	 2 	  1.868 	  
87.55 	 2 	  1.8623 	  
87.65 	 2 	  1.8567 	  
87.75 	 2 	  1.8515 	  
87.85 	 2 	  1.8464 	  
87.95 	 2 	  1.8415 	  
88.05 	 2 	  1.8369 	  
88.15 	 2 	  1.8326 	  
88.25 	 2 	  1.8285 	  
88.35 	 2 	  1.8246 	  
88.45 	 2 	  1.821 	  
88.55 	 2 	  1.8177 	  
88.65 	 2 	  1.8147 	  
88.75 	 2 	  1.8119 	  
88.85 	 2 	  1.8094 	  
88.95 	 2 	  1.8072 	  
89.05 	 2 	  1.8053 	  
89.15 	 2 	  1.8037 	  
89.25 	 2 	  1.8023 	  
89.35 	 2 	  1.8013 	  
89.45 	 2 	  1.8006 	  
89.55 	 2 	  1.8001 	  
89.65 	 2 	  1.8 	  
89.75 	 2 	  1.8002 	  
89.85 	 2 	  1.8006 	  
89.95 	 2 	  1.8014 	  
90.05 	 2 	  1.8025 	  
90.15 	 2 	  1.8038 	  
90.25 	 2 	  1.8055 	  
90.35 	 2 	  1.8074 	  
90.45 	 2 	  1.8096 	  
90.55 	 2 	  1.8122 	  
90.65 	 2 	  1.815 	  
90.75 	 2 	  1.818 	  
90.85 	 2 	  1.8214 	  
90.95 	 2 	  1.825 	  
91.05 	 2 	  1.8289 	  
91.15 	 2 	  1.833 	  
91.25 	 2 	  1.8374 	  
91.35 	 2 	  1.8421 	  
91.45 	 2 	  1.8469 	  
91.55 	 2 	  1.852 	  
91.65 	 2 	  1.8573 	  
91.75 	 2 	  1.8629 	  
91.85 	 2 	  1.8686 	  
91.95 	 2 	  1.8745 	  
92.05 	 2 	  1.8807 	  
92.15 	 2 	  1.887 	  
92.25 	 2 	  1.8934 	  
92.35 	 2 	  1.9001 	  
92.45 	 2 	  1.9069 	  
92.55 	 2 	  1.9138 	  
92.65 	 2 	  1.9208 	  
92.75 	 2 	  1.928 	  
92.85 	 2 	  1.9353 	  
92.95 	 2 	  1.9427 	  
93.05 	 2 	  1.9501 	  
93.15 	 2 	  1.9576 	  
93.25 	 2 	  1.9652 	  
93.35 	 2 	  1.9729 	  
93.45 	 2 	  1.9806 	  
93.55 	 2 	  1.9883 	  
93.65 	 2 	  1.9961 	  
93.75 	 2 	  2.0038 	  
93.85 	 2 	  2.0115 	  
93.95 	 2 	  2.0193 	  
94.05 	 2 	  2.0269 	  
94.15 	 2 	  2.0346 	  
94.25 	 2 	  2.0422 	  
94.35 	 2 	  2.0497 	  
94.45 	 2 	  2.0572 	  
94.55 	 2 	  2.0646 	  
94.65 	 2 	  2.0719 	  
94.75 	 2 	  2.079 	  
94.85 	 2 	  2.0861 	  
94.95 	 2 	  2.093 	  
95.05 	 2 	  2.0998 	  
95.15 	 2 	  2.1064 	  
95.25 	 2 	  2.1129 	  
95.35 	 2 	  2.1192 	  
95.45 	 2 	  2.1253 	  
95.55 	 2 	  2.1313 	  
95.65 	 2 	  2.137 	  
95.75 	 2 	  2.1426 	  
95.85 	 2 	  2.1479 	  
95.95 	 2 	  2.153 	  
96.05 	 2 	  2.1579 	  
96.15 	 2 	  2.1625 	  
96.25 	 2 	  2.1669 	  
96.35 	 2 	  2.171 	  
96.45 	 2 	  2.1749 	  
96.55 	 2 	  2.1785 	  
96.65 	 2 	  2.1819 	  
96.75 	 2 	  2.185 	  
96.85 	 2 	  2.1878 	  
96.95 	 2 	  2.1903 	  
97.05 	 2 	  2.1925 	  
97.15 	 2 	  2.1945 	  
97.25 	 2 	  2.1962 	  
97.35 	 2 	  2.1975 	  
97.45 	 2 	  2.1986 	  
97.55 	 2 	  2.1994 	  
97.65 	 2 	  2.1998 	  
97.75 	 2 	  2.2 	  
97.85 	 2 	  2.1999 	  
97.95 	 2 	  2.1994 	  
98.05 	 2 	  2.1987 	  
98.15 	 2 	  2.1977 	  
98.25 	 2 	  2.1964 	  
98.35 	 2 	  2.1948 	  
98.45 	 2 	  2.1929 	  
98.55 	 2 	  2.1907 	  
98.65 	 2 	  2.1882 	  
98.75 	 2 	  2.1854 	  
98.85 	 2 	  2.1824 	  
98.95 	 2 	  2.179 	  
99.05 	 2 	  2.1755 	  
99.15 	 2 	  2.1716 	  
99.25 	 2 	  2.1675 	  
99.35 	 2 	  2.1632 	  
99.45 	 2 	  2.1586 	  
99.55 	 2 	  2.1537 	  
99.65 	 2 	  2.1487 	  
99.75 	 2 	  2.1434 	  
99.85 	 2 	  2.1379 	  
99.95 	 2 	  2.1321 	  
100.05 	 2 	  2.1262 	  
100.15 	 2 	  2.1201 	  
100.25 	 2 	  2.1138 	  
100.35 	 2 	  2.1074 	  
100.45 	 2 	  2.1008 	  
100.55 	 2 	  2.094 	  
100.65 	 2 	  2.0871 	  
100.75 	 2 	  2.0801 	  
100.85 	 2 	  2.0729 	  
100.95 	 2 	  2.0657 	  
101.05 	 2 	  2.0583 	  
101.15 	 2 	  2.0508 	  
101.25 	 2 	  2.0433 	  
101.35 	 1.9999 	  2.0357 	  
101.45 	 1.9999 	  2.0281 	  
101.55 	 1.9999 	  2.0204 	  
101.65 	 1.9999 	  2.0127 	  
101.75 	 1.9999 	  2.0049 	  
101.85 	 1.9999 	  1.9972 	  
101.95 	 1.9999 	  1.9895 	  
102.05 	 1.9999 	  1.9817 	  
102.15 	 1.9999 	  1.974 	  
102.25 	 1.9999 	  1.9664 	  
102.35 	 1.9999 	  1.9588 	  
102.45 	 1.9999 	  1.9512 	  
102.55 	 1.9999 	  1.9438 	  
102.65 	 1.9999 	  1.9364 	  
102.75 	 1.9999 	  1.9291 	  
102.85 	 1.9999 	  1.9219 	  
102.95 	 1.9999 	  1.9148 	  
103.05 	 1.9999 	  1.9079 	  
103.15 	 1.9999 	  1.9011 	  
103.25 	 1.9999 	  1.8944 	  
103.35 	 1.9999 	  1.8879 	  
103.45 	 1.9999 	  1.8816 	  
103.55 	 1.9999 	  1.8754 	  
103.65 	 1.9999 	  1.8695 	  
103.75 	 1.9999 	  1.8637 	  
103.85 	 1.9999 	  1.8581 	  
103.95 	 1.9999 	  1.8528 	  
104.05 	 1.9999 	  1.8477 	  
104.15 	 1.9999 	  1.8428 	  
104.25 	 1.9999 	  1.8381 	  
104.35 	 1.9999 	  1.8337 	  
104.45 	 1.9999 	  1.8295 	  
104.55 	 1.9999 	  1.8256 	  
104.65 	 1.9999 	  1.8219 	  
104.75 	 1.9999 	  1.8185 	  
104.85 	 1.9999 	  1.8154 	  
104.95 	 1.9999 	  1.8126 	  
105.05 	 1.9999 	  1.81 	  
105.15 	 1.9999 	  1.8077 	  
105.25 	 1.9999 	  1.8057 	  
105.35 	 1.9999 	  1.804 	  
105.45 	 1.9999 	  1.8026 	  
105.55 	 1.9999 	  1.8015 	  
105.65 	 1.9999 	  1.8007 	  
105.75 	 1.9999 	  1.8002 	  
105.85 	 1.9999 	  1.8 	  
105.95 	 1.9999 	  1.8001 	  
106.05 	 1.9999 	  1.8005 	  
106.15 	 1.9999 	  1.8012 	  
106.25 	 1.9999 	  1.8022 	  
106.35 	 1.9999 	  1.8034 	  
106.45 	 1.9999 	  1.805 	  
106.55 	 1.9999 	  1.8069 	  
106.65 	 1.9999 	  1.809 	  
106.75 	 1.9999 	  1.8115 	  
106.85 	 1.9999 	  1.8142 	  
106.95 	 1.9999 	  1.8172 	  
107.05 	 1.9999 	  1.8205 	  
107.15 	 1.9999 	  1.8241 	  
107.25 	 1.9999 	  1.8279 	  
107.35 	 1.9999 	  1.8319 	  
107.45 	 1.9999 	  1.8363 	  
107.55 	 1.9999 	  1.8408 	  
107.65 	 1.9999 	  1.8456 	  
107.75 	 1.9999 	  1.8507 	  
107.85 	 1.9999 	  1.8559 	  
107.95 	 1.9999 	  1.8614 	  
108.05 	 1.9999 	  1.8671 	  
108.15 	 1.9999 	  1.873 	  
108.25 	 2 	  1.8791 	  
108.35 	 2 	  1.8853 	  
108.45 	 2 	  1.8918 	  
108.55 	 2 	  1.8984 	  
108.65 	 2 	  1.9051 	  
108.75 	 2 	  1.912 	  
108.85 	 2 	  1.919 	  
108.95 	 2 	  1.9261 	  
