simtime:  10.797
number of wsf-lines:  1

line_No     y_coord
1	 1.5
2	  Wave Theory 


X 1	 P 1 	 	 	 	 W 1

0.05 	 2.1865 	  2.1887 	  
0.15 	 2.1836 	  2.186 	  
0.25 	 2.1805 	  2.183 	  
0.35 	 2.177 	  2.1797 	  
0.45 	 2.1733 	  2.1762 	  
0.55 	 2.1694 	  2.1724 	  
0.65 	 2.1652 	  2.1684 	  
0.75 	 2.1608 	  2.1641 	  
0.85 	 2.1561 	  2.1595 	  
0.95 	 2.1512 	  2.1547 	  
1.05 	 2.1461 	  2.1497 	  
1.15 	 2.1407 	  2.1445 	  
1.25 	 2.1352 	  2.139 	  
1.35 	 2.1294 	  2.1333 	  
1.45 	 2.1235 	  2.1274 	  
1.55 	 2.1173 	  2.1214 	  
1.65 	 2.111 	  2.1151 	  
1.75 	 2.1045 	  2.1087 	  
1.85 	 2.0979 	  2.1021 	  
1.95 	 2.0911 	  2.0954 	  
2.05 	 2.0842 	  2.0885 	  
2.15 	 2.0772 	  2.0815 	  
2.25 	 2.07 	  2.0744 	  
2.35 	 2.0627 	  2.0671 	  
2.45 	 2.0553 	  2.0598 	  
2.55 	 2.0479 	  2.0524 	  
2.65 	 2.0403 	  2.0449 	  
2.75 	 2.0327 	  2.0373 	  
2.85 	 2.0251 	  2.0296 	  
2.95 	 2.0174 	  2.022 	  
3.05 	 2.0097 	  2.0142 	  
3.15 	 2.0019 	  2.0065 	  
3.25 	 1.9941 	  1.9988 	  
3.35 	 1.9864 	  1.991 	  
3.45 	 1.9786 	  1.9833 	  
3.55 	 1.9709 	  1.9756 	  
3.65 	 1.9632 	  1.9679 	  
3.75 	 1.9556 	  1.9603 	  
3.85 	 1.948 	  1.9528 	  
3.95 	 1.9406 	  1.9453 	  
4.05 	 1.9331 	  1.9379 	  
4.15 	 1.9258 	  1.9305 	  
4.25 	 1.9186 	  1.9233 	  
4.35 	 1.9116 	  1.9162 	  
4.45 	 1.9046 	  1.9093 	  
4.55 	 1.8978 	  1.9024 	  
4.65 	 1.8911 	  1.8958 	  
4.75 	 1.8846 	  1.8892 	  
4.85 	 1.8783 	  1.8829 	  
4.95 	 1.8722 	  1.8767 	  
5.05 	 1.8662 	  1.8707 	  
5.15 	 1.8605 	  1.8649 	  
5.25 	 1.8549 	  1.8593 	  
5.35 	 1.8496 	  1.8539 	  
5.45 	 1.8445 	  1.8487 	  
5.55 	 1.8397 	  1.8437 	  
5.65 	 1.8351 	  1.839 	  
5.75 	 1.8308 	  1.8345 	  
5.85 	 1.8267 	  1.8303 	  
5.95 	 1.8229 	  1.8263 	  
6.05 	 1.8194 	  1.8226 	  
6.15 	 1.8162 	  1.8192 	  
6.25 	 1.8132 	  1.816 	  
6.35 	 1.8106 	  1.8131 	  
6.45 	 1.8082 	  1.8105 	  
6.55 	 1.8061 	  1.8082 	  
6.65 	 1.8044 	  1.8061 	  
6.75 	 1.8029 	  1.8044 	  
6.85 	 1.8018 	  1.8029 	  
6.95 	 1.801 	  1.8017 	  
7.05 	 1.8004 	  1.8009 	  
7.15 	 1.8002 	  1.8003 	  
7.25 	 1.8003 	  1.8 	  
7.35 	 1.8008 	  1.8001 	  
7.45 	 1.8015 	  1.8004 	  
7.55 	 1.8025 	  1.801 	  
7.65 	 1.8039 	  1.8019 	  
7.75 	 1.8055 	  1.8032 	  
7.85 	 1.8074 	  1.8047 	  
7.95 	 1.8097 	  1.8065 	  
8.05 	 1.8122 	  1.8086 	  
8.15 	 1.815 	  1.811 	  
8.25 	 1.818 	  1.8136 	  
8.35 	 1.8214 	  1.8166 	  
8.45 	 1.8249 	  1.8198 	  
8.55 	 1.8288 	  1.8233 	  
8.65 	 1.8329 	  1.8271 	  
8.75 	 1.8372 	  1.8311 	  
8.85 	 1.8417 	  1.8354 	  
8.95 	 1.8465 	  1.8399 	  
9.05 	 1.8514 	  1.8447 	  
9.15 	 1.8566 	  1.8496 	  
9.25 	 1.862 	  1.8549 	  
9.35 	 1.8675 	  1.8603 	  
9.45 	 1.8733 	  1.8659 	  
9.55 	 1.8792 	  1.8718 	  
9.65 	 1.8852 	  1.8778 	  
9.75 	 1.8914 	  1.8841 	  
9.85 	 1.8978 	  1.8904 	  
9.95 	 1.9043 	  1.897 	  
10.05 	 1.9109 	  1.9037 	  
10.15 	 1.9176 	  1.9106 	  
10.25 	 1.9244 	  1.9176 	  
10.35 	 1.9313 	  1.9247 	  
10.45 	 1.9383 	  1.9319 	  
10.55 	 1.9453 	  1.9392 	  
10.65 	 1.9524 	  1.9467 	  
10.75 	 1.9596 	  1.9542 	  
10.85 	 1.9668 	  1.9617 	  
10.95 	 1.974 	  1.9694 	  
11.05 	 1.9813 	  1.977 	  
11.15 	 1.9886 	  1.9848 	  
11.25 	 1.9959 	  1.9925 	  
11.35 	 2.0032 	  2.0002 	  
11.45 	 2.0104 	  2.008 	  
11.55 	 2.0176 	  2.0157 	  
11.65 	 2.0248 	  2.0234 	  
11.75 	 2.0319 	  2.0311 	  
11.85 	 2.0389 	  2.0387 	  
11.95 	 2.0458 	  2.0463 	  
12.05 	 2.0526 	  2.0538 	  
12.15 	 2.0593 	  2.0612 	  
12.25 	 2.066 	  2.0685 	  
12.35 	 2.0725 	  2.0757 	  
12.45 	 2.0789 	  2.0829 	  
12.55 	 2.0852 	  2.0898 	  
12.65 	 2.0915 	  2.0967 	  
12.75 	 2.0975 	  2.1034 	  
12.85 	 2.1034 	  2.1099 	  
12.95 	 2.1092 	  2.1163 	  
13.05 	 2.1149 	  2.1225 	  
13.15 	 2.1204 	  2.1286 	  
13.25 	 2.1259 	  2.1344 	  
13.35 	 2.1312 	  2.14 	  
13.45 	 2.1364 	  2.1455 	  
13.55 	 2.1415 	  2.1507 	  
13.65 	 2.1465 	  2.1556 	  
13.75 	 2.1513 	  2.1604 	  
13.85 	 2.1559 	  2.1649 	  
13.95 	 2.1604 	  2.1692 	  
14.05 	 2.1647 	  2.1732 	  
14.15 	 2.1689 	  2.1769 	  
14.25 	 2.1728 	  2.1804 	  
14.35 	 2.1766 	  2.1836 	  
14.45 	 2.1803 	  2.1865 	  
14.55 	 2.1838 	  2.1892 	  
14.65 	 2.1871 	  2.1915 	  
14.75 	 2.1904 	  2.1936 	  
14.85 	 2.1936 	  2.1954 	  
14.95 	 2.1967 	  2.1969 	  
15.05 	 2.1998 	  2.1981 	  
15.15 	 2.2028 	  2.199 	  
15.25 	 2.2058 	  2.1996 	  
15.35 	 2.2087 	  2.2 	  
15.45 	 2.2115 	  2.2 	  
15.55 	 2.2142 	  2.1997 	  
15.65 	 2.2167 	  2.1991 	  
15.75 	 2.2191 	  2.1982 	  
15.85 	 2.2212 	  2.197 	  
15.95 	 2.223 	  2.1955 	  
16.05 	 2.2244 	  2.1938 	  
16.15 	 2.2253 	  2.1917 	  
16.25 	 2.2255 	  2.1893 	  
16.35 	 2.2251 	  2.1867 	  
16.45 	 2.2239 	  2.1838 	  
16.55 	 2.2219 	  2.1806 	  
16.65 	 2.219 	  2.1771 	  
16.75 	 2.2153 	  2.1734 	  
16.85 	 2.2106 	  2.1694 	  
16.95 	 2.205 	  2.1652 	  
17.05 	 2.1984 	  2.1607 	  
17.15 	 2.1909 	  2.156 	  
17.25 	 2.1825 	  2.151 	  
17.35 	 2.1734 	  2.1458 	  
17.45 	 2.1637 	  2.1404 	  
17.55 	 2.1534 	  2.1348 	  
17.65 	 2.1426 	  2.129 	  
17.75 	 2.1315 	  2.123 	  
17.85 	 2.12 	  2.1168 	  
17.95 	 2.1082 	  2.1104 	  
18.05 	 2.0964 	  2.1038 	  
18.15 	 2.0845 	  2.0972 	  
18.25 	 2.0727 	  2.0903 	  
18.35 	 2.0611 	  2.0833 	  
18.45 	 2.0496 	  2.0762 	  
18.55 	 2.0383 	  2.069 	  
18.65 	 2.0272 	  2.0617 	  
18.75 	 2.0164 	  2.0543 	  
18.85 	 2.0058 	  2.0468 	  
18.95 	 1.9954 	  2.0392 	  
19.05 	 1.9854 	  2.0316 	  
19.15 	 1.9755 	  2.0239 	  
19.25 	 1.9659 	  2.0162 	  
19.35 	 1.9567 	  2.0085 	  
19.45 	 1.9477 	  2.0008 	  
19.55 	 1.9391 	  1.993 	  
19.65 	 1.9308 	  1.9853 	  
19.75 	 1.923 	  1.9776 	  
19.85 	 1.9156 	  1.9699 	  
19.95 	 1.9086 	  1.9623 	  
20.05 	 1.902 	  1.9547 	  
20.15 	 1.8959 	  1.9472 	  
20.25 	 1.8903 	  1.9398 	  
20.35 	 1.8851 	  1.9324 	  
20.45 	 1.8804 	  1.9252 	  
20.55 	 1.8762 	  1.9181 	  
20.65 	 1.8724 	  1.9111 	  
20.75 	 1.8691 	  1.9042 	  
20.85 	 1.8662 	  1.8975 	  
20.95 	 1.8637 	  1.8909 	  
21.05 	 1.8617 	  1.8845 	  
21.15 	 1.86 	  1.8782 	  
21.25 	 1.8586 	  1.8722 	  
21.35 	 1.8576 	  1.8663 	  
21.45 	 1.8569 	  1.8607 	  
21.55 	 1.8564 	  1.8552 	  
21.65 	 1.8562 	  1.85 	  
21.75 	 1.8561 	  1.845 	  
21.85 	 1.8563 	  1.8402 	  
21.95 	 1.8566 	  1.8357 	  
22.05 	 1.8571 	  1.8314 	  
22.15 	 1.8577 	  1.8273 	  
22.25 	 1.8584 	  1.8236 	  
22.35 	 1.8592 	  1.8201 	  
22.45 	 1.8602 	  1.8168 	  
22.55 	 1.8612 	  1.8138 	  
22.65 	 1.8623 	  1.8111 	  
22.75 	 1.8634 	  1.8087 	  
22.85 	 1.8646 	  1.8066 	  
22.95 	 1.8658 	  1.8048 	  
23.05 	 1.867 	  1.8033 	  
23.15 	 1.8682 	  1.802 	  
23.25 	 1.8694 	  1.8011 	  
23.35 	 1.8705 	  1.8004 	  
23.45 	 1.8715 	  1.8001 	  
23.55 	 1.8724 	  1.8 	  
23.65 	 1.8731 	  1.8003 	  
23.75 	 1.8738 	  1.8008 	  
23.85 	 1.8743 	  1.8017 	  
23.95 	 1.8746 	  1.8028 	  
24.05 	 1.8748 	  1.8043 	  
24.15 	 1.8748 	  1.806 	  
24.25 	 1.8746 	  1.808 	  
24.35 	 1.8743 	  1.8103 	  
24.45 	 1.8738 	  1.8129 	  
24.55 	 1.8731 	  1.8158 	  
24.65 	 1.8724 	  1.819 	  
24.75 	 1.8715 	  1.8224 	  
24.85 	 1.8705 	  1.8261 	  
24.95 	 1.8694 	  1.83 	  
25.05 	 1.8683 	  1.8342 	  
25.15 	 1.8673 	  1.8387 	  
25.25 	 1.8663 	  1.8434 	  
25.35 	 1.8653 	  1.8483 	  
25.45 	 1.8646 	  1.8535 	  
25.55 	 1.864 	  1.8589 	  
25.65 	 1.8637 	  1.8645 	  
25.75 	 1.8636 	  1.8703 	  
25.85 	 1.8639 	  1.8763 	  
25.95 	 1.8645 	  1.8824 	  
26.05 	 1.8655 	  1.8888 	  
26.15 	 1.8669 	  1.8953 	  
26.25 	 1.8688 	  1.902 	  
26.35 	 1.8712 	  1.9088 	  
26.45 	 1.874 	  1.9158 	  
26.55 	 1.8774 	  1.9228 	  
26.65 	 1.8812 	  1.93 	  
26.75 	 1.8857 	  1.9374 	  
26.85 	 1.8906 	  1.9448 	  
26.95 	 1.8962 	  1.9522 	  
27.05 	 1.9022 	  1.9598 	  
27.15 	 1.9088 	  1.9674 	  
27.25 	 1.916 	  1.9751 	  
27.35 	 1.9236 	  1.9828 	  
27.45 	 1.9316 	  1.9905 	  
27.55 	 1.9401 	  1.9982 	  
27.65 	 1.9491 	  2.006 	  
27.75 	 1.9583 	  2.0137 	  
27.85 	 1.968 	  2.0214 	  
27.95 	 1.9779 	  2.0291 	  
28.05 	 1.9881 	  2.0368 	  
28.15 	 1.9985 	  2.0443 	  
28.25 	 2.009 	  2.0519 	  
28.35 	 2.0196 	  2.0593 	  
28.45 	 2.0303 	  2.0666 	  
28.55 	 2.0409 	  2.0739 	  
28.65 	 2.0514 	  2.081 	  
28.75 	 2.0619 	  2.0881 	  
28.85 	 2.0722 	  2.0949 	  
28.95 	 2.0824 	  2.1017 	  
29.05 	 2.0923 	  2.1083 	  
29.15 	 2.1019 	  2.1147 	  
29.25 	 2.1112 	  2.121 	  
29.35 	 2.1202 	  2.127 	  
29.45 	 2.1289 	  2.1329 	  
29.55 	 2.1371 	  2.1386 	  
29.65 	 2.145 	  2.1441 	  
29.75 	 2.1525 	  2.1493 	  
29.85 	 2.1596 	  2.1544 	  
29.95 	 2.1662 	  2.1592 	  
30.05 	 2.1724 	  2.1638 	  
30.15 	 2.1782 	  2.1681 	  
30.25 	 2.1836 	  2.1722 	  
30.35 	 2.1886 	  2.176 	  
30.45 	 2.1931 	  2.1795 	  
30.55 	 2.1974 	  2.1828 	  
30.65 	 2.2012 	  2.1858 	  
30.75 	 2.2047 	  2.1885 	  
30.85 	 2.2079 	  2.191 	  
30.95 	 2.2106 	  2.1931 	  
31.05 	 2.2131 	  2.195 	  
31.15 	 2.2152 	  2.1966 	  
31.25 	 2.2171 	  2.1978 	  
31.35 	 2.2187 	  2.1988 	  
31.45 	 2.22 	  2.1995 	  
31.55 	 2.2209 	  2.1999 	  
31.65 	 2.2216 	  2.2 	  
31.75 	 2.2219 	  2.1998 	  
31.85 	 2.2218 	  2.1993 	  
31.95 	 2.2215 	  2.1985 	  
32.05 	 2.2208 	  2.1973 	  
32.15 	 2.2198 	  2.1959 	  
32.25 	 2.2184 	  2.1942 	  
32.35 	 2.2166 	  2.1923 	  
32.45 	 2.2144 	  2.19 	  
32.55 	 2.2117 	  2.1874 	  
32.65 	 2.2085 	  2.1846 	  
32.75 	 2.2048 	  2.1815 	  
32.85 	 2.2007 	  2.1781 	  
32.95 	 2.196 	  2.1744 	  
33.05 	 2.1909 	  2.1705 	  
33.15 	 2.1852 	  2.1663 	  
33.25 	 2.1791 	  2.1619 	  
33.35 	 2.1726 	  2.1572 	  
33.45 	 2.1657 	  2.1523 	  
33.55 	 2.1584 	  2.1472 	  
33.65 	 2.1508 	  2.1418 	  
33.75 	 2.1429 	  2.1363 	  
33.85 	 2.1346 	  2.1305 	  
33.95 	 2.1262 	  2.1245 	  
34.05 	 2.1174 	  2.1184 	  
34.15 	 2.1085 	  2.112 	  
34.25 	 2.0994 	  2.1055 	  
34.35 	 2.0901 	  2.0989 	  
34.45 	 2.0808 	  2.0921 	  
34.55 	 2.0715 	  2.0851 	  
34.65 	 2.0621 	  2.0781 	  
34.75 	 2.0528 	  2.0709 	  
34.85 	 2.0435 	  2.0636 	  
34.95 	 2.0343 	  2.0562 	  
35.05 	 2.0252 	  2.0487 	  
35.15 	 2.0161 	  2.0412 	  
35.25 	 2.0072 	  2.0336 	  
35.35 	 1.9983 	  2.0259 	  
35.45 	 1.9897 	  2.0182 	  
35.55 	 1.9812 	  2.0105 	  
35.65 	 1.9729 	  2.0028 	  
35.75 	 1.9648 	  1.995 	  
35.85 	 1.957 	  1.9873 	  
35.95 	 1.9494 	  1.9796 	  
36.05 	 1.942 	  1.9719 	  
36.15 	 1.9349 	  1.9642 	  
36.25 	 1.9281 	  1.9566 	  
36.35 	 1.9215 	  1.9491 	  
36.45 	 1.9152 	  1.9417 	  
36.55 	 1.9091 	  1.9343 	  
36.65 	 1.9033 	  1.927 	  
36.75 	 1.8977 	  1.9199 	  
36.85 	 1.8924 	  1.9128 	  
36.95 	 1.8874 	  1.9059 	  
37.05 	 1.8827 	  1.8992 	  
37.15 	 1.8782 	  1.8926 	  
37.25 	 1.874 	  1.8861 	  
37.35 	 1.87 	  1.8798 	  
37.45 	 1.8664 	  1.8737 	  
37.55 	 1.8629 	  1.8678 	  
37.65 	 1.8597 	  1.8621 	  
37.75 	 1.8568 	  1.8566 	  
37.85 	 1.8541 	  1.8513 	  
37.95 	 1.8516 	  1.8463 	  
38.05 	 1.8494 	  1.8414 	  
38.15 	 1.8474 	  1.8368 	  
38.25 	 1.8457 	  1.8325 	  
38.35 	 1.8441 	  1.8284 	  
38.45 	 1.8428 	  1.8245 	  
38.55 	 1.8418 	  1.8209 	  
38.65 	 1.8409 	  1.8176 	  
38.75 	 1.8402 	  1.8146 	  
38.85 	 1.8398 	  1.8118 	  
38.95 	 1.8395 	  1.8093 	  
39.05 	 1.8395 	  1.8071 	  
39.15 	 1.8396 	  1.8052 	  
39.25 	 1.84 	  1.8036 	  
39.35 	 1.8405 	  1.8023 	  
39.45 	 1.8412 	  1.8013 	  
39.55 	 1.8421 	  1.8006 	  
39.65 	 1.8431 	  1.8001 	  
39.75 	 1.8444 	  1.8 	  
39.85 	 1.8458 	  1.8002 	  
39.95 	 1.8473 	  1.8006 	  
40.05 	 1.8491 	  1.8014 	  
40.15 	 1.851 	  1.8025 	  
40.25 	 1.853 	  1.8039 	  
40.35 	 1.8552 	  1.8055 	  
40.45 	 1.8575 	  1.8075 	  
40.55 	 1.86 	  1.8097 	  
40.65 	 1.8626 	  1.8122 	  
40.75 	 1.8654 	  1.815 	  
40.85 	 1.8683 	  1.8181 	  
40.95 	 1.8713 	  1.8215 	  
41.05 	 1.8744 	  1.8251 	  
41.15 	 1.8777 	  1.829 	  
41.25 	 1.8811 	  1.8331 	  
41.35 	 1.8846 	  1.8375 	  
41.45 	 1.8882 	  1.8422 	  
41.55 	 1.892 	  1.847 	  
41.65 	 1.8958 	  1.8522 	  
41.75 	 1.8998 	  1.8575 	  
41.85 	 1.9039 	  1.863 	  
41.95 	 1.9081 	  1.8688 	  
42.05 	 1.9124 	  1.8747 	  
42.15 	 1.9168 	  1.8808 	  
42.25 	 1.9213 	  1.8871 	  
42.35 	 1.9259 	  1.8936 	  
42.45 	 1.9305 	  1.9003 	  
42.55 	 1.9353 	  1.907 	  
42.65 	 1.9401 	  1.914 	  
42.75 	 1.945 	  1.921 	  
42.85 	 1.95 	  1.9282 	  
42.95 	 1.955 	  1.9355 	  
43.05 	 1.9602 	  1.9428 	  
43.15 	 1.9653 	  1.9503 	  
43.25 	 1.9705 	  1.9578 	  
43.35 	 1.9758 	  1.9654 	  
43.45 	 1.9811 	  1.9731 	  
43.55 	 1.9865 	  1.9808 	  
43.65 	 1.9918 	  1.9885 	  
43.75 	 1.9972 	  1.9963 	  
43.85 	 2.0026 	  2.004 	  
43.95 	 2.008 	  2.0117 	  
44.05 	 2.0133 	  2.0195 	  
44.15 	 2.0187 	  2.0271 	  
44.25 	 2.024 	  2.0348 	  
44.35 	 2.0293 	  2.0424 	  
44.45 	 2.0345 	  2.0499 	  
44.55 	 2.0397 	  2.0574 	  
44.65 	 2.0449 	  2.0648 	  
44.75 	 2.05 	  2.072 	  
44.85 	 2.0551 	  2.0792 	  
44.95 	 2.06 	  2.0863 	  
45.05 	 2.0649 	  2.0932 	  
45.15 	 2.0697 	  2.1 	  
45.25 	 2.0743 	  2.1066 	  
45.35 	 2.0789 	  2.1131 	  
45.45 	 2.0833 	  2.1194 	  
45.55 	 2.0876 	  2.1255 	  
45.65 	 2.0918 	  2.1314 	  
45.75 	 2.0958 	  2.1372 	  
45.85 	 2.0997 	  2.1427 	  
45.95 	 2.1034 	  2.148 	  
46.05 	 2.1069 	  2.1531 	  
46.15 	 2.1103 	  2.158 	  
46.25 	 2.1135 	  2.1626 	  
46.35 	 2.1165 	  2.167 	  
46.45 	 2.1194 	  2.1711 	  
46.55 	 2.122 	  2.175 	  
46.65 	 2.1245 	  2.1786 	  
46.75 	 2.1267 	  2.182 	  
46.85 	 2.1288 	  2.185 	  
46.95 	 2.1307 	  2.1878 	  
47.05 	 2.1324 	  2.1904 	  
47.15 	 2.1338 	  2.1926 	  
47.25 	 2.1351 	  2.1945 	  
47.35 	 2.1362 	  2.1962 	  
47.45 	 2.1371 	  2.1975 	  
47.55 	 2.1378 	  2.1986 	  
47.65 	 2.1383 	  2.1994 	  
47.75 	 2.1387 	  2.1998 	  
47.85 	 2.1388 	  2.2 	  
47.95 	 2.1388 	  2.1999 	  
48.05 	 2.1386 	  2.1994 	  
48.15 	 2.1383 	  2.1987 	  
48.25 	 2.1378 	  2.1977 	  
48.35 	 2.1371 	  2.1963 	  
48.45 	 2.1362 	  2.1947 	  
48.55 	 2.1353 	  2.1928 	  
48.65 	 2.1341 	  2.1906 	  
48.75 	 2.1329 	  2.1881 	  
48.85 	 2.1315 	  2.1853 	  
48.95 	 2.13 	  2.1823 	  
49.05 	 2.1284 	  2.179 	  
49.15 	 2.1267 	  2.1754 	  
49.25 	 2.1249 	  2.1715 	  
49.35 	 2.123 	  2.1674 	  
49.45 	 2.121 	  2.163 	  
49.55 	 2.1189 	  2.1584 	  
49.65 	 2.1167 	  2.1536 	  
49.75 	 2.1145 	  2.1485 	  
49.85 	 2.1122 	  2.1432 	  
49.95 	 2.1099 	  2.1377 	  
50.05 	 2.1075 	  2.132 	  
50.15 	 2.1051 	  2.1261 	  
50.25 	 2.1027 	  2.12 	  
50.35 	 2.1002 	  2.1137 	  
50.45 	 2.0977 	  2.1072 	  
50.55 	 2.0951 	  2.1006 	  
50.65 	 2.0926 	  2.0938 	  
50.75 	 2.09 	  2.0869 	  
50.85 	 2.0875 	  2.0799 	  
50.95 	 2.0849 	  2.0727 	  
51.05 	 2.0824 	  2.0655 	  
51.15 	 2.0798 	  2.0581 	  
51.25 	 2.0773 	  2.0507 	  
51.35 	 2.0747 	  2.0431 	  
51.45 	 2.0722 	  2.0355 	  
51.55 	 2.0698 	  2.0279 	  
51.65 	 2.0673 	  2.0202 	  
51.75 	 2.0649 	  2.0125 	  
51.85 	 2.0625 	  2.0047 	  
51.95 	 2.0601 	  1.997 	  
52.05 	 2.0578 	  1.9893 	  
52.15 	 2.0555 	  1.9815 	  
52.25 	 2.0532 	  1.9738 	  
52.35 	 2.051 	  1.9662 	  
52.45 	 2.0489 	  1.9586 	  
52.55 	 2.0467 	  1.951 	  
52.65 	 2.0447 	  1.9436 	  
52.75 	 2.0426 	  1.9362 	  
52.85 	 2.0406 	  1.9289 	  
52.95 	 2.0387 	  1.9217 	  
53.05 	 2.0368 	  1.9146 	  
53.15 	 2.035 	  1.9077 	  
53.25 	 2.0332 	  1.9009 	  
53.35 	 2.0314 	  1.8942 	  
53.45 	 2.0297 	  1.8878 	  
53.55 	 2.0281 	  1.8814 	  
53.65 	 2.0265 	  1.8753 	  
53.75 	 2.0249 	  1.8693 	  
53.85 	 2.0234 	  1.8636 	  
53.95 	 2.0219 	  1.858 	  
54.05 	 2.0205 	  1.8527 	  
54.15 	 2.0191 	  1.8475 	  
54.25 	 2.0178 	  1.8426 	  
54.35 	 2.0165 	  1.838 	  
54.45 	 2.0153 	  1.8336 	  
54.55 	 2.0141 	  1.8294 	  
54.65 	 2.013 	  1.8255 	  
54.75 	 2.0119 	  1.8218 	  
54.85 	 2.0108 	  1.8184 	  
54.95 	 2.0098 	  1.8153 	  
55.05 	 2.0088 	  1.8125 	  
55.15 	 2.0078 	  1.8099 	  
55.25 	 2.0069 	  1.8077 	  
55.35 	 2.006 	  1.8057 	  
55.45 	 2.0052 	  1.804 	  
55.55 	 2.0044 	  1.8026 	  
55.65 	 2.0036 	  1.8015 	  
55.75 	 2.0029 	  1.8007 	  
55.85 	 2.0022 	  1.8002 	  
55.95 	 2.0015 	  1.8 	  
56.05 	 2.0009 	  1.8001 	  
56.15 	 2.0003 	  1.8005 	  
56.25 	 1.9997 	  1.8012 	  
56.35 	 1.9992 	  1.8022 	  
56.45 	 1.9987 	  1.8035 	  
56.55 	 1.9982 	  1.8051 	  
56.65 	 1.9977 	  1.8069 	  
56.75 	 1.9973 	  1.8091 	  
56.85 	 1.9969 	  1.8116 	  
56.95 	 1.9965 	  1.8143 	  
57.05 	 1.9961 	  1.8173 	  
57.15 	 1.9957 	  1.8206 	  
57.25 	 1.9954 	  1.8242 	  
57.35 	 1.9951 	  1.828 	  
57.45 	 1.9948 	  1.8321 	  
57.55 	 1.9945 	  1.8364 	  
57.65 	 1.9943 	  1.841 	  
57.75 	 1.9941 	  1.8458 	  
57.85 	 1.9939 	  1.8508 	  
57.95 	 1.9937 	  1.8561 	  
58.05 	 1.9935 	  1.8616 	  
58.15 	 1.9933 	  1.8673 	  
58.25 	 1.9931 	  1.8732 	  
58.35 	 1.993 	  1.8792 	  
58.45 	 1.9929 	  1.8855 	  
58.55 	 1.9928 	  1.8919 	  
58.65 	 1.9927 	  1.8985 	  
58.75 	 1.9926 	  1.9053 	  
58.85 	 1.9925 	  1.9122 	  
58.95 	 1.9925 	  1.9192 	  
59.05 	 1.9924 	  1.9263 	  
59.15 	 1.9924 	  1.9336 	  
59.25 	 1.9923 	  1.9409 	  
59.35 	 1.9923 	  1.9484 	  
59.45 	 1.9922 	  1.9559 	  
59.55 	 1.9922 	  1.9635 	  
59.65 	 1.9922 	  1.9711 	  
59.75 	 1.9922 	  1.9788 	  
59.85 	 1.9922 	  1.9865 	  
59.95 	 1.9923 	  1.9943 	  
60.05 	 1.9923 	  2.002 	  
60.15 	 1.9923 	  2.0097 	  
60.25 	 1.9924 	  2.0175 	  
60.35 	 1.9924 	  2.0252 	  
60.45 	 1.9924 	  2.0328 	  
60.55 	 1.9925 	  2.0404 	  
60.65 	 1.9925 	  2.048 	  
60.75 	 1.9925 	  2.0555 	  
60.85 	 1.9926 	  2.0629 	  
60.95 	 1.9927 	  2.0702 	  
61.05 	 1.9927 	  2.0774 	  
61.15 	 1.9928 	  2.0845 	  
61.25 	 1.9929 	  2.0914 	  
61.35 	 1.993 	  2.0982 	  
61.45 	 1.9931 	  2.1049 	  
61.55 	 1.9933 	  2.1114 	  
61.65 	 1.9933 	  2.1178 	  
61.75 	 1.9933 	  2.1239 	  
61.85 	 1.9934 	  2.1299 	  
61.95 	 1.9935 	  2.1357 	  
62.05 	 1.9937 	  2.1413 	  
62.15 	 1.994 	  2.1467 	  
62.25 	 1.9942 	  2.1518 	  
62.35 	 1.9945 	  2.1567 	  
62.45 	 1.9948 	  2.1614 	  
62.55 	 1.9952 	  2.1659 	  
62.65 	 1.9953 	  2.1701 	  
62.75 	 1.9954 	  2.174 	  
62.85 	 1.9955 	  2.1777 	  
62.95 	 1.9956 	  2.1811 	  
63.05 	 1.9958 	  2.1843 	  
63.15 	 1.9958 	  2.1872 	  
63.25 	 1.9959 	  2.1897 	  
63.35 	 1.9959 	  2.1921 	  
63.45 	 1.9961 	  2.1941 	  
63.55 	 1.9961 	  2.1958 	  
63.65 	 1.9962 	  2.1972 	  
63.75 	 1.9963 	  2.1984 	  
63.85 	 1.9964 	  2.1992 	  
63.95 	 1.9964 	  2.1997 	  
64.05 	 1.9965 	  2.2 	  
64.15 	 1.9966 	  2.1999 	  
64.25 	 1.9967 	  2.1996 	  
64.35 	 1.9968 	  2.1989 	  
64.45 	 1.9968 	  2.198 	  
64.55 	 1.9969 	  2.1967 	  
64.65 	 1.997 	  2.1952 	  
64.75 	 1.9971 	  2.1933 	  
64.85 	 1.9972 	  2.1912 	  
64.95 	 1.9972 	  2.1888 	  
65.05 	 1.9973 	  2.1861 	  
65.15 	 1.9974 	  2.1831 	  
65.25 	 1.9975 	  2.1798 	  
65.35 	 1.9975 	  2.1763 	  
65.45 	 1.9976 	  2.1725 	  
65.55 	 1.9977 	  2.1685 	  
65.65 	 1.9977 	  2.1642 	  
65.75 	 1.9978 	  2.1596 	  
65.85 	 1.9978 	  2.1549 	  
65.95 	 1.9979 	  2.1498 	  
66.05 	 1.998 	  2.1446 	  
66.15 	 1.998 	  2.1391 	  
66.25 	 1.9981 	  2.1335 	  
66.35 	 1.9981 	  2.1276 	  
66.45 	 1.9982 	  2.1216 	  
66.55 	 1.9982 	  2.1153 	  
66.65 	 1.9983 	  2.1089 	  
66.75 	 1.9983 	  2.1023 	  
66.85 	 1.9984 	  2.0956 	  
66.95 	 1.9984 	  2.0887 	  
67.05 	 1.9985 	  2.0817 	  
67.15 	 1.9985 	  2.0746 	  
67.25 	 1.9986 	  2.0674 	  
67.35 	 1.9986 	  2.06 	  
67.45 	 1.9987 	  2.0526 	  
67.55 	 1.9987 	  2.0451 	  
67.65 	 1.9988 	  2.0375 	  
67.75 	 1.9988 	  2.0299 	  
67.85 	 1.9988 	  2.0222 	  
67.95 	 1.9989 	  2.0145 	  
68.05 	 1.9989 	  2.0067 	  
68.15 	 1.9989 	  1.999 	  
68.25 	 1.999 	  1.9912 	  
68.35 	 1.999 	  1.9835 	  
68.45 	 1.999 	  1.9758 	  
68.55 	 1.999 	  1.9681 	  
68.65 	 1.9991 	  1.9605 	  
68.75 	 1.9991 	  1.953 	  
68.85 	 1.9991 	  1.9455 	  
68.95 	 1.9992 	  1.9381 	  
69.05 	 1.9992 	  1.9308 	  
69.15 	 1.9992 	  1.9235 	  
69.25 	 1.9992 	  1.9164 	  
69.35 	 1.9993 	  1.9095 	  
69.45 	 1.9993 	  1.9026 	  
69.55 	 1.9993 	  1.8959 	  
69.65 	 1.9993 	  1.8894 	  
69.75 	 1.9994 	  1.883 	  
69.85 	 1.9994 	  1.8768 	  
69.95 	 1.9994 	  1.8708 	  
70.05 	 1.9994 	  1.865 	  
70.15 	 1.9995 	  1.8594 	  
70.25 	 1.9995 	  1.854 	  
70.35 	 1.9995 	  1.8488 	  
70.45 	 1.9995 	  1.8439 	  
70.55 	 1.9995 	  1.8391 	  
70.65 	 1.9995 	  1.8347 	  
70.75 	 1.9996 	  1.8304 	  
70.85 	 1.9996 	  1.8265 	  
70.95 	 1.9996 	  1.8227 	  
71.05 	 1.9996 	  1.8193 	  
71.15 	 1.9996 	  1.8161 	  
71.25 	 1.9996 	  1.8132 	  
71.35 	 1.9997 	  1.8106 	  
71.45 	 1.9997 	  1.8082 	  
71.55 	 1.9997 	  1.8062 	  
71.65 	 1.9997 	  1.8044 	  
71.75 	 1.9997 	  1.8029 	  
71.85 	 1.9997 	  1.8018 	  
71.95 	 1.9997 	  1.8009 	  
72.05 	 1.9997 	  1.8003 	  
72.15 	 1.9997 	  1.8 	  
72.25 	 1.9997 	  1.8 	  
72.35 	 1.9997 	  1.8004 	  
72.45 	 1.9998 	  1.801 	  
72.55 	 1.9998 	  1.8019 	  
72.65 	 1.9998 	  1.8031 	  
72.75 	 1.9998 	  1.8046 	  
72.85 	 1.9998 	  1.8064 	  
72.95 	 1.9998 	  1.8085 	  
73.05 	 1.9998 	  1.8109 	  
73.15 	 1.9998 	  1.8136 	  
73.25 	 1.9998 	  1.8165 	  
73.35 	 1.9998 	  1.8197 	  
73.45 	 1.9998 	  1.8232 	  
73.55 	 1.9998 	  1.827 	  
73.65 	 1.9998 	  1.831 	  
73.75 	 1.9998 	  1.8352 	  
73.85 	 1.9998 	  1.8398 	  
73.95 	 1.9998 	  1.8445 	  
74.05 	 1.9998 	  1.8495 	  
74.15 	 1.9998 	  1.8547 	  
74.25 	 1.9998 	  1.8601 	  
74.35 	 1.9998 	  1.8658 	  
74.45 	 1.9999 	  1.8716 	  
74.55 	 1.9999 	  1.8777 	  
74.65 	 1.9999 	  1.8839 	  
74.75 	 1.9999 	  1.8903 	  
74.85 	 1.9999 	  1.8968 	  
74.95 	 1.9999 	  1.9035 	  
75.05 	 1.9999 	  1.9104 	  
75.15 	 1.9999 	  1.9174 	  
75.25 	 1.9999 	  1.9245 	  
75.35 	 1.9999 	  1.9317 	  
75.45 	 1.9999 	  1.939 	  
75.55 	 1.9999 	  1.9465 	  
75.65 	 1.9999 	  1.954 	  
75.75 	 1.9999 	  1.9615 	  
75.85 	 1.9999 	  1.9692 	  
75.95 	 1.9999 	  1.9768 	  
76.05 	 1.9999 	  1.9845 	  
76.15 	 1.9999 	  1.9923 	  
76.25 	 1.9999 	  2 	  
76.35 	 1.9999 	  2.0078 	  
76.45 	 1.9999 	  2.0155 	  
76.55 	 1.9999 	  2.0232 	  
76.65 	 1.9999 	  2.0309 	  
76.75 	 1.9999 	  2.0385 	  
76.85 	 1.9999 	  2.0461 	  
76.95 	 1.9999 	  2.0536 	  
77.05 	 1.9999 	  2.061 	  
77.15 	 1.9999 	  2.0683 	  
77.25 	 1.9999 	  2.0755 	  
77.35 	 1.9999 	  2.0827 	  
77.45 	 1.9999 	  2.0896 	  
77.55 	 1.9999 	  2.0965 	  
77.65 	 1.9999 	  2.1032 	  
77.75 	 1.9999 	  2.1098 	  
77.85 	 1.9999 	  2.1161 	  
77.95 	 1.9999 	  2.1224 	  
78.05 	 1.9999 	  2.1284 	  
78.15 	 1.9999 	  2.1342 	  
78.25 	 1.9999 	  2.1399 	  
78.35 	 1.9999 	  2.1453 	  
78.45 	 1.9999 	  2.1505 	  
78.55 	 1.9999 	  2.1555 	  
78.65 	 1.9999 	  2.1603 	  
78.75 	 1.9999 	  2.1648 	  
78.85 	 1.9999 	  2.169 	  
78.95 	 1.9999 	  2.173 	  
79.05 	 1.9999 	  2.1768 	  
79.15 	 1.9999 	  2.1803 	  
79.25 	 1.9999 	  2.1835 	  
79.35 	 1.9999 	  2.1864 	  
79.45 	 1.9999 	  2.1891 	  
79.55 	 1.9999 	  2.1915 	  
79.65 	 1.9999 	  2.1936 	  
79.75 	 1.9999 	  2.1954 	  
79.85 	 1.9999 	  2.1969 	  
79.95 	 1.9999 	  2.1981 	  
80.05 	 1.9999 	  2.199 	  
80.15 	 1.9999 	  2.1996 	  
80.25 	 2 	  2.2 	  
80.35 	 2 	  2.2 	  
80.45 	 2 	  2.1997 	  
80.55 	 2 	  2.1991 	  
80.65 	 2 	  2.1982 	  
80.75 	 2 	  2.1971 	  
80.85 	 2 	  2.1956 	  
80.95 	 2 	  2.1938 	  
81.05 	 2 	  2.1918 	  
81.15 	 2 	  2.1894 	  
81.25 	 2 	  2.1868 	  
81.35 	 2 	  2.1839 	  
81.45 	 2 	  2.1807 	  
81.55 	 2 	  2.1772 	  
81.65 	 2 	  2.1735 	  
81.75 	 2 	  2.1695 	  
81.85 	 2 	  2.1653 	  
81.95 	 2 	  2.1608 	  
82.05 	 2 	  2.1561 	  
82.15 	 2 	  2.1512 	  
82.25 	 2 	  2.146 	  
82.35 	 2 	  2.1406 	  
82.45 	 2 	  2.135 	  
82.55 	 2 	  2.1291 	  
82.65 	 2 	  2.1231 	  
82.75 	 2 	  2.1169 	  
82.85 	 2 	  2.1106 	  
82.95 	 2 	  2.104 	  
83.05 	 2 	  2.0973 	  
83.15 	 2 	  2.0905 	  
83.25 	 2 	  2.0835 	  
83.35 	 2 	  2.0764 	  
83.45 	 2 	  2.0692 	  
83.55 	 2 	  2.0619 	  
83.65 	 2 	  2.0545 	  
83.75 	 2 	  2.047 	  
83.85 	 2 	  2.0394 	  
83.95 	 2 	  2.0318 	  
84.05 	 2 	  2.0242 	  
84.15 	 2 	  2.0165 	  
84.25 	 2 	  2.0087 	  
84.35 	 2 	  2.001 	  
84.45 	 2 	  1.9932 	  
84.55 	 2 	  1.9855 	  
84.65 	 2 	  1.9778 	  
84.75 	 2 	  1.9701 	  
84.85 	 2 	  1.9625 	  
84.95 	 2 	  1.9549 	  
85.05 	 2 	  1.9474 	  
85.15 	 2 	  1.94 	  
85.25 	 2 	  1.9326 	  
85.35 	 2 	  1.9254 	  
85.45 	 2 	  1.9183 	  
85.55 	 2 	  1.9113 	  
85.65 	 2 	  1.9044 	  
85.75 	 2 	  1.8976 	  
85.85 	 2 	  1.8911 	  
85.95 	 2 	  1.8847 	  
86.05 	 2 	  1.8784 	  
86.15 	 2 	  1.8724 	  
86.25 	 2 	  1.8665 	  
86.35 	 2 	  1.8608 	  
86.45 	 2 	  1.8554 	  
86.55 	 2 	  1.8501 	  
86.65 	 2 	  1.8451 	  
86.75 	 2 	  1.8403 	  
86.85 	 2 	  1.8358 	  
86.95 	 2 	  1.8315 	  
87.05 	 2 	  1.8275 	  
87.15 	 2 	  1.8237 	  
87.25 	 2 	  1.8201 	  
87.35 	 2 	  1.8169 	  
87.45 	 2 	  1.8139 	  
87.55 	 2 	  1.8112 	  
87.65 	 2 	  1.8088 	  
87.75 	 2 	  1.8067 	  
87.85 	 2 	  1.8048 	  
87.95 	 2 	  1.8033 	  
88.05 	 2 	  1.802 	  
88.15 	 2 	  1.8011 	  
88.25 	 2 	  1.8004 	  
88.35 	 2 	  1.8001 	  
88.45 	 2 	  1.8 	  
88.55 	 2 	  1.8003 	  
88.65 	 2 	  1.8008 	  
88.75 	 2 	  1.8016 	  
88.85 	 2 	  1.8028 	  
88.95 	 2 	  1.8042 	  
89.05 	 2 	  1.8059 	  
89.15 	 2 	  1.808 	  
89.25 	 2 	  1.8103 	  
89.35 	 2 	  1.8129 	  
89.45 	 2 	  1.8157 	  
89.55 	 2 	  1.8189 	  
89.65 	 2 	  1.8223 	  
89.75 	 2 	  1.826 	  
89.85 	 2 	  1.8299 	  
89.95 	 2 	  1.8341 	  
90.05 	 2 	  1.8386 	  
90.15 	 2 	  1.8433 	  
90.25 	 2 	  1.8482 	  
90.35 	 2 	  1.8534 	  
90.45 	 2 	  1.8587 	  
90.55 	 2 	  1.8643 	  
90.65 	 2 	  1.8701 	  
90.75 	 2 	  1.8761 	  
90.85 	 2 	  1.8823 	  
90.95 	 2 	  1.8886 	  
91.05 	 2 	  1.8951 	  
91.15 	 2 	  1.9018 	  
91.25 	 2 	  1.9086 	  
91.35 	 2 	  1.9156 	  
91.45 	 2 	  1.9226 	  
91.55 	 2 	  1.9298 	  
91.65 	 2 	  1.9371 	  
91.75 	 2 	  1.9445 	  
91.85 	 2 	  1.952 	  
91.95 	 2 	  1.9596 	  
92.05 	 2 	  1.9672 	  
92.15 	 2 	  1.9749 	  
92.25 	 1.9999 	  1.9826 	  
92.35 	 1.9999 	  1.9903 	  
92.45 	 1.9999 	  1.998 	  
92.55 	 1.9999 	  2.0058 	  
92.65 	 1.9999 	  2.0135 	  
92.75 	 1.9999 	  2.0212 	  
92.85 	 1.9999 	  2.0289 	  
92.95 	 1.9999 	  2.0365 	  
93.05 	 1.9999 	  2.0441 	  
93.15 	 1.9999 	  2.0516 	  
93.25 	 1.9999 	  2.0591 	  
93.35 	 1.9999 	  2.0664 	  
93.45 	 1.9999 	  2.0737 	  
93.55 	 1.9999 	  2.0808 	  
93.65 	 1.9999 	  2.0879 	  
93.75 	 1.9999 	  2.0947 	  
93.85 	 1.9999 	  2.1015 	  
93.95 	 1.9999 	  2.1081 	  
94.05 	 1.9999 	  2.1145 	  
94.15 	 1.9999 	  2.1208 	  
94.25 	 1.9999 	  2.1269 	  
94.35 	 1.9999 	  2.1328 	  
94.45 	 1.9999 	  2.1384 	  
94.55 	 1.9999 	  2.1439 	  
94.65 	 1.9999 	  2.1492 	  
94.75 	 1.9999 	  2.1542 	  
94.85 	 1.9999 	  2.1591 	  
94.95 	 1.9999 	  2.1636 	  
95.05 	 1.9999 	  2.168 	  
95.15 	 1.9999 	  2.172 	  
95.25 	 1.9999 	  2.1759 	  
95.35 	 1.9999 	  2.1794 	  
95.45 	 1.9999 	  2.1827 	  
95.55 	 1.9999 	  2.1857 	  
95.65 	 1.9999 	  2.1884 	  
95.75 	 1.9999 	  2.1909 	  
95.85 	 1.9999 	  2.1931 	  
95.95 	 1.9999 	  2.1949 	  
96.05 	 1.9999 	  2.1965 	  
96.15 	 1.9999 	  2.1978 	  
96.25 	 1.9999 	  2.1988 	  
96.35 	 1.9999 	  2.1995 	  
96.45 	 1.9999 	  2.1999 	  
96.55 	 1.9999 	  2.2 	  
96.65 	 1.9999 	  2.1998 	  
96.75 	 1.9999 	  2.1993 	  
96.85 	 1.9999 	  2.1985 	  
96.95 	 1.9999 	  2.1974 	  
97.05 	 1.9999 	  2.196 	  
97.15 	 1.9999 	  2.1943 	  
97.25 	 1.9999 	  2.1923 	  
97.35 	 1.9999 	  2.19 	  
97.45 	 1.9999 	  2.1875 	  
97.55 	 1.9999 	  2.1847 	  
97.65 	 1.9999 	  2.1815 	  
97.75 	 1.9999 	  2.1782 	  
97.85 	 1.9999 	  2.1745 	  
97.95 	 1.9999 	  2.1706 	  
98.05 	 1.9999 	  2.1664 	  
98.15 	 1.9999 	  2.162 	  
98.25 	 1.9999 	  2.1573 	  
98.35 	 1.9999 	  2.1525 	  
98.45 	 1.9999 	  2.1473 	  
98.55 	 1.9999 	  2.142 	  
98.65 	 1.9999 	  2.1364 	  
98.75 	 1.9999 	  2.1307 	  
98.85 	 1.9999 	  2.1247 	  
98.95 	 1.9999 	  2.1185 	  
99.05 	 1.9999 	  2.1122 	  
99.15 	 1.9999 	  2.1057 	  
99.25 	 1.9999 	  2.0991 	  
99.35 	 1.9999 	  2.0923 	  
99.45 	 1.9999 	  2.0853 	  
99.55 	 1.9999 	  2.0783 	  
99.65 	 1.9999 	  2.0711 	  
99.75 	 1.9999 	  2.0638 	  
99.85 	 1.9999 	  2.0564 	  
99.95 	 1.9999 	  2.0489 	  
100.05 	 1.9999 	  2.0414 	  
100.15 	 1.9999 	  2.0338 	  
100.25 	 1.9999 	  2.0261 	  
100.35 	 1.9999 	  2.0184 	  
100.45 	 1.9999 	  2.0107 	  
100.55 	 1.9999 	  2.003 	  
100.65 	 1.9999 	  1.9952 	  
100.75 	 1.9999 	  1.9875 	  
100.85 	 1.9999 	  1.9798 	  
100.95 	 1.9999 	  1.9721 	  
101.05 	 1.9999 	  1.9644 	  
101.15 	 1.9999 	  1.9568 	  
101.25 	 1.9999 	  1.9493 	  
101.35 	 1.9999 	  1.9419 	  
101.45 	 1.9999 	  1.9345 	  
101.55 	 1.9999 	  1.9272 	  
101.65 	 1.9999 	  1.9201 	  
101.75 	 1.9999 	  1.913 	  
101.85 	 1.9999 	  1.9061 	  
101.95 	 1.9999 	  1.8994 	  
102.05 	 1.9999 	  1.8927 	  
102.15 	 1.9999 	  1.8863 	  
102.25 	 1.9999 	  1.88 	  
102.35 	 1.9999 	  1.8739 	  
102.45 	 1.9999 	  1.868 	  
102.55 	 1.9999 	  1.8623 	  
102.65 	 1.9999 	  1.8568 	  
102.75 	 1.9999 	  1.8515 	  
102.85 	 1.9999 	  1.8464 	  
102.95 	 1.9999 	  1.8415 	  
103.05 	 1.9999 	  1.8369 	  
103.15 	 1.9999 	  1.8326 	  
103.25 	 1.9999 	  1.8285 	  
103.35 	 1.9999 	  1.8246 	  
103.45 	 1.9999 	  1.821 	  
103.55 	 1.9999 	  1.8177 	  
103.65 	 1.9999 	  1.8147 	  
103.75 	 1.9999 	  1.8119 	  
103.85 	 1.9999 	  1.8094 	  
103.95 	 1.9999 	  1.8072 	  
104.05 	 1.9999 	  1.8053 	  
104.15 	 1.9999 	  1.8037 	  
104.25 	 1.9999 	  1.8023 	  
104.35 	 1.9999 	  1.8013 	  
104.45 	 1.9999 	  1.8006 	  
104.55 	 1.9999 	  1.8001 	  
104.65 	 1.9999 	  1.8 	  
104.75 	 1.9999 	  1.8002 	  
104.85 	 1.9999 	  1.8006 	  
104.95 	 1.9999 	  1.8014 	  
105.05 	 1.9999 	  1.8025 	  
105.15 	 1.9998 	  1.8038 	  
105.25 	 1.9998 	  1.8055 	  
105.35 	 1.9998 	  1.8074 	  
105.45 	 1.9998 	  1.8096 	  
105.55 	 1.9998 	  1.8122 	  
105.65 	 1.9998 	  1.815 	  
105.75 	 1.9998 	  1.818 	  
105.85 	 1.9998 	  1.8214 	  
105.95 	 1.9998 	  1.825 	  
106.05 	 1.9998 	  1.8289 	  
106.15 	 1.9998 	  1.833 	  
106.25 	 1.9998 	  1.8374 	  
106.35 	 1.9998 	  1.842 	  
106.45 	 1.9998 	  1.8469 	  
106.55 	 1.9998 	  1.852 	  
106.65 	 1.9998 	  1.8573 	  
106.75 	 1.9998 	  1.8629 	  
106.85 	 1.9998 	  1.8686 	  
106.95 	 1.9998 	  1.8745 	  
107.05 	 1.9998 	  1.8807 	  
107.15 	 1.9999 	  1.887 	  
107.25 	 1.9999 	  1.8934 	  
107.35 	 1.9999 	  1.9001 	  
107.45 	 1.9999 	  1.9068 	  
107.55 	 1.9999 	  1.9138 	  
107.65 	 1.9999 	  1.9208 	  
107.75 	 1.9999 	  1.928 	  
107.85 	 1.9999 	  1.9353 	  
107.95 	 1.9999 	  1.9426 	  
108.05 	 1.9999 	  1.9501 	  
108.15 	 1.9999 	  1.9576 	  
108.25 	 1.9999 	  1.9652 	  
108.35 	 2 	  1.9729 	  
108.45 	 2 	  1.9806 	  
108.55 	 2 	  1.9883 	  
108.65 	 2 	  1.996 	  
108.75 	 2 	  2.0038 	  
108.85 	 2 	  2.0115 	  
108.95 	 2 	  2.0192 	  
