simtime:  7.0082
number of wsf-lines:  1

line_No     y_coord
1	 1.5
2	  Wave Theory 


X 1	 P 1 	 	 	 	 W 1

0.05 	 2.1999 	  2.2 	  
0.15 	 2.1995 	  2.1998 	  
0.25 	 2.1987 	  2.1993 	  
0.35 	 2.1977 	  2.1985 	  
0.45 	 2.1964 	  2.1974 	  
0.55 	 2.1948 	  2.196 	  
0.65 	 2.193 	  2.1943 	  
0.75 	 2.1908 	  2.1923 	  
0.85 	 2.1884 	  2.1901 	  
0.95 	 2.1857 	  2.1875 	  
1.05 	 2.1827 	  2.1847 	  
1.15 	 2.1794 	  2.1816 	  
1.25 	 2.1759 	  2.1782 	  
1.35 	 2.1721 	  2.1746 	  
1.45 	 2.1681 	  2.1706 	  
1.55 	 2.1639 	  2.1665 	  
1.65 	 2.1593 	  2.1621 	  
1.75 	 2.1546 	  2.1574 	  
1.85 	 2.1496 	  2.1525 	  
1.95 	 2.1444 	  2.1474 	  
2.05 	 2.139 	  2.142 	  
2.15 	 2.1334 	  2.1365 	  
2.25 	 2.1275 	  2.1307 	  
2.35 	 2.1215 	  2.1248 	  
2.45 	 2.1153 	  2.1186 	  
2.55 	 2.1089 	  2.1123 	  
2.65 	 2.1024 	  2.1058 	  
2.75 	 2.0957 	  2.0992 	  
2.85 	 2.0888 	  2.0924 	  
2.95 	 2.0819 	  2.0854 	  
3.05 	 2.0748 	  2.0784 	  
3.15 	 2.0675 	  2.0712 	  
3.25 	 2.0602 	  2.0639 	  
3.35 	 2.0528 	  2.0565 	  
3.45 	 2.0453 	  2.049 	  
3.55 	 2.0377 	  2.0415 	  
3.65 	 2.03 	  2.0339 	  
3.75 	 2.0223 	  2.0262 	  
3.85 	 2.0146 	  2.0185 	  
3.95 	 2.0069 	  2.0108 	  
4.05 	 1.9991 	  2.0031 	  
4.15 	 1.9913 	  1.9953 	  
4.25 	 1.9835 	  1.9876 	  
4.35 	 1.9757 	  1.9799 	  
4.45 	 1.968 	  1.9722 	  
4.55 	 1.9603 	  1.9645 	  
4.65 	 1.9527 	  1.9569 	  
4.75 	 1.9451 	  1.9494 	  
4.85 	 1.9377 	  1.942 	  
4.95 	 1.9303 	  1.9346 	  
5.05 	 1.923 	  1.9273 	  
5.15 	 1.9158 	  1.9202 	  
5.25 	 1.9088 	  1.9131 	  
5.35 	 1.9018 	  1.9062 	  
5.45 	 1.8951 	  1.8994 	  
5.55 	 1.8884 	  1.8928 	  
5.65 	 1.882 	  1.8864 	  
5.75 	 1.8757 	  1.8801 	  
5.85 	 1.8696 	  1.874 	  
5.95 	 1.8638 	  1.8681 	  
6.05 	 1.8581 	  1.8623 	  
6.15 	 1.8526 	  1.8568 	  
6.25 	 1.8474 	  1.8515 	  
6.35 	 1.8424 	  1.8465 	  
6.45 	 1.8377 	  1.8416 	  
6.55 	 1.8332 	  1.837 	  
6.65 	 1.829 	  1.8326 	  
6.75 	 1.8251 	  1.8285 	  
6.85 	 1.8214 	  1.8247 	  
6.95 	 1.818 	  1.8211 	  
7.05 	 1.8149 	  1.8177 	  
7.15 	 1.8121 	  1.8147 	  
7.25 	 1.8096 	  1.8119 	  
7.35 	 1.8074 	  1.8094 	  
7.45 	 1.8054 	  1.8072 	  
7.55 	 1.8038 	  1.8053 	  
7.65 	 1.8026 	  1.8037 	  
7.75 	 1.8016 	  1.8023 	  
7.85 	 1.8009 	  1.8013 	  
7.95 	 1.8006 	  1.8006 	  
8.05 	 1.8005 	  1.8001 	  
8.15 	 1.8008 	  1.8 	  
8.25 	 1.8014 	  1.8002 	  
8.35 	 1.8023 	  1.8006 	  
8.45 	 1.8035 	  1.8014 	  
8.55 	 1.805 	  1.8024 	  
8.65 	 1.8068 	  1.8038 	  
8.75 	 1.8089 	  1.8054 	  
8.85 	 1.8113 	  1.8074 	  
8.95 	 1.814 	  1.8096 	  
9.05 	 1.8169 	  1.8121 	  
9.15 	 1.8201 	  1.8149 	  
9.25 	 1.8236 	  1.818 	  
9.35 	 1.8273 	  1.8213 	  
9.45 	 1.8313 	  1.825 	  
9.55 	 1.8355 	  1.8288 	  
9.65 	 1.84 	  1.833 	  
9.75 	 1.8446 	  1.8374 	  
9.85 	 1.8495 	  1.842 	  
9.95 	 1.8546 	  1.8468 	  
10.05 	 1.8598 	  1.8519 	  
10.15 	 1.8653 	  1.8573 	  
10.25 	 1.8709 	  1.8628 	  
10.35 	 1.8768 	  1.8685 	  
10.45 	 1.8827 	  1.8745 	  
10.55 	 1.8889 	  1.8806 	  
10.65 	 1.8951 	  1.8869 	  
10.75 	 1.9015 	  1.8933 	  
10.85 	 1.908 	  1.9 	  
10.95 	 1.9146 	  1.9068 	  
11.05 	 1.9213 	  1.9137 	  
11.15 	 1.9281 	  1.9207 	  
11.25 	 1.9349 	  1.9279 	  
11.35 	 1.9418 	  1.9352 	  
11.45 	 1.9488 	  1.9425 	  
11.55 	 1.9558 	  1.95 	  
11.65 	 1.9628 	  1.9575 	  
11.75 	 1.9698 	  1.9651 	  
11.85 	 1.9769 	  1.9728 	  
11.95 	 1.984 	  1.9805 	  
12.05 	 1.991 	  1.9882 	  
12.15 	 1.9981 	  1.9959 	  
12.25 	 2.0051 	  2.0037 	  
12.35 	 2.012 	  2.0114 	  
12.45 	 2.0189 	  2.0191 	  
12.55 	 2.0258 	  2.0268 	  
12.65 	 2.0325 	  2.0345 	  
12.75 	 2.0392 	  2.0421 	  
12.85 	 2.0459 	  2.0496 	  
12.95 	 2.0524 	  2.0571 	  
13.05 	 2.0589 	  2.0645 	  
13.15 	 2.0653 	  2.0717 	  
13.25 	 2.0716 	  2.0789 	  
13.35 	 2.0778 	  2.086 	  
13.45 	 2.0839 	  2.0929 	  
13.55 	 2.0899 	  2.0997 	  
13.65 	 2.0958 	  2.1063 	  
13.75 	 2.1016 	  2.1128 	  
13.85 	 2.1072 	  2.1191 	  
13.95 	 2.1128 	  2.1252 	  
14.05 	 2.1182 	  2.1312 	  
14.15 	 2.1235 	  2.1369 	  
14.25 	 2.1286 	  2.1425 	  
14.35 	 2.1337 	  2.1478 	  
14.45 	 2.1386 	  2.1529 	  
14.55 	 2.1433 	  2.1578 	  
14.65 	 2.148 	  2.1624 	  
14.75 	 2.1525 	  2.1668 	  
14.85 	 2.1569 	  2.171 	  
14.95 	 2.1612 	  2.1749 	  
15.05 	 2.1654 	  2.1785 	  
15.15 	 2.1695 	  2.1818 	  
15.25 	 2.1736 	  2.1849 	  
15.35 	 2.1777 	  2.1877 	  
15.45 	 2.1818 	  2.1903 	  
15.55 	 2.1859 	  2.1925 	  
15.65 	 2.1901 	  2.1945 	  
15.75 	 2.1943 	  2.1961 	  
15.85 	 2.1985 	  2.1975 	  
15.95 	 2.2026 	  2.1986 	  
16.05 	 2.2068 	  2.1993 	  
16.15 	 2.2109 	  2.1998 	  
16.25 	 2.215 	  2.2 	  
16.35 	 2.219 	  2.1999 	  
16.45 	 2.2228 	  2.1995 	  
16.55 	 2.2262 	  2.1987 	  
16.65 	 2.2292 	  2.1977 	  
16.75 	 2.2317 	  2.1964 	  
16.85 	 2.2335 	  2.1948 	  
16.95 	 2.2346 	  2.1929 	  
17.05 	 2.235 	  2.1907 	  
17.15 	 2.2344 	  2.1882 	  
17.25 	 2.233 	  2.1855 	  
17.35 	 2.2306 	  2.1824 	  
17.45 	 2.2272 	  2.1791 	  
17.55 	 2.2229 	  2.1755 	  
17.65 	 2.2176 	  2.1717 	  
17.75 	 2.2115 	  2.1676 	  
17.85 	 2.2045 	  2.1632 	  
17.95 	 2.1967 	  2.1586 	  
18.05 	 2.1881 	  2.1538 	  
18.15 	 2.1788 	  2.1487 	  
18.25 	 2.1689 	  2.1434 	  
18.35 	 2.1584 	  2.1379 	  
18.45 	 2.1475 	  2.1322 	  
18.55 	 2.1362 	  2.1263 	  
18.65 	 2.1244 	  2.1202 	  
18.75 	 2.1124 	  2.1139 	  
18.85 	 2.1 	  2.1075 	  
18.95 	 2.0875 	  2.1009 	  
19.05 	 2.0749 	  2.0941 	  
19.15 	 2.0623 	  2.0872 	  
19.25 	 2.0498 	  2.0802 	  
19.35 	 2.0375 	  2.073 	  
19.45 	 2.0254 	  2.0658 	  
19.55 	 2.0136 	  2.0584 	  
19.65 	 2.0022 	  2.051 	  
19.75 	 1.9912 	  2.0434 	  
19.85 	 1.9807 	  2.0358 	  
19.95 	 1.9708 	  2.0282 	  
20.05 	 1.9613 	  2.0205 	  
20.15 	 1.9525 	  2.0128 	  
20.25 	 1.9443 	  2.0051 	  
20.35 	 1.9368 	  1.9973 	  
20.45 	 1.9298 	  1.9896 	  
20.55 	 1.9235 	  1.9819 	  
20.65 	 1.9177 	  1.9742 	  
20.75 	 1.9125 	  1.9665 	  
20.85 	 1.9078 	  1.9589 	  
20.95 	 1.9037 	  1.9513 	  
21.05 	 1.9 	  1.9439 	  
21.15 	 1.8968 	  1.9365 	  
21.25 	 1.894 	  1.9292 	  
21.35 	 1.8915 	  1.922 	  
21.45 	 1.8894 	  1.9149 	  
21.55 	 1.8875 	  1.908 	  
21.65 	 1.8858 	  1.9012 	  
21.75 	 1.8844 	  1.8945 	  
21.85 	 1.8831 	  1.888 	  
21.95 	 1.8819 	  1.8817 	  
22.05 	 1.8807 	  1.8755 	  
22.15 	 1.8796 	  1.8696 	  
22.25 	 1.8786 	  1.8638 	  
22.35 	 1.8775 	  1.8582 	  
22.45 	 1.8764 	  1.8529 	  
22.55 	 1.8752 	  1.8477 	  
22.65 	 1.8739 	  1.8428 	  
22.75 	 1.8726 	  1.8382 	  
22.85 	 1.8712 	  1.8337 	  
22.95 	 1.8697 	  1.8296 	  
23.05 	 1.8681 	  1.8256 	  
23.15 	 1.8665 	  1.822 	  
23.25 	 1.8648 	  1.8186 	  
23.35 	 1.863 	  1.8155 	  
23.45 	 1.8612 	  1.8126 	  
23.55 	 1.8594 	  1.81 	  
23.65 	 1.8575 	  1.8078 	  
23.75 	 1.8556 	  1.8058 	  
23.85 	 1.8538 	  1.8041 	  
23.95 	 1.852 	  1.8027 	  
24.05 	 1.8503 	  1.8016 	  
24.15 	 1.8486 	  1.8007 	  
24.25 	 1.847 	  1.8002 	  
24.35 	 1.8456 	  1.8 	  
24.45 	 1.8442 	  1.8001 	  
24.55 	 1.843 	  1.8005 	  
24.65 	 1.842 	  1.8012 	  
24.75 	 1.8411 	  1.8021 	  
24.85 	 1.8405 	  1.8034 	  
24.95 	 1.84 	  1.805 	  
25.05 	 1.8397 	  1.8069 	  
25.15 	 1.8397 	  1.809 	  
25.25 	 1.8399 	  1.8115 	  
25.35 	 1.8404 	  1.8142 	  
25.45 	 1.8411 	  1.8172 	  
25.55 	 1.8421 	  1.8205 	  
25.65 	 1.8434 	  1.824 	  
25.75 	 1.8449 	  1.8278 	  
25.85 	 1.8467 	  1.8319 	  
25.95 	 1.8488 	  1.8362 	  
26.05 	 1.8512 	  1.8408 	  
26.15 	 1.8539 	  1.8456 	  
26.25 	 1.8569 	  1.8506 	  
26.35 	 1.8601 	  1.8559 	  
26.45 	 1.8637 	  1.8613 	  
26.55 	 1.8675 	  1.867 	  
26.65 	 1.8716 	  1.8729 	  
26.75 	 1.876 	  1.879 	  
26.85 	 1.8806 	  1.8852 	  
26.95 	 1.8856 	  1.8917 	  
27.05 	 1.8908 	  1.8983 	  
27.15 	 1.8962 	  1.905 	  
27.25 	 1.902 	  1.9119 	  
27.35 	 1.9079 	  1.9189 	  
27.45 	 1.9141 	  1.926 	  
27.55 	 1.9206 	  1.9333 	  
27.65 	 1.9272 	  1.9406 	  
27.75 	 1.9341 	  1.9481 	  
27.85 	 1.9411 	  1.9556 	  
27.95 	 1.9483 	  1.9632 	  
28.05 	 1.9557 	  1.9708 	  
28.15 	 1.9633 	  1.9785 	  
28.25 	 1.971 	  1.9862 	  
28.35 	 1.9788 	  1.9939 	  
28.45 	 1.9868 	  2.0017 	  
28.55 	 1.9948 	  2.0094 	  
28.65 	 2.0029 	  2.0172 	  
28.75 	 2.011 	  2.0249 	  
28.85 	 2.0192 	  2.0325 	  
28.95 	 2.0274 	  2.0401 	  
29.05 	 2.0355 	  2.0477 	  
29.15 	 2.0437 	  2.0552 	  
29.25 	 2.0519 	  2.0626 	  
29.35 	 2.06 	  2.0699 	  
29.45 	 2.068 	  2.0771 	  
29.55 	 2.0759 	  2.0842 	  
29.65 	 2.0837 	  2.0911 	  
29.75 	 2.0914 	  2.098 	  
29.85 	 2.0988 	  2.1046 	  
29.95 	 2.1061 	  2.1112 	  
30.05 	 2.1131 	  2.1175 	  
30.15 	 2.1199 	  2.1237 	  
30.25 	 2.1264 	  2.1297 	  
30.35 	 2.1326 	  2.1355 	  
30.45 	 2.1385 	  2.1411 	  
30.55 	 2.144 	  2.1465 	  
30.65 	 2.1492 	  2.1516 	  
30.75 	 2.154 	  2.1566 	  
30.85 	 2.1584 	  2.1613 	  
30.95 	 2.1625 	  2.1657 	  
31.05 	 2.1662 	  2.1699 	  
31.15 	 2.1694 	  2.1739 	  
31.25 	 2.1723 	  2.1776 	  
31.35 	 2.1748 	  2.181 	  
31.45 	 2.1768 	  2.1842 	  
31.55 	 2.1785 	  2.187 	  
31.65 	 2.1797 	  2.1896 	  
31.75 	 2.1806 	  2.192 	  
31.85 	 2.1811 	  2.194 	  
31.95 	 2.1812 	  2.1957 	  
32.05 	 2.181 	  2.1972 	  
32.15 	 2.1804 	  2.1983 	  
32.25 	 2.1794 	  2.1992 	  
32.35 	 2.1782 	  2.1997 	  
32.45 	 2.1766 	  2.2 	  
32.55 	 2.1748 	  2.1999 	  
32.65 	 2.1727 	  2.1996 	  
32.75 	 2.1703 	  2.1989 	  
32.85 	 2.1677 	  2.198 	  
32.95 	 2.1649 	  2.1968 	  
33.05 	 2.1619 	  2.1952 	  
33.15 	 2.1587 	  2.1934 	  
33.25 	 2.1553 	  2.1913 	  
33.35 	 2.1518 	  2.1889 	  
33.45 	 2.1482 	  2.1862 	  
33.55 	 2.1444 	  2.1832 	  
33.65 	 2.1406 	  2.18 	  
33.75 	 2.1366 	  2.1765 	  
33.85 	 2.1326 	  2.1727 	  
33.95 	 2.1286 	  2.1687 	  
34.05 	 2.1244 	  2.1644 	  
34.15 	 2.1203 	  2.1598 	  
34.25 	 2.1162 	  2.1551 	  
34.35 	 2.112 	  2.1501 	  
34.45 	 2.1079 	  2.1448 	  
34.55 	 2.1037 	  2.1394 	  
34.65 	 2.0996 	  2.1337 	  
34.75 	 2.0955 	  2.1279 	  
34.85 	 2.0915 	  2.1218 	  
34.95 	 2.0875 	  2.1156 	  
35.05 	 2.0835 	  2.1092 	  
35.15 	 2.0796 	  2.1026 	  
35.25 	 2.0758 	  2.0959 	  
35.35 	 2.072 	  2.089 	  
35.45 	 2.0684 	  2.082 	  
35.55 	 2.0647 	  2.0749 	  
35.65 	 2.0612 	  2.0676 	  
35.75 	 2.0578 	  2.0603 	  
35.85 	 2.0544 	  2.0529 	  
35.95 	 2.0511 	  2.0454 	  
36.05 	 2.048 	  2.0378 	  
36.15 	 2.0449 	  2.0302 	  
36.25 	 2.0419 	  2.0225 	  
36.35 	 2.039 	  2.0148 	  
36.45 	 2.0362 	  2.007 	  
36.55 	 2.0335 	  1.9993 	  
36.65 	 2.0309 	  1.9916 	  
36.75 	 2.0284 	  1.9838 	  
36.85 	 2.0259 	  1.9761 	  
36.95 	 2.0236 	  1.9685 	  
37.05 	 2.0213 	  1.9608 	  
37.15 	 2.0192 	  1.9533 	  
37.25 	 2.0171 	  1.9458 	  
37.35 	 2.0151 	  1.9384 	  
37.45 	 2.0132 	  1.931 	  
37.55 	 2.0114 	  1.9238 	  
37.65 	 2.0097 	  1.9167 	  
37.75 	 2.008 	  1.9098 	  
37.85 	 2.0065 	  1.9029 	  
37.95 	 2.005 	  1.8962 	  
38.05 	 2.0035 	  1.8897 	  
38.15 	 2.0022 	  1.8833 	  
38.25 	 2.0009 	  1.8771 	  
38.35 	 1.9997 	  1.8711 	  
38.45 	 1.9985 	  1.8653 	  
38.55 	 1.9974 	  1.8596 	  
38.65 	 1.9964 	  1.8542 	  
38.75 	 1.9955 	  1.849 	  
38.85 	 1.9946 	  1.8441 	  
38.95 	 1.9937 	  1.8393 	  
39.05 	 1.9929 	  1.8348 	  
39.15 	 1.9922 	  1.8306 	  
39.25 	 1.9915 	  1.8266 	  
39.35 	 1.9908 	  1.8229 	  
39.45 	 1.9902 	  1.8194 	  
39.55 	 1.9897 	  1.8162 	  
39.65 	 1.9892 	  1.8133 	  
39.75 	 1.9887 	  1.8107 	  
39.85 	 1.9883 	  1.8083 	  
39.95 	 1.9879 	  1.8063 	  
40.05 	 1.9876 	  1.8045 	  
40.15 	 1.9873 	  1.803 	  
40.25 	 1.987 	  1.8018 	  
40.35 	 1.9867 	  1.8009 	  
40.45 	 1.9865 	  1.8003 	  
40.55 	 1.9863 	  1.8 	  
40.65 	 1.9862 	  1.8 	  
40.75 	 1.986 	  1.8003 	  
40.85 	 1.9859 	  1.801 	  
40.95 	 1.9858 	  1.8019 	  
41.05 	 1.9858 	  1.8031 	  
41.15 	 1.9857 	  1.8046 	  
41.25 	 1.9857 	  1.8064 	  
41.35 	 1.9857 	  1.8084 	  
41.45 	 1.9857 	  1.8108 	  
41.55 	 1.9857 	  1.8135 	  
41.65 	 1.9858 	  1.8164 	  
41.75 	 1.9859 	  1.8196 	  
41.85 	 1.9859 	  1.8231 	  
41.95 	 1.986 	  1.8268 	  
42.05 	 1.9861 	  1.8308 	  
42.15 	 1.9862 	  1.8351 	  
42.25 	 1.9864 	  1.8396 	  
42.35 	 1.9865 	  1.8443 	  
42.45 	 1.9866 	  1.8493 	  
42.55 	 1.9868 	  1.8545 	  
42.65 	 1.9869 	  1.8599 	  
42.75 	 1.9871 	  1.8655 	  
42.85 	 1.9873 	  1.8714 	  
42.95 	 1.9874 	  1.8774 	  
43.05 	 1.9876 	  1.8836 	  
43.15 	 1.9878 	  1.89 	  
43.25 	 1.988 	  1.8965 	  
43.35 	 1.9882 	  1.9033 	  
43.45 	 1.9884 	  1.9101 	  
43.55 	 1.9886 	  1.9171 	  
43.65 	 1.9888 	  1.9242 	  
43.75 	 1.989 	  1.9314 	  
43.85 	 1.9892 	  1.9387 	  
43.95 	 1.9894 	  1.9462 	  
44.05 	 1.9896 	  1.9537 	  
44.15 	 1.9898 	  1.9612 	  
44.25 	 1.99 	  1.9688 	  
44.35 	 1.9902 	  1.9765 	  
44.45 	 1.9904 	  1.9842 	  
44.55 	 1.9906 	  1.992 	  
44.65 	 1.9908 	  1.9997 	  
44.75 	 1.991 	  2.0074 	  
44.85 	 1.9912 	  2.0152 	  
44.95 	 1.9914 	  2.0229 	  
45.05 	 1.9916 	  2.0306 	  
45.15 	 1.9918 	  2.0382 	  
45.25 	 1.992 	  2.0458 	  
45.35 	 1.9922 	  2.0533 	  
45.45 	 1.9924 	  2.0607 	  
45.55 	 1.9926 	  2.068 	  
45.65 	 1.9928 	  2.0752 	  
45.75 	 1.993 	  2.0824 	  
45.85 	 1.9931 	  2.0894 	  
45.95 	 1.9933 	  2.0962 	  
46.05 	 1.9935 	  2.1029 	  
46.15 	 1.9937 	  2.1095 	  
46.25 	 1.9938 	  2.1159 	  
46.35 	 1.994 	  2.1221 	  
46.45 	 1.9942 	  2.1282 	  
46.55 	 1.9943 	  2.134 	  
46.65 	 1.9945 	  2.1397 	  
46.75 	 1.9946 	  2.1451 	  
46.85 	 1.9948 	  2.1503 	  
46.95 	 1.9949 	  2.1553 	  
47.05 	 1.9951 	  2.1601 	  
47.15 	 1.9952 	  2.1646 	  
47.25 	 1.9954 	  2.1689 	  
47.35 	 1.9955 	  2.1729 	  
47.45 	 1.9956 	  2.1767 	  
47.55 	 1.9958 	  2.1801 	  
47.65 	 1.9959 	  2.1834 	  
47.75 	 1.996 	  2.1863 	  
47.85 	 1.9962 	  2.189 	  
47.95 	 1.9963 	  2.1914 	  
48.05 	 1.9964 	  2.1935 	  
48.15 	 1.9965 	  2.1953 	  
48.25 	 1.9966 	  2.1968 	  
48.35 	 1.9967 	  2.1981 	  
48.45 	 1.9968 	  2.199 	  
48.55 	 1.9969 	  2.1996 	  
48.65 	 1.997 	  2.1999 	  
48.75 	 1.9971 	  2.2 	  
48.85 	 1.9972 	  2.1997 	  
48.95 	 1.9973 	  2.1991 	  
49.05 	 1.9974 	  2.1983 	  
49.15 	 1.9975 	  2.1971 	  
49.25 	 1.9976 	  2.1956 	  
49.35 	 1.9976 	  2.1939 	  
49.45 	 1.9977 	  2.1919 	  
49.55 	 1.9978 	  2.1895 	  
49.65 	 1.9979 	  2.1869 	  
49.75 	 1.998 	  2.184 	  
49.85 	 1.998 	  2.1808 	  
49.95 	 1.9981 	  2.1774 	  
50.05 	 1.9982 	  2.1737 	  
50.15 	 1.9982 	  2.1697 	  
50.25 	 1.9983 	  2.1655 	  
50.35 	 1.9983 	  2.161 	  
50.45 	 1.9984 	  2.1563 	  
50.55 	 1.9985 	  2.1514 	  
50.65 	 1.9985 	  2.1462 	  
50.75 	 1.9986 	  2.1408 	  
50.85 	 1.9986 	  2.1352 	  
50.95 	 1.9987 	  2.1294 	  
51.05 	 1.9987 	  2.1234 	  
51.15 	 1.9988 	  2.1172 	  
51.25 	 1.9988 	  2.1108 	  
51.35 	 1.9988 	  2.1043 	  
51.45 	 1.9989 	  2.0976 	  
51.55 	 1.9989 	  2.0908 	  
51.65 	 1.999 	  2.0838 	  
51.75 	 1.999 	  2.0767 	  
51.85 	 1.999 	  2.0695 	  
51.95 	 1.9991 	  2.0622 	  
52.05 	 1.9991 	  2.0548 	  
52.15 	 1.9991 	  2.0473 	  
52.25 	 1.9992 	  2.0398 	  
52.35 	 1.9992 	  2.0321 	  
52.45 	 1.9992 	  2.0245 	  
52.55 	 1.9993 	  2.0168 	  
52.65 	 1.9993 	  2.009 	  
52.75 	 1.9993 	  2.0013 	  
52.85 	 1.9993 	  1.9936 	  
52.95 	 1.9994 	  1.9858 	  
53.05 	 1.9994 	  1.9781 	  
53.15 	 1.9994 	  1.9704 	  
53.25 	 1.9994 	  1.9628 	  
53.35 	 1.9995 	  1.9552 	  
53.45 	 1.9995 	  1.9477 	  
53.55 	 1.9995 	  1.9403 	  
53.65 	 1.9995 	  1.9329 	  
53.75 	 1.9995 	  1.9257 	  
53.85 	 1.9996 	  1.9185 	  
53.95 	 1.9996 	  1.9115 	  
54.05 	 1.9996 	  1.9047 	  
54.15 	 1.9996 	  1.8979 	  
54.25 	 1.9996 	  1.8913 	  
54.35 	 1.9996 	  1.8849 	  
54.45 	 1.9997 	  1.8787 	  
54.55 	 1.9997 	  1.8726 	  
54.65 	 1.9997 	  1.8667 	  
54.75 	 1.9997 	  1.8611 	  
54.85 	 1.9997 	  1.8556 	  
54.95 	 1.9997 	  1.8503 	  
55.05 	 1.9997 	  1.8453 	  
55.15 	 1.9998 	  1.8405 	  
55.25 	 1.9998 	  1.836 	  
55.35 	 1.9998 	  1.8317 	  
55.45 	 1.9998 	  1.8276 	  
55.55 	 1.9998 	  1.8238 	  
55.65 	 1.9998 	  1.8203 	  
55.75 	 1.9998 	  1.817 	  
55.85 	 1.9998 	  1.814 	  
55.95 	 1.9998 	  1.8113 	  
56.05 	 1.9998 	  1.8089 	  
56.15 	 1.9999 	  1.8068 	  
56.25 	 1.9999 	  1.8049 	  
56.35 	 1.9999 	  1.8033 	  
56.45 	 1.9999 	  1.8021 	  
56.55 	 1.9999 	  1.8011 	  
56.65 	 1.9999 	  1.8004 	  
56.75 	 1.9999 	  1.8001 	  
56.85 	 1.9999 	  1.8 	  
56.95 	 1.9999 	  1.8002 	  
57.05 	 1.9999 	  1.8008 	  
57.15 	 1.9999 	  1.8016 	  
57.25 	 1.9999 	  1.8027 	  
57.35 	 1.9999 	  1.8041 	  
57.45 	 1.9999 	  1.8059 	  
57.55 	 1.9999 	  1.8079 	  
57.65 	 1.9999 	  1.8102 	  
57.75 	 1.9999 	  1.8127 	  
57.85 	 1.9999 	  1.8156 	  
57.95 	 1.9999 	  1.8187 	  
58.05 	 1.9999 	  1.8221 	  
58.15 	 2 	  1.8258 	  
58.25 	 2 	  1.8298 	  
58.35 	 2 	  1.834 	  
58.45 	 2 	  1.8384 	  
58.55 	 2 	  1.8431 	  
58.65 	 2 	  1.848 	  
58.75 	 2 	  1.8531 	  
58.85 	 2 	  1.8585 	  
58.95 	 2 	  1.8641 	  
59.05 	 2 	  1.8699 	  
59.15 	 2 	  1.8758 	  
59.25 	 2 	  1.882 	  
59.35 	 2 	  1.8883 	  
59.45 	 2 	  1.8949 	  
59.55 	 2 	  1.9015 	  
59.65 	 2 	  1.9083 	  
59.75 	 2 	  1.9153 	  
59.85 	 2 	  1.9224 	  
59.95 	 2 	  1.9296 	  
60.05 	 2 	  1.9368 	  
60.15 	 2 	  1.9442 	  
60.25 	 2 	  1.9517 	  
60.35 	 2 	  1.9593 	  
60.45 	 2 	  1.9669 	  
60.55 	 2.0001 	  1.9745 	  
60.65 	 2 	  1.9822 	  
60.75 	 2 	  1.99 	  
60.85 	 2 	  1.9977 	  
60.95 	 2 	  2.0055 	  
61.05 	 2 	  2.0132 	  
61.15 	 2 	  2.0209 	  
61.25 	 2.0001 	  2.0286 	  
61.35 	 2.0001 	  2.0362 	  
61.45 	 2.0001 	  2.0438 	  
61.55 	 2.0002 	  2.0513 	  
61.65 	 2.0002 	  2.0588 	  
61.75 	 2.0001 	  2.0661 	  
61.85 	 2.0001 	  2.0734 	  
61.95 	 2.0001 	  2.0805 	  
62.05 	 2.0001 	  2.0876 	  
62.15 	 2 	  2.0945 	  
62.25 	 2 	  2.1012 	  
62.35 	 2 	  2.1078 	  
62.45 	 2 	  2.1143 	  
62.55 	 2 	  2.1205 	  
62.65 	 1.9999 	  2.1266 	  
62.75 	 2 	  2.1325 	  
62.85 	 1.9999 	  2.1382 	  
62.95 	 1.9999 	  2.1437 	  
63.05 	 2 	  2.149 	  
63.15 	 2 	  2.154 	  
63.25 	 2 	  2.1589 	  
63.35 	 2 	  2.1635 	  
63.45 	 2 	  2.1678 	  
63.55 	 2 	  2.1719 	  
63.65 	 2 	  2.1757 	  
63.75 	 2 	  2.1793 	  
63.85 	 2 	  2.1826 	  
63.95 	 2 	  2.1856 	  
64.05 	 2 	  2.1883 	  
64.15 	 2 	  2.1908 	  
64.25 	 2 	  2.193 	  
64.35 	 2 	  2.1949 	  
64.45 	 2 	  2.1965 	  
64.55 	 2 	  2.1978 	  
64.65 	 2 	  2.1988 	  
64.75 	 2 	  2.1995 	  
64.85 	 2 	  2.1999 	  
64.95 	 2 	  2.2 	  
65.05 	 2 	  2.1998 	  
65.15 	 2 	  2.1993 	  
65.25 	 2 	  2.1985 	  
65.35 	 2 	  2.1974 	  
65.45 	 2 	  2.1961 	  
65.55 	 2 	  2.1944 	  
65.65 	 2 	  2.1924 	  
65.75 	 2 	  2.1901 	  
65.85 	 2 	  2.1876 	  
65.95 	 2 	  2.1848 	  
66.05 	 2 	  2.1817 	  
66.15 	 2 	  2.1783 	  
66.25 	 2 	  2.1747 	  
66.35 	 2 	  2.1708 	  
66.45 	 2 	  2.1666 	  
66.55 	 2 	  2.1622 	  
66.65 	 2 	  2.1575 	  
66.75 	 2 	  2.1527 	  
66.85 	 2 	  2.1475 	  
66.95 	 2 	  2.1422 	  
67.05 	 2 	  2.1366 	  
67.15 	 2 	  2.1309 	  
67.25 	 2 	  2.1249 	  
67.35 	 2 	  2.1188 	  
67.45 	 2 	  2.1125 	  
67.55 	 2 	  2.106 	  
67.65 	 2 	  2.0993 	  
67.75 	 2 	  2.0926 	  
67.85 	 2 	  2.0856 	  
67.95 	 2 	  2.0786 	  
68.05 	 2 	  2.0714 	  
68.15 	 2 	  2.0641 	  
68.25 	 2 	  2.0567 	  
68.35 	 2 	  2.0492 	  
68.45 	 2 	  2.0417 	  
68.55 	 2 	  2.0341 	  
68.65 	 2 	  2.0264 	  
68.75 	 2 	  2.0187 	  
68.85 	 2 	  2.011 	  
68.95 	 2 	  2.0033 	  
69.05 	 2 	  1.9955 	  
69.15 	 2 	  1.9878 	  
69.25 	 2 	  1.9801 	  
69.35 	 2 	  1.9724 	  
69.45 	 2 	  1.9647 	  
69.55 	 2 	  1.9572 	  
69.65 	 2 	  1.9496 	  
69.75 	 2 	  1.9422 	  
69.85 	 2 	  1.9348 	  
69.95 	 2 	  1.9275 	  
70.05 	 2 	  1.9204 	  
70.15 	 2 	  1.9133 	  
70.25 	 2 	  1.9064 	  
70.35 	 2 	  1.8996 	  
70.45 	 2 	  1.893 	  
70.55 	 2 	  1.8866 	  
70.65 	 2 	  1.8803 	  
70.75 	 2 	  1.8741 	  
70.85 	 2 	  1.8682 	  
70.95 	 2 	  1.8625 	  
71.05 	 2 	  1.857 	  
71.15 	 2 	  1.8517 	  
71.25 	 2 	  1.8466 	  
71.35 	 2 	  1.8417 	  
71.45 	 2 	  1.8371 	  
71.55 	 2 	  1.8328 	  
71.65 	 2 	  1.8286 	  
71.75 	 2 	  1.8248 	  
71.85 	 2 	  1.8212 	  
71.95 	 2 	  1.8178 	  
72.05 	 2 	  1.8148 	  
72.15 	 2 	  1.812 	  
72.25 	 2 	  1.8095 	  
72.35 	 2 	  1.8073 	  
72.45 	 2 	  1.8054 	  
72.55 	 2 	  1.8037 	  
72.65 	 2 	  1.8024 	  
72.75 	 2 	  1.8013 	  
72.85 	 2 	  1.8006 	  
72.95 	 2 	  1.8001 	  
73.05 	 2 	  1.8 	  
73.15 	 2 	  1.8002 	  
73.25 	 2 	  1.8006 	  
73.35 	 2 	  1.8014 	  
73.45 	 2 	  1.8024 	  
73.55 	 2 	  1.8038 	  
73.65 	 2 	  1.8054 	  
73.75 	 2 	  1.8073 	  
73.85 	 2 	  1.8095 	  
73.95 	 2 	  1.8121 	  
74.05 	 2 	  1.8148 	  
74.15 	 2 	  1.8179 	  
74.25 	 2 	  1.8212 	  
74.35 	 2 	  1.8249 	  
74.45 	 2 	  1.8287 	  
74.55 	 2 	  1.8328 	  
74.65 	 2 	  1.8372 	  
74.75 	 2 	  1.8418 	  
74.85 	 2 	  1.8467 	  
74.95 	 2 	  1.8518 	  
75.05 	 2 	  1.8571 	  
75.15 	 2 	  1.8626 	  
75.25 	 2 	  1.8684 	  
75.35 	 2 	  1.8743 	  
75.45 	 2 	  1.8804 	  
75.55 	 2 	  1.8867 	  
75.65 	 2 	  1.8932 	  
75.75 	 2 	  1.8998 	  
75.85 	 2 	  1.9066 	  
75.95 	 2 	  1.9135 	  
76.05 	 2 	  1.9205 	  
76.15 	 2 	  1.9277 	  
76.25 	 2 	  1.935 	  
76.35 	 2 	  1.9423 	  
76.45 	 2 	  1.9498 	  
76.55 	 2 	  1.9573 	  
76.65 	 2 	  1.9649 	  
76.75 	 2 	  1.9726 	  
76.85 	 2 	  1.9803 	  
76.95 	 2 	  1.988 	  
77.05 	 2 	  1.9957 	  
77.15 	 2 	  2.0035 	  
77.25 	 2 	  2.0112 	  
77.35 	 2 	  2.0189 	  
77.45 	 2 	  2.0266 	  
77.55 	 2 	  2.0343 	  
77.65 	 2 	  2.0419 	  
77.75 	 2 	  2.0494 	  
77.85 	 2 	  2.0569 	  
77.95 	 2 	  2.0643 	  
78.05 	 2 	  2.0715 	  
78.15 	 2 	  2.0787 	  
78.25 	 2 	  2.0858 	  
78.35 	 2 	  2.0927 	  
78.45 	 2 	  2.0995 	  
78.55 	 2 	  2.1061 	  
78.65 	 2 	  2.1126 	  
78.75 	 2 	  2.1189 	  
78.85 	 2 	  2.1251 	  
78.95 	 2 	  2.131 	  
79.05 	 2 	  2.1368 	  
79.15 	 2 	  2.1423 	  
79.25 	 2 	  2.1477 	  
79.35 	 2 	  2.1528 	  
79.45 	 2 	  2.1576 	  
79.55 	 2 	  2.1623 	  
79.65 	 2 	  2.1667 	  
79.75 	 2 	  2.1709 	  
79.85 	 2 	  2.1747 	  
79.95 	 2 	  2.1784 	  
80.05 	 2 	  2.1818 	  
80.15 	 2 	  2.1848 	  
80.25 	 2 	  2.1877 	  
80.35 	 2 	  2.1902 	  
80.45 	 2 	  2.1925 	  
80.55 	 2 	  2.1944 	  
80.65 	 2 	  2.1961 	  
80.75 	 2 	  2.1975 	  
80.85 	 2 	  2.1985 	  
80.95 	 2 	  2.1993 	  
81.05 	 2 	  2.1998 	  
81.15 	 2 	  2.2 	  
81.25 	 2 	  2.1999 	  
81.35 	 2 	  2.1995 	  
81.45 	 2 	  2.1988 	  
81.55 	 2 	  2.1977 	  
81.65 	 2 	  2.1964 	  
81.75 	 2 	  2.1948 	  
81.85 	 2 	  2.1929 	  
81.95 	 2 	  2.1908 	  
82.05 	 2 	  2.1883 	  
82.15 	 2 	  2.1855 	  
82.25 	 2 	  2.1825 	  
82.35 	 2 	  2.1792 	  
82.45 	 2 	  2.1756 	  
82.55 	 2 	  2.1718 	  
82.65 	 2 	  2.1677 	  
82.75 	 2 	  2.1634 	  
82.85 	 2 	  2.1588 	  
82.95 	 2 	  2.1539 	  
83.05 	 2 	  2.1489 	  
83.15 	 2 	  2.1436 	  
83.25 	 2 	  2.1381 	  
83.35 	 2 	  2.1324 	  
83.45 	 2 	  2.1265 	  
83.55 	 2 	  2.1204 	  
83.65 	 2 	  2.1141 	  
83.75 	 2 	  2.1077 	  
83.85 	 2 	  2.1011 	  
83.95 	 2 	  2.0943 	  
84.05 	 2 	  2.0874 	  
84.15 	 2 	  2.0804 	  
84.25 	 2 	  2.0732 	  
84.35 	 2 	  2.066 	  
84.45 	 2 	  2.0586 	  
84.55 	 2 	  2.0512 	  
84.65 	 2 	  2.0436 	  
84.75 	 2 	  2.0361 	  
84.85 	 2 	  2.0284 	  
84.95 	 2 	  2.0207 	  
85.05 	 2 	  2.013 	  
85.15 	 2 	  2.0053 	  
85.25 	 2 	  1.9975 	  
85.35 	 2 	  1.9898 	  
85.45 	 2 	  1.9821 	  
85.55 	 2 	  1.9744 	  
85.65 	 2 	  1.9667 	  
85.75 	 2 	  1.9591 	  
85.85 	 2 	  1.9516 	  
85.95 	 2 	  1.9441 	  
86.05 	 2 	  1.9367 	  
86.15 	 2 	  1.9294 	  
86.25 	 2 	  1.9222 	  
86.35 	 2 	  1.9151 	  
86.45 	 2 	  1.9082 	  
86.55 	 2 	  1.9014 	  
86.65 	 2 	  1.8947 	  
86.75 	 2 	  1.8882 	  
86.85 	 2 	  1.8819 	  
86.95 	 2 	  1.8757 	  
87.05 	 2 	  1.8697 	  
87.15 	 2 	  1.864 	  
87.25 	 2 	  1.8584 	  
87.35 	 2 	  1.853 	  
87.45 	 2 	  1.8479 	  
87.55 	 2 	  1.843 	  
87.65 	 2 	  1.8383 	  
87.75 	 2 	  1.8339 	  
87.85 	 2 	  1.8297 	  
87.95 	 2 	  1.8257 	  
88.05 	 2 	  1.8221 	  
88.15 	 2 	  1.8187 	  
88.25 	 2 	  1.8155 	  
88.35 	 2 	  1.8127 	  
88.45 	 2 	  1.8101 	  
88.55 	 2 	  1.8078 	  
88.65 	 2 	  1.8058 	  
88.75 	 1.9999 	  1.8041 	  
88.85 	 1.9999 	  1.8027 	  
88.95 	 1.9999 	  1.8016 	  
89.05 	 1.9999 	  1.8008 	  
89.15 	 1.9999 	  1.8002 	  
89.25 	 1.9999 	  1.8 	  
89.35 	 1.9999 	  1.8001 	  
89.45 	 1.9999 	  1.8005 	  
89.55 	 1.9999 	  1.8011 	  
89.65 	 1.9999 	  1.8021 	  
89.75 	 1.9999 	  1.8034 	  
89.85 	 1.9999 	  1.8049 	  
89.95 	 1.9999 	  1.8068 	  
90.05 	 1.9999 	  1.8089 	  
90.15 	 1.9999 	  1.8114 	  
90.25 	 1.9999 	  1.8141 	  
90.35 	 1.9999 	  1.8171 	  
90.45 	 1.9999 	  1.8204 	  
90.55 	 1.9999 	  1.8239 	  
90.65 	 1.9999 	  1.8277 	  
90.75 	 1.9999 	  1.8318 	  
90.85 	 1.9999 	  1.8361 	  
90.95 	 1.9999 	  1.8406 	  
91.05 	 1.9999 	  1.8454 	  
91.15 	 1.9999 	  1.8505 	  
91.25 	 1.9999 	  1.8557 	  
91.35 	 1.9999 	  1.8612 	  
91.45 	 1.9999 	  1.8669 	  
91.55 	 1.9999 	  1.8727 	  
91.65 	 1.9999 	  1.8788 	  
91.75 	 1.9999 	  1.8851 	  
91.85 	 1.9999 	  1.8915 	  
91.95 	 1.9999 	  1.8981 	  
92.05 	 1.9999 	  1.9048 	  
92.15 	 1.9999 	  1.9117 	  
92.25 	 1.9999 	  1.9187 	  
92.35 	 1.9999 	  1.9258 	  
92.45 	 1.9999 	  1.9331 	  
92.55 	 1.9999 	  1.9404 	  
92.65 	 1.9999 	  1.9479 	  
92.75 	 1.9999 	  1.9554 	  
92.85 	 1.9999 	  1.963 	  
92.95 	 1.9999 	  1.9706 	  
93.05 	 1.9999 	  1.9783 	  
93.15 	 1.9999 	  1.986 	  
93.25 	 1.9999 	  1.9937 	  
93.35 	 1.9999 	  2.0015 	  
93.45 	 1.9999 	  2.0092 	  
93.55 	 1.9999 	  2.0169 	  
93.65 	 1.9999 	  2.0246 	  
93.75 	 1.9999 	  2.0323 	  
93.85 	 1.9999 	  2.0399 	  
93.95 	 1.9999 	  2.0475 	  
94.05 	 1.9999 	  2.055 	  
94.15 	 1.9999 	  2.0624 	  
94.25 	 1.9999 	  2.0697 	  
94.35 	 1.9999 	  2.0769 	  
94.45 	 1.9999 	  2.084 	  
94.55 	 1.9999 	  2.0909 	  
94.65 	 1.9999 	  2.0978 	  
94.75 	 1.9999 	  2.1045 	  
94.85 	 1.9999 	  2.111 	  
94.95 	 1.9999 	  2.1173 	  
95.05 	 1.9999 	  2.1235 	  
95.15 	 1.9999 	  2.1295 	  
95.25 	 1.9999 	  2.1353 	  
95.35 	 1.9999 	  2.1409 	  
95.45 	 1.9999 	  2.1463 	  
95.55 	 1.9999 	  2.1515 	  
95.65 	 1.9999 	  2.1564 	  
95.75 	 1.9999 	  2.1611 	  
95.85 	 1.9999 	  2.1656 	  
95.95 	 1.9999 	  2.1698 	  
96.05 	 1.9999 	  2.1738 	  
96.15 	 1.9999 	  2.1775 	  
96.25 	 1.9999 	  2.1809 	  
96.35 	 1.9999 	  2.1841 	  
96.45 	 1.9999 	  2.187 	  
96.55 	 1.9999 	  2.1896 	  
96.65 	 1.9999 	  2.1919 	  
96.75 	 1.9999 	  2.1939 	  
96.85 	 1.9999 	  2.1957 	  
96.95 	 1.9999 	  2.1971 	  
97.05 	 1.9999 	  2.1983 	  
97.15 	 1.9999 	  2.1992 	  
97.25 	 1.9999 	  2.1997 	  
97.35 	 1.9999 	  2.2 	  
97.45 	 1.9999 	  2.1999 	  
97.55 	 1.9999 	  2.1996 	  
97.65 	 1.9999 	  2.199 	  
97.75 	 1.9999 	  2.198 	  
97.85 	 1.9999 	  2.1968 	  
97.95 	 1.9999 	  2.1953 	  
98.05 	 1.9999 	  2.1935 	  
98.15 	 1.9999 	  2.1913 	  
98.25 	 1.9999 	  2.1889 	  
98.35 	 1.9999 	  2.1863 	  
98.45 	 1.9999 	  2.1833 	  
98.55 	 1.9999 	  2.1801 	  
98.65 	 1.9999 	  2.1766 	  
98.75 	 1.9999 	  2.1728 	  
98.85 	 1.9999 	  2.1688 	  
98.95 	 1.9999 	  2.1645 	  
99.05 	 1.9999 	  2.16 	  
99.15 	 1.9999 	  2.1552 	  
99.25 	 1.9999 	  2.1502 	  
99.35 	 1.9999 	  2.145 	  
99.45 	 1.9999 	  2.1395 	  
99.55 	 1.9999 	  2.1339 	  
99.65 	 1.9999 	  2.128 	  
99.75 	 1.9999 	  2.122 	  
99.85 	 1.9999 	  2.1158 	  
99.95 	 1.9999 	  2.1093 	  
100.05 	 1.9999 	  2.1028 	  
100.15 	 1.9999 	  2.0961 	  
100.25 	 1.9999 	  2.0892 	  
100.35 	 1.9999 	  2.0822 	  
100.45 	 1.9999 	  2.0751 	  
100.55 	 1.9999 	  2.0679 	  
100.65 	 1.9999 	  2.0605 	  
100.75 	 1.9999 	  2.0531 	  
100.85 	 1.9999 	  2.0456 	  
100.95 	 1.9999 	  2.038 	  
101.05 	 1.9999 	  2.0304 	  
101.15 	 1.9999 	  2.0227 	  
101.25 	 1.9999 	  2.015 	  
101.35 	 1.9999 	  2.0073 	  
101.45 	 1.9999 	  1.9995 	  
101.55 	 1.9999 	  1.9918 	  
101.65 	 1.9999 	  1.9841 	  
101.75 	 1.9999 	  1.9763 	  
101.85 	 1.9999 	  1.9687 	  
101.95 	 1.9999 	  1.9611 	  
102.05 	 1.9999 	  1.9535 	  
102.15 	 1.9999 	  1.946 	  
102.25 	 1.9999 	  1.9386 	  
102.35 	 1.9999 	  1.9313 	  
102.45 	 1.9999 	  1.924 	  
102.55 	 1.9999 	  1.9169 	  
102.65 	 1.9999 	  1.9099 	  
102.75 	 1.9999 	  1.9031 	  
102.85 	 1.9999 	  1.8964 	  
102.95 	 1.9999 	  1.8899 	  
103.05 	 1.9999 	  1.8835 	  
103.15 	 1.9999 	  1.8773 	  
103.25 	 1.9999 	  1.8712 	  
103.35 	 1.9999 	  1.8654 	  
103.45 	 1.9999 	  1.8598 	  
103.55 	 1.9999 	  1.8544 	  
103.65 	 1.9999 	  1.8492 	  
103.75 	 1.9999 	  1.8442 	  
103.85 	 1.9999 	  1.8395 	  
103.95 	 1.9999 	  1.835 	  
104.05 	 1.9999 	  1.8307 	  
104.15 	 1.9999 	  1.8267 	  
104.25 	 1.9999 	  1.823 	  
104.35 	 1.9999 	  1.8195 	  
104.45 	 1.9999 	  1.8163 	  
104.55 	 1.9999 	  1.8134 	  
104.65 	 1.9999 	  1.8107 	  
104.75 	 1.9999 	  1.8084 	  
104.85 	 1.9999 	  1.8063 	  
104.95 	 1.9999 	  1.8045 	  
105.05 	 1.9999 	  1.803 	  
105.15 	 1.9999 	  1.8018 	  
105.25 	 1.9999 	  1.8009 	  
105.35 	 1.9999 	  1.8003 	  
105.45 	 1.9999 	  1.8 	  
105.55 	 1.9999 	  1.8 	  
105.65 	 1.9999 	  1.8003 	  
105.75 	 1.9999 	  1.8009 	  
105.85 	 1.9999 	  1.8018 	  
105.95 	 1.9999 	  1.803 	  
106.05 	 1.9999 	  1.8045 	  
106.15 	 1.9999 	  1.8063 	  
106.25 	 1.9999 	  1.8084 	  
106.35 	 1.9999 	  1.8107 	  
106.45 	 1.9999 	  1.8134 	  
106.55 	 1.9999 	  1.8163 	  
106.65 	 1.9999 	  1.8195 	  
106.75 	 1.9999 	  1.823 	  
106.85 	 1.9999 	  1.8267 	  
106.95 	 1.9999 	  1.8307 	  
107.05 	 1.9999 	  1.8349 	  
107.15 	 1.9999 	  1.8394 	  
107.25 	 1.9999 	  1.8442 	  
107.35 	 1.9999 	  1.8491 	  
107.45 	 1.9999 	  1.8543 	  
107.55 	 1.9999 	  1.8598 	  
107.65 	 1.9999 	  1.8654 	  
107.75 	 1.9999 	  1.8712 	  
107.85 	 1.9999 	  1.8772 	  
107.95 	 1.9999 	  1.8834 	  
108.05 	 1.9999 	  1.8898 	  
108.15 	 1.9999 	  1.8964 	  
108.25 	 2 	  1.9031 	  
108.35 	 2 	  1.9099 	  
108.45 	 2 	  1.9169 	  
108.55 	 2 	  1.924 	  
108.65 	 2 	  1.9312 	  
108.75 	 2 	  1.9385 	  
108.85 	 2 	  1.9459 	  
108.95 	 2 	  1.9534 	  
