simtime:  9.105
number of wsf-lines:  1

line_No     y_coord
1	 1.5
2	  Wave Theory 


X 1	 P 1 	 	 	 	 W 1

0.05 	 1.8014 	  1.8021 	  
0.15 	 1.8007 	  1.8011 	  
0.25 	 1.8002 	  1.8005 	  
0.35 	 1.8001 	  1.8001 	  
0.45 	 1.8002 	  1.8 	  
0.55 	 1.8007 	  1.8002 	  
0.65 	 1.8014 	  1.8008 	  
0.75 	 1.8024 	  1.8016 	  
0.85 	 1.8037 	  1.8027 	  
0.95 	 1.8054 	  1.8041 	  
1.05 	 1.8072 	  1.8058 	  
1.15 	 1.8094 	  1.8078 	  
1.25 	 1.8119 	  1.8101 	  
1.35 	 1.8146 	  1.8127 	  
1.45 	 1.8176 	  1.8155 	  
1.55 	 1.8209 	  1.8186 	  
1.65 	 1.8245 	  1.822 	  
1.75 	 1.8283 	  1.8257 	  
1.85 	 1.8323 	  1.8296 	  
1.95 	 1.8367 	  1.8338 	  
2.05 	 1.8412 	  1.8383 	  
2.15 	 1.846 	  1.8429 	  
2.25 	 1.851 	  1.8478 	  
2.35 	 1.8562 	  1.853 	  
2.45 	 1.8617 	  1.8583 	  
2.55 	 1.8674 	  1.8639 	  
2.65 	 1.8732 	  1.8697 	  
2.75 	 1.8792 	  1.8757 	  
2.85 	 1.8855 	  1.8818 	  
2.95 	 1.8918 	  1.8882 	  
3.05 	 1.8984 	  1.8947 	  
3.15 	 1.9051 	  1.9013 	  
3.25 	 1.9119 	  1.9081 	  
3.35 	 1.9189 	  1.9151 	  
3.45 	 1.926 	  1.9222 	  
3.55 	 1.9332 	  1.9293 	  
3.65 	 1.9405 	  1.9366 	  
3.75 	 1.9479 	  1.944 	  
3.85 	 1.9553 	  1.9515 	  
3.95 	 1.9628 	  1.9591 	  
4.05 	 1.9704 	  1.9667 	  
4.15 	 1.978 	  1.9743 	  
4.25 	 1.9856 	  1.982 	  
4.35 	 1.9933 	  1.9897 	  
4.45 	 2.001 	  1.9975 	  
4.55 	 2.0086 	  2.0052 	  
4.65 	 2.0163 	  2.013 	  
4.75 	 2.0239 	  2.0207 	  
4.85 	 2.0315 	  2.0284 	  
4.95 	 2.039 	  2.036 	  
5.05 	 2.0464 	  2.0436 	  
5.15 	 2.0538 	  2.0511 	  
5.25 	 2.0611 	  2.0586 	  
5.35 	 2.0683 	  2.0659 	  
5.45 	 2.0754 	  2.0732 	  
5.55 	 2.0824 	  2.0803 	  
5.65 	 2.0893 	  2.0874 	  
5.75 	 2.0961 	  2.0943 	  
5.85 	 2.1027 	  2.101 	  
5.95 	 2.1092 	  2.1076 	  
6.05 	 2.1155 	  2.1141 	  
6.15 	 2.1216 	  2.1204 	  
6.25 	 2.1276 	  2.1265 	  
6.35 	 2.1333 	  2.1324 	  
6.45 	 2.1389 	  2.1381 	  
6.55 	 2.1443 	  2.1436 	  
6.65 	 2.1495 	  2.1488 	  
6.75 	 2.1544 	  2.1539 	  
6.85 	 2.1592 	  2.1587 	  
6.95 	 2.1637 	  2.1633 	  
7.05 	 2.168 	  2.1677 	  
7.15 	 2.172 	  2.1718 	  
7.25 	 2.1758 	  2.1756 	  
7.35 	 2.1794 	  2.1792 	  
7.45 	 2.1828 	  2.1825 	  
7.55 	 2.1858 	  2.1855 	  
7.65 	 2.1887 	  2.1883 	  
7.75 	 2.1912 	  2.1907 	  
7.85 	 2.1935 	  2.1929 	  
7.95 	 2.1956 	  2.1948 	  
8.05 	 2.1973 	  2.1964 	  
8.15 	 2.1988 	  2.1977 	  
8.25 	 2.2 	  2.1988 	  
8.35 	 2.2009 	  2.1995 	  
8.45 	 2.2016 	  2.1999 	  
8.55 	 2.2019 	  2.2 	  
8.65 	 2.202 	  2.1998 	  
8.75 	 2.2018 	  2.1993 	  
8.85 	 2.2012 	  2.1986 	  
8.95 	 2.2004 	  2.1975 	  
9.05 	 2.1993 	  2.1961 	  
9.15 	 2.1978 	  2.1944 	  
9.25 	 2.1961 	  2.1925 	  
9.35 	 2.194 	  2.1902 	  
9.45 	 2.1917 	  2.1877 	  
9.55 	 2.189 	  2.1849 	  
9.65 	 2.186 	  2.1818 	  
9.75 	 2.1828 	  2.1784 	  
9.85 	 2.1792 	  2.1748 	  
9.95 	 2.1753 	  2.1709 	  
10.05 	 2.1711 	  2.1667 	  
10.15 	 2.1666 	  2.1623 	  
10.25 	 2.1618 	  2.1577 	  
10.35 	 2.1568 	  2.1528 	  
10.45 	 2.1515 	  2.1477 	  
10.55 	 2.1459 	  2.1424 	  
10.65 	 2.1401 	  2.1368 	  
10.75 	 2.1341 	  2.1311 	  
10.85 	 2.1279 	  2.1251 	  
10.95 	 2.1214 	  2.119 	  
11.05 	 2.1147 	  2.1127 	  
11.15 	 2.1079 	  2.1062 	  
11.25 	 2.1008 	  2.0995 	  
11.35 	 2.0935 	  2.0927 	  
11.45 	 2.086 	  2.0858 	  
11.55 	 2.0783 	  2.0788 	  
11.65 	 2.0706 	  2.0716 	  
11.75 	 2.0627 	  2.0643 	  
11.85 	 2.0546 	  2.0569 	  
11.95 	 2.0465 	  2.0495 	  
12.05 	 2.0383 	  2.0419 	  
12.15 	 2.0299 	  2.0343 	  
12.25 	 2.0215 	  2.0267 	  
12.35 	 2.0129 	  2.019 	  
12.45 	 2.0042 	  2.0112 	  
12.55 	 1.9954 	  2.0035 	  
12.65 	 1.9866 	  1.9958 	  
12.75 	 1.9777 	  1.988 	  
12.85 	 1.9687 	  1.9803 	  
12.95 	 1.9598 	  1.9726 	  
13.05 	 1.951 	  1.965 	  
13.15 	 1.9422 	  1.9574 	  
13.25 	 1.9335 	  1.9498 	  
13.35 	 1.925 	  1.9424 	  
13.45 	 1.9167 	  1.935 	  
13.55 	 1.9086 	  1.9277 	  
13.65 	 1.9007 	  1.9206 	  
13.75 	 1.8931 	  1.9135 	  
13.85 	 1.8858 	  1.9066 	  
13.95 	 1.8788 	  1.8998 	  
14.05 	 1.8722 	  1.8932 	  
14.15 	 1.8659 	  1.8867 	  
14.25 	 1.86 	  1.8804 	  
14.35 	 1.8546 	  1.8743 	  
14.45 	 1.8495 	  1.8684 	  
14.55 	 1.8449 	  1.8627 	  
14.65 	 1.8407 	  1.8571 	  
14.75 	 1.8369 	  1.8518 	  
14.85 	 1.8335 	  1.8467 	  
14.95 	 1.8305 	  1.8419 	  
15.05 	 1.8279 	  1.8373 	  
15.15 	 1.8256 	  1.8329 	  
15.25 	 1.8237 	  1.8287 	  
15.35 	 1.8222 	  1.8249 	  
15.45 	 1.821 	  1.8213 	  
15.55 	 1.8201 	  1.8179 	  
15.65 	 1.8196 	  1.8149 	  
15.75 	 1.8195 	  1.8121 	  
15.85 	 1.8197 	  1.8096 	  
15.95 	 1.8202 	  1.8073 	  
16.05 	 1.8209 	  1.8054 	  
16.15 	 1.8219 	  1.8038 	  
16.25 	 1.8231 	  1.8024 	  
16.35 	 1.8245 	  1.8014 	  
16.45 	 1.8261 	  1.8006 	  
16.55 	 1.8279 	  1.8002 	  
16.65 	 1.8299 	  1.8 	  
16.75 	 1.8321 	  1.8001 	  
16.85 	 1.8345 	  1.8006 	  
16.95 	 1.8371 	  1.8013 	  
17.05 	 1.8398 	  1.8024 	  
17.15 	 1.8426 	  1.8037 	  
17.25 	 1.8456 	  1.8053 	  
17.35 	 1.8487 	  1.8073 	  
17.45 	 1.8519 	  1.8095 	  
17.55 	 1.8553 	  1.812 	  
17.65 	 1.8589 	  1.8148 	  
17.75 	 1.8627 	  1.8178 	  
17.85 	 1.8665 	  1.8211 	  
17.95 	 1.8705 	  1.8247 	  
18.05 	 1.8746 	  1.8286 	  
18.15 	 1.8788 	  1.8327 	  
18.25 	 1.883 	  1.8371 	  
18.35 	 1.8872 	  1.8417 	  
18.45 	 1.8914 	  1.8466 	  
18.55 	 1.8956 	  1.8516 	  
18.65 	 1.8996 	  1.8569 	  
18.75 	 1.9035 	  1.8625 	  
18.85 	 1.9073 	  1.8682 	  
18.95 	 1.9109 	  1.8741 	  
19.05 	 1.9143 	  1.8802 	  
19.15 	 1.9175 	  1.8865 	  
19.25 	 1.9205 	  1.893 	  
19.35 	 1.9234 	  1.8996 	  
19.45 	 1.9261 	  1.9064 	  
19.55 	 1.9287 	  1.9133 	  
19.65 	 1.9312 	  1.9203 	  
19.75 	 1.9335 	  1.9275 	  
19.85 	 1.9359 	  1.9348 	  
19.95 	 1.9382 	  1.9421 	  
20.05 	 1.9405 	  1.9496 	  
20.15 	 1.9429 	  1.9571 	  
20.25 	 1.9453 	  1.9647 	  
20.35 	 1.9479 	  1.9724 	  
20.45 	 1.9507 	  1.98 	  
20.55 	 1.9536 	  1.9878 	  
20.65 	 1.9567 	  1.9955 	  
20.75 	 1.9601 	  2.0032 	  
20.85 	 1.9637 	  2.011 	  
20.95 	 1.9676 	  2.0187 	  
21.05 	 1.9717 	  2.0264 	  
21.15 	 1.9761 	  2.0341 	  
21.25 	 1.9809 	  2.0417 	  
21.35 	 1.9859 	  2.0492 	  
21.45 	 1.9913 	  2.0567 	  
21.55 	 1.997 	  2.0641 	  
21.65 	 2.0032 	  2.0713 	  
21.75 	 2.0097 	  2.0785 	  
21.85 	 2.0167 	  2.0856 	  
21.95 	 2.0241 	  2.0925 	  
22.05 	 2.0321 	  2.0993 	  
22.15 	 2.0405 	  2.106 	  
22.25 	 2.0495 	  2.1124 	  
22.35 	 2.059 	  2.1188 	  
22.45 	 2.0689 	  2.1249 	  
22.55 	 2.0794 	  2.1309 	  
22.65 	 2.0904 	  2.1366 	  
22.75 	 2.1019 	  2.1422 	  
22.85 	 2.1138 	  2.1475 	  
22.95 	 2.126 	  2.1526 	  
23.05 	 2.1385 	  2.1575 	  
23.15 	 2.1512 	  2.1622 	  
23.25 	 2.164 	  2.1666 	  
23.35 	 2.1766 	  2.1707 	  
23.45 	 2.189 	  2.1746 	  
23.55 	 2.2011 	  2.1783 	  
23.65 	 2.2128 	  2.1817 	  
23.75 	 2.2237 	  2.1848 	  
23.85 	 2.2336 	  2.1876 	  
23.95 	 2.2424 	  2.1901 	  
24.05 	 2.25 	  2.1924 	  
24.15 	 2.2562 	  2.1944 	  
24.25 	 2.261 	  2.196 	  
24.35 	 2.2645 	  2.1974 	  
24.45 	 2.2665 	  2.1985 	  
24.55 	 2.2671 	  2.1993 	  
24.65 	 2.2664 	  2.1998 	  
24.75 	 2.2644 	  2.2 	  
24.85 	 2.2612 	  2.1999 	  
24.95 	 2.2571 	  2.1995 	  
25.05 	 2.252 	  2.1988 	  
25.15 	 2.2463 	  2.1978 	  
25.25 	 2.2398 	  2.1965 	  
25.35 	 2.2329 	  2.1949 	  
25.45 	 2.2256 	  2.193 	  
25.55 	 2.2179 	  2.1908 	  
25.65 	 2.21 	  2.1884 	  
25.75 	 2.202 	  2.1856 	  
25.85 	 2.1939 	  2.1826 	  
25.95 	 2.1858 	  2.1793 	  
26.05 	 2.1778 	  2.1757 	  
26.15 	 2.1698 	  2.1719 	  
26.25 	 2.1619 	  2.1678 	  
26.35 	 2.1541 	  2.1635 	  
26.45 	 2.1465 	  2.1589 	  
26.55 	 2.139 	  2.1541 	  
26.65 	 2.1317 	  2.149 	  
26.75 	 2.1245 	  2.1437 	  
26.85 	 2.1174 	  2.1383 	  
26.95 	 2.1104 	  2.1326 	  
27.05 	 2.1035 	  2.1267 	  
27.15 	 2.0967 	  2.1206 	  
27.25 	 2.09 	  2.1143 	  
27.35 	 2.0832 	  2.1079 	  
27.45 	 2.0765 	  2.1013 	  
27.55 	 2.0698 	  2.0945 	  
27.65 	 2.0632 	  2.0876 	  
27.75 	 2.0565 	  2.0806 	  
27.85 	 2.0498 	  2.0734 	  
27.95 	 2.0432 	  2.0662 	  
28.05 	 2.0365 	  2.0588 	  
28.15 	 2.0297 	  2.0514 	  
28.25 	 2.023 	  2.0439 	  
28.35 	 2.0162 	  2.0363 	  
28.45 	 2.0094 	  2.0286 	  
28.55 	 2.0026 	  2.0209 	  
28.65 	 1.9958 	  2.0132 	  
28.75 	 1.9889 	  2.0055 	  
28.85 	 1.9821 	  1.9978 	  
28.95 	 1.9752 	  1.99 	  
29.05 	 1.9684 	  1.9823 	  
29.15 	 1.9616 	  1.9746 	  
29.25 	 1.9549 	  1.9669 	  
29.35 	 1.9483 	  1.9593 	  
29.45 	 1.9417 	  1.9518 	  
29.55 	 1.9352 	  1.9443 	  
29.65 	 1.9289 	  1.9369 	  
29.75 	 1.9226 	  1.9296 	  
29.85 	 1.9165 	  1.9224 	  
29.95 	 1.9105 	  1.9153 	  
30.05 	 1.9047 	  1.9084 	  
30.15 	 1.8991 	  1.9016 	  
30.25 	 1.8936 	  1.8949 	  
30.35 	 1.8884 	  1.8884 	  
30.45 	 1.8833 	  1.882 	  
30.55 	 1.8785 	  1.8759 	  
30.65 	 1.8738 	  1.8699 	  
30.75 	 1.8694 	  1.8641 	  
30.85 	 1.8652 	  1.8585 	  
30.95 	 1.8613 	  1.8532 	  
31.05 	 1.8575 	  1.848 	  
31.15 	 1.8541 	  1.8431 	  
31.25 	 1.8508 	  1.8384 	  
31.35 	 1.8479 	  1.834 	  
31.45 	 1.8451 	  1.8298 	  
31.55 	 1.8426 	  1.8258 	  
31.65 	 1.8403 	  1.8222 	  
31.75 	 1.8383 	  1.8188 	  
31.85 	 1.8365 	  1.8156 	  
31.95 	 1.835 	  1.8128 	  
32.05 	 1.8336 	  1.8102 	  
32.15 	 1.8325 	  1.8079 	  
32.25 	 1.8316 	  1.8059 	  
32.35 	 1.831 	  1.8042 	  
32.45 	 1.8305 	  1.8027 	  
32.55 	 1.8303 	  1.8016 	  
32.65 	 1.8303 	  1.8008 	  
32.75 	 1.8305 	  1.8002 	  
32.85 	 1.8309 	  1.8 	  
32.95 	 1.8316 	  1.8001 	  
33.05 	 1.8324 	  1.8004 	  
33.15 	 1.8335 	  1.8011 	  
33.25 	 1.8348 	  1.8021 	  
33.35 	 1.8362 	  1.8033 	  
33.45 	 1.8379 	  1.8049 	  
33.55 	 1.8397 	  1.8067 	  
33.65 	 1.8417 	  1.8089 	  
33.75 	 1.844 	  1.8113 	  
33.85 	 1.8464 	  1.814 	  
33.95 	 1.849 	  1.817 	  
34.05 	 1.8519 	  1.8203 	  
34.15 	 1.8549 	  1.8238 	  
34.25 	 1.8581 	  1.8276 	  
34.35 	 1.8615 	  1.8316 	  
34.45 	 1.8651 	  1.836 	  
34.55 	 1.8688 	  1.8405 	  
34.65 	 1.8727 	  1.8453 	  
34.75 	 1.8768 	  1.8503 	  
34.85 	 1.881 	  1.8556 	  
34.95 	 1.8854 	  1.861 	  
35.05 	 1.8899 	  1.8667 	  
35.15 	 1.8946 	  1.8726 	  
35.25 	 1.8994 	  1.8786 	  
35.35 	 1.9044 	  1.8849 	  
35.45 	 1.9095 	  1.8913 	  
35.55 	 1.9148 	  1.8979 	  
35.65 	 1.9201 	  1.9046 	  
35.75 	 1.9256 	  1.9115 	  
35.85 	 1.9312 	  1.9185 	  
35.95 	 1.9369 	  1.9256 	  
36.05 	 1.9427 	  1.9329 	  
36.15 	 1.9486 	  1.9402 	  
36.25 	 1.9546 	  1.9477 	  
36.35 	 1.9607 	  1.9552 	  
36.45 	 1.9669 	  1.9627 	  
36.55 	 1.9732 	  1.9704 	  
36.65 	 1.9795 	  1.9781 	  
36.75 	 1.9858 	  1.9858 	  
36.85 	 1.9922 	  1.9935 	  
36.95 	 1.9986 	  2.0013 	  
37.05 	 2.0051 	  2.009 	  
37.15 	 2.0115 	  2.0167 	  
37.25 	 2.0179 	  2.0244 	  
37.35 	 2.0243 	  2.0321 	  
37.45 	 2.0307 	  2.0397 	  
37.55 	 2.037 	  2.0473 	  
37.65 	 2.0433 	  2.0548 	  
37.75 	 2.0496 	  2.0622 	  
37.85 	 2.0557 	  2.0695 	  
37.95 	 2.0618 	  2.0767 	  
38.05 	 2.0677 	  2.0838 	  
38.15 	 2.0736 	  2.0907 	  
38.25 	 2.0793 	  2.0976 	  
38.35 	 2.0849 	  2.1043 	  
38.45 	 2.0903 	  2.1108 	  
38.55 	 2.0956 	  2.1172 	  
38.65 	 2.1007 	  2.1233 	  
38.75 	 2.1057 	  2.1293 	  
38.85 	 2.1104 	  2.1352 	  
38.95 	 2.115 	  2.1408 	  
39.05 	 2.1193 	  2.1462 	  
39.15 	 2.1234 	  2.1513 	  
39.25 	 2.1272 	  2.1563 	  
39.35 	 2.1308 	  2.161 	  
39.45 	 2.1342 	  2.1655 	  
39.55 	 2.1373 	  2.1697 	  
39.65 	 2.1401 	  2.1737 	  
39.75 	 2.1427 	  2.1774 	  
39.85 	 2.1451 	  2.1808 	  
39.95 	 2.1472 	  2.184 	  
40.05 	 2.149 	  2.1869 	  
40.15 	 2.1505 	  2.1895 	  
40.25 	 2.1518 	  2.1918 	  
40.35 	 2.1528 	  2.1939 	  
40.45 	 2.1536 	  2.1956 	  
40.55 	 2.1542 	  2.1971 	  
40.65 	 2.1544 	  2.1983 	  
40.75 	 2.1545 	  2.1991 	  
40.85 	 2.1543 	  2.1997 	  
40.95 	 2.1539 	  2.2 	  
41.05 	 2.1533 	  2.1999 	  
41.15 	 2.1524 	  2.1996 	  
41.25 	 2.1514 	  2.199 	  
41.35 	 2.1502 	  2.1981 	  
41.45 	 2.1488 	  2.1968 	  
41.55 	 2.1472 	  2.1953 	  
41.65 	 2.1454 	  2.1935 	  
41.75 	 2.1435 	  2.1914 	  
41.85 	 2.1415 	  2.189 	  
41.95 	 2.1393 	  2.1863 	  
42.05 	 2.137 	  2.1834 	  
42.15 	 2.1346 	  2.1802 	  
42.25 	 2.1321 	  2.1767 	  
42.35 	 2.1295 	  2.1729 	  
42.45 	 2.1268 	  2.1689 	  
42.55 	 2.124 	  2.1646 	  
42.65 	 2.1212 	  2.1601 	  
42.75 	 2.1183 	  2.1553 	  
42.85 	 2.1153 	  2.1503 	  
42.95 	 2.1124 	  2.1451 	  
43.05 	 2.1093 	  2.1397 	  
43.15 	 2.1063 	  2.134 	  
43.25 	 2.1032 	  2.1282 	  
43.35 	 2.1002 	  2.1222 	  
43.45 	 2.0971 	  2.1159 	  
43.55 	 2.094 	  2.1095 	  
43.65 	 2.0909 	  2.103 	  
43.75 	 2.0878 	  2.0963 	  
43.85 	 2.0848 	  2.0894 	  
43.95 	 2.0817 	  2.0824 	  
44.05 	 2.0787 	  2.0753 	  
44.15 	 2.0757 	  2.0681 	  
44.25 	 2.0728 	  2.0607 	  
44.35 	 2.0699 	  2.0533 	  
44.45 	 2.067 	  2.0458 	  
44.55 	 2.0642 	  2.0382 	  
44.65 	 2.0614 	  2.0306 	  
44.75 	 2.0587 	  2.0229 	  
44.85 	 2.056 	  2.0152 	  
44.95 	 2.0534 	  2.0075 	  
45.05 	 2.0508 	  1.9997 	  
45.15 	 2.0483 	  1.992 	  
45.25 	 2.0459 	  1.9843 	  
45.35 	 2.0435 	  1.9766 	  
45.45 	 2.0412 	  1.9689 	  
45.55 	 2.0389 	  1.9613 	  
45.65 	 2.0367 	  1.9537 	  
45.75 	 2.0346 	  1.9462 	  
45.85 	 2.0325 	  1.9388 	  
45.95 	 2.0305 	  1.9315 	  
46.05 	 2.0285 	  1.9242 	  
46.15 	 2.0267 	  1.9171 	  
46.25 	 2.0248 	  1.9101 	  
46.35 	 2.0231 	  1.9033 	  
46.45 	 2.0214 	  1.8966 	  
46.55 	 2.0197 	  1.89 	  
46.65 	 2.0181 	  1.8837 	  
46.75 	 2.0166 	  1.8774 	  
46.85 	 2.0151 	  1.8714 	  
46.95 	 2.0137 	  1.8656 	  
47.05 	 2.0124 	  1.8599 	  
47.15 	 2.0111 	  1.8545 	  
47.25 	 2.0098 	  1.8493 	  
47.35 	 2.0086 	  1.8443 	  
47.45 	 2.0075 	  1.8396 	  
47.55 	 2.0064 	  1.8351 	  
47.65 	 2.0053 	  1.8308 	  
47.75 	 2.0043 	  1.8268 	  
47.85 	 2.0034 	  1.8231 	  
47.95 	 2.0025 	  1.8196 	  
48.05 	 2.0016 	  1.8164 	  
48.15 	 2.0008 	  1.8135 	  
48.25 	 2 	  1.8108 	  
48.35 	 1.9993 	  1.8084 	  
48.45 	 1.9986 	  1.8064 	  
48.55 	 1.9979 	  1.8046 	  
48.65 	 1.9973 	  1.8031 	  
48.75 	 1.9967 	  1.8019 	  
48.85 	 1.9962 	  1.801 	  
48.95 	 1.9956 	  1.8004 	  
49.05 	 1.9951 	  1.8 	  
49.15 	 1.9947 	  1.8 	  
49.25 	 1.9943 	  1.8003 	  
49.35 	 1.9939 	  1.8009 	  
49.45 	 1.9935 	  1.8018 	  
49.55 	 1.9931 	  1.803 	  
49.65 	 1.9928 	  1.8045 	  
49.75 	 1.9925 	  1.8062 	  
49.85 	 1.9923 	  1.8083 	  
49.95 	 1.992 	  1.8107 	  
50.05 	 1.9918 	  1.8133 	  
50.15 	 1.9916 	  1.8162 	  
50.25 	 1.9914 	  1.8194 	  
50.35 	 1.9912 	  1.8229 	  
50.45 	 1.9911 	  1.8266 	  
50.55 	 1.991 	  1.8306 	  
50.65 	 1.9909 	  1.8348 	  
50.75 	 1.9908 	  1.8393 	  
50.85 	 1.9907 	  1.844 	  
50.95 	 1.9906 	  1.849 	  
51.05 	 1.9906 	  1.8542 	  
51.15 	 1.9905 	  1.8596 	  
51.25 	 1.9905 	  1.8652 	  
51.35 	 1.9905 	  1.871 	  
51.45 	 1.9905 	  1.8771 	  
51.55 	 1.9905 	  1.8833 	  
51.65 	 1.9905 	  1.8896 	  
51.75 	 1.9905 	  1.8962 	  
51.85 	 1.9906 	  1.9029 	  
51.95 	 1.9906 	  1.9097 	  
52.05 	 1.9906 	  1.9167 	  
52.15 	 1.9907 	  1.9238 	  
52.25 	 1.9908 	  1.931 	  
52.35 	 1.9908 	  1.9383 	  
52.45 	 1.9909 	  1.9457 	  
52.55 	 1.991 	  1.9532 	  
52.65 	 1.9911 	  1.9608 	  
52.75 	 1.9912 	  1.9684 	  
52.85 	 1.9913 	  1.9761 	  
52.95 	 1.9914 	  1.9838 	  
53.05 	 1.9915 	  1.9915 	  
53.15 	 1.9916 	  1.9993 	  
53.25 	 1.9917 	  2.007 	  
53.35 	 1.9918 	  2.0147 	  
53.45 	 1.9919 	  2.0224 	  
53.55 	 1.9921 	  2.0301 	  
53.65 	 1.9922 	  2.0378 	  
53.75 	 1.9923 	  2.0453 	  
53.85 	 1.9924 	  2.0528 	  
53.95 	 1.9926 	  2.0603 	  
54.05 	 1.9927 	  2.0676 	  
54.15 	 1.9928 	  2.0748 	  
54.25 	 1.9929 	  2.082 	  
54.35 	 1.9931 	  2.089 	  
54.45 	 1.9932 	  2.0958 	  
54.55 	 1.9933 	  2.1026 	  
54.65 	 1.9935 	  2.1091 	  
54.75 	 1.9936 	  2.1155 	  
54.85 	 1.9937 	  2.1218 	  
54.95 	 1.9938 	  2.1278 	  
55.05 	 1.994 	  2.1337 	  
55.15 	 1.9941 	  2.1393 	  
55.25 	 1.9942 	  2.1448 	  
55.35 	 1.9943 	  2.15 	  
55.45 	 1.9945 	  2.155 	  
55.55 	 1.9946 	  2.1598 	  
55.65 	 1.9947 	  2.1643 	  
55.75 	 1.9948 	  2.1686 	  
55.85 	 1.9949 	  2.1727 	  
55.95 	 1.9951 	  2.1764 	  
56.05 	 1.9952 	  2.18 	  
56.15 	 1.9953 	  2.1832 	  
56.25 	 1.9954 	  2.1862 	  
56.35 	 1.9955 	  2.1889 	  
56.45 	 1.9956 	  2.1913 	  
56.55 	 1.9957 	  2.1934 	  
56.65 	 1.9958 	  2.1952 	  
56.75 	 1.9959 	  2.1968 	  
56.85 	 1.996 	  2.198 	  
56.95 	 1.9961 	  2.1989 	  
57.05 	 1.9962 	  2.1996 	  
57.15 	 1.9963 	  2.1999 	  
57.25 	 1.9964 	  2.2 	  
57.35 	 1.9965 	  2.1997 	  
57.45 	 1.9966 	  2.1992 	  
57.55 	 1.9967 	  2.1983 	  
57.65 	 1.9968 	  2.1972 	  
57.75 	 1.9968 	  2.1957 	  
57.85 	 1.9969 	  2.194 	  
57.95 	 1.997 	  2.192 	  
58.05 	 1.9971 	  2.1897 	  
58.15 	 1.9971 	  2.1871 	  
58.25 	 1.9972 	  2.1842 	  
58.35 	 1.9973 	  2.181 	  
58.45 	 1.9974 	  2.1776 	  
58.55 	 1.9974 	  2.1739 	  
58.65 	 1.9975 	  2.1699 	  
58.75 	 1.9976 	  2.1657 	  
58.85 	 1.9976 	  2.1613 	  
58.95 	 1.9977 	  2.1566 	  
59.05 	 1.9978 	  2.1516 	  
59.15 	 1.9978 	  2.1465 	  
59.25 	 1.9979 	  2.1411 	  
59.35 	 1.9979 	  2.1355 	  
59.45 	 1.998 	  2.1297 	  
59.55 	 1.998 	  2.1237 	  
59.65 	 1.9981 	  2.1175 	  
59.75 	 1.9982 	  2.1112 	  
59.85 	 1.9982 	  2.1047 	  
59.95 	 1.9983 	  2.098 	  
60.05 	 1.9984 	  2.0912 	  
60.15 	 1.9984 	  2.0842 	  
60.25 	 1.9984 	  2.0771 	  
60.35 	 1.9985 	  2.0699 	  
60.45 	 1.9985 	  2.0626 	  
60.55 	 1.9985 	  2.0552 	  
60.65 	 1.9985 	  2.0477 	  
60.75 	 1.9986 	  2.0402 	  
60.85 	 1.9986 	  2.0326 	  
60.95 	 1.9986 	  2.0249 	  
61.05 	 1.9987 	  2.0172 	  
61.15 	 1.9988 	  2.0095 	  
61.25 	 1.9988 	  2.0017 	  
61.35 	 1.9988 	  1.994 	  
61.45 	 1.9988 	  1.9863 	  
61.55 	 1.9989 	  1.9785 	  
61.65 	 1.9988 	  1.9709 	  
61.75 	 1.9989 	  1.9632 	  
61.85 	 1.9989 	  1.9556 	  
61.95 	 1.999 	  1.9481 	  
62.05 	 1.9992 	  1.9407 	  
62.15 	 1.9992 	  1.9333 	  
62.25 	 1.9993 	  1.9261 	  
62.35 	 1.9994 	  1.9189 	  
62.45 	 1.9994 	  1.9119 	  
62.55 	 1.9995 	  1.905 	  
62.65 	 1.9995 	  1.8983 	  
62.75 	 1.9996 	  1.8917 	  
62.85 	 1.9996 	  1.8853 	  
62.95 	 1.9997 	  1.879 	  
63.05 	 1.9996 	  1.8729 	  
63.15 	 1.9996 	  1.8671 	  
63.25 	 1.9996 	  1.8614 	  
63.35 	 1.9996 	  1.8559 	  
63.45 	 1.9996 	  1.8506 	  
63.55 	 1.9996 	  1.8456 	  
63.65 	 1.9997 	  1.8408 	  
63.75 	 1.9997 	  1.8362 	  
63.85 	 1.9997 	  1.8319 	  
63.95 	 1.9997 	  1.8278 	  
64.05 	 1.9997 	  1.824 	  
64.15 	 1.9997 	  1.8205 	  
64.25 	 1.9997 	  1.8172 	  
64.35 	 1.9997 	  1.8142 	  
64.45 	 1.9997 	  1.8115 	  
64.55 	 1.9997 	  1.809 	  
64.65 	 1.9997 	  1.8069 	  
64.75 	 1.9997 	  1.805 	  
64.85 	 1.9998 	  1.8034 	  
64.95 	 1.9998 	  1.8021 	  
65.05 	 1.9998 	  1.8012 	  
65.15 	 1.9998 	  1.8005 	  
65.25 	 1.9998 	  1.8001 	  
65.35 	 1.9998 	  1.8 	  
65.45 	 1.9998 	  1.8002 	  
65.55 	 1.9998 	  1.8007 	  
65.65 	 1.9998 	  1.8015 	  
65.75 	 1.9998 	  1.8027 	  
65.85 	 1.9998 	  1.8041 	  
65.95 	 1.9998 	  1.8058 	  
66.05 	 1.9998 	  1.8077 	  
66.15 	 1.9999 	  1.81 	  
66.25 	 1.9999 	  1.8126 	  
66.35 	 1.9999 	  1.8154 	  
66.45 	 1.9999 	  1.8186 	  
66.55 	 1.9999 	  1.8219 	  
66.65 	 1.9999 	  1.8256 	  
66.75 	 1.9999 	  1.8295 	  
66.85 	 1.9999 	  1.8337 	  
66.95 	 1.9999 	  1.8381 	  
67.05 	 1.9999 	  1.8428 	  
67.15 	 1.9999 	  1.8477 	  
67.25 	 1.9999 	  1.8528 	  
67.35 	 1.9999 	  1.8582 	  
67.45 	 1.9999 	  1.8638 	  
67.55 	 1.9999 	  1.8695 	  
67.65 	 1.9999 	  1.8755 	  
67.75 	 1.9999 	  1.8816 	  
67.85 	 1.9999 	  1.888 	  
67.95 	 1.9999 	  1.8945 	  
68.05 	 1.9999 	  1.9011 	  
68.15 	 1.9999 	  1.9079 	  
68.25 	 1.9999 	  1.9149 	  
68.35 	 1.9999 	  1.922 	  
68.45 	 1.9999 	  1.9291 	  
68.55 	 1.9999 	  1.9364 	  
68.65 	 1.9999 	  1.9438 	  
68.75 	 1.9999 	  1.9513 	  
68.85 	 1.9999 	  1.9588 	  
68.95 	 1.9999 	  1.9664 	  
69.05 	 1.9999 	  1.9741 	  
69.15 	 1.9999 	  1.9818 	  
69.25 	 1.9999 	  1.9895 	  
69.35 	 1.9999 	  1.9973 	  
69.45 	 1.9999 	  2.005 	  
69.55 	 1.9999 	  2.0128 	  
69.65 	 1.9999 	  2.0205 	  
69.75 	 1.9999 	  2.0282 	  
69.85 	 1.9999 	  2.0358 	  
69.95 	 1.9999 	  2.0434 	  
70.05 	 1.9999 	  2.0509 	  
70.15 	 1.9999 	  2.0584 	  
70.25 	 1.9999 	  2.0657 	  
70.35 	 1.9999 	  2.073 	  
70.45 	 1.9999 	  2.0801 	  
70.55 	 1.9999 	  2.0872 	  
70.65 	 1.9999 	  2.0941 	  
70.75 	 1.9999 	  2.1008 	  
70.85 	 1.9999 	  2.1075 	  
70.95 	 1.9999 	  2.1139 	  
71.05 	 1.9999 	  2.1202 	  
71.15 	 1.9999 	  2.1263 	  
71.25 	 1.9999 	  2.1322 	  
71.35 	 1.9999 	  2.1379 	  
71.45 	 1.9999 	  2.1434 	  
71.55 	 1.9999 	  2.1487 	  
71.65 	 1.9999 	  2.1538 	  
71.75 	 1.9999 	  2.1586 	  
71.85 	 1.9999 	  2.1632 	  
71.95 	 1.9999 	  2.1676 	  
72.05 	 2 	  2.1717 	  
72.15 	 2 	  2.1755 	  
72.25 	 2 	  2.1791 	  
72.35 	 2 	  2.1824 	  
72.45 	 2 	  2.1854 	  
72.55 	 2 	  2.1882 	  
72.65 	 2 	  2.1907 	  
72.75 	 2 	  2.1929 	  
72.85 	 2 	  2.1948 	  
72.95 	 2 	  2.1964 	  
73.05 	 2 	  2.1977 	  
73.15 	 2 	  2.1987 	  
73.25 	 2 	  2.1994 	  
73.35 	 2 	  2.1999 	  
73.45 	 2 	  2.2 	  
73.55 	 2 	  2.1998 	  
73.65 	 2 	  2.1993 	  
73.75 	 2 	  2.1986 	  
73.85 	 2 	  2.1975 	  
73.95 	 2 	  2.1961 	  
74.05 	 2 	  2.1945 	  
74.15 	 2 	  2.1925 	  
74.25 	 2 	  2.1903 	  
74.35 	 2 	  2.1878 	  
74.45 	 2 	  2.1849 	  
74.55 	 2 	  2.1819 	  
74.65 	 2 	  2.1785 	  
74.75 	 2 	  2.1749 	  
74.85 	 2 	  2.171 	  
74.95 	 2 	  2.1668 	  
75.05 	 2 	  2.1624 	  
75.15 	 2 	  2.1578 	  
75.25 	 2 	  2.1529 	  
75.35 	 2 	  2.1478 	  
75.45 	 2 	  2.1425 	  
75.55 	 2 	  2.137 	  
75.65 	 2 	  2.1312 	  
75.75 	 2 	  2.1253 	  
75.85 	 2 	  2.1192 	  
75.95 	 2 	  2.1128 	  
76.05 	 2 	  2.1064 	  
76.15 	 2 	  2.0997 	  
76.25 	 2 	  2.0929 	  
76.35 	 2 	  2.086 	  
76.45 	 2 	  2.079 	  
76.55 	 2 	  2.0718 	  
76.65 	 2 	  2.0645 	  
76.75 	 2 	  2.0571 	  
76.85 	 2 	  2.0497 	  
76.95 	 2 	  2.0421 	  
77.05 	 2 	  2.0345 	  
77.15 	 2 	  2.0269 	  
77.25 	 2 	  2.0192 	  
77.35 	 2 	  2.0115 	  
77.45 	 2 	  2.0037 	  
77.55 	 2 	  1.996 	  
77.65 	 2 	  1.9882 	  
77.75 	 2 	  1.9805 	  
77.85 	 2 	  1.9728 	  
77.95 	 2 	  1.9652 	  
78.05 	 2 	  1.9576 	  
78.15 	 2 	  1.95 	  
78.25 	 2 	  1.9426 	  
78.35 	 2 	  1.9352 	  
78.45 	 2 	  1.9279 	  
78.55 	 2 	  1.9208 	  
78.65 	 2 	  1.9137 	  
78.75 	 2 	  1.9068 	  
78.85 	 2 	  1.9 	  
78.95 	 2 	  1.8934 	  
79.05 	 2 	  1.8869 	  
79.15 	 2 	  1.8806 	  
79.25 	 2 	  1.8745 	  
79.35 	 2 	  1.8686 	  
79.45 	 2 	  1.8628 	  
79.55 	 2 	  1.8573 	  
79.65 	 2 	  1.852 	  
79.75 	 2 	  1.8469 	  
79.85 	 2 	  1.842 	  
79.95 	 2 	  1.8374 	  
80.05 	 2 	  1.833 	  
80.15 	 2 	  1.8289 	  
80.25 	 2 	  1.825 	  
80.35 	 2 	  1.8214 	  
80.45 	 2 	  1.818 	  
80.55 	 2 	  1.8149 	  
80.65 	 2 	  1.8121 	  
80.75 	 2 	  1.8096 	  
80.85 	 2 	  1.8074 	  
80.95 	 2 	  1.8055 	  
81.05 	 2 	  1.8038 	  
81.15 	 2 	  1.8024 	  
81.25 	 2 	  1.8014 	  
81.35 	 2 	  1.8006 	  
81.45 	 2 	  1.8002 	  
81.55 	 2 	  1.8 	  
81.65 	 2 	  1.8001 	  
81.75 	 2 	  1.8006 	  
81.85 	 2 	  1.8013 	  
81.95 	 2 	  1.8023 	  
82.05 	 2 	  1.8037 	  
82.15 	 2 	  1.8053 	  
82.25 	 2 	  1.8072 	  
82.35 	 2 	  1.8094 	  
82.45 	 2 	  1.8119 	  
82.55 	 2 	  1.8147 	  
82.65 	 2 	  1.8177 	  
82.75 	 2 	  1.8211 	  
82.85 	 2 	  1.8246 	  
82.95 	 2 	  1.8285 	  
83.05 	 2 	  1.8326 	  
83.15 	 2 	  1.837 	  
83.25 	 2 	  1.8416 	  
83.35 	 2 	  1.8464 	  
83.45 	 2 	  1.8515 	  
83.55 	 2 	  1.8568 	  
83.65 	 2 	  1.8623 	  
83.75 	 2 	  1.868 	  
83.85 	 2 	  1.8739 	  
83.95 	 2 	  1.8801 	  
84.05 	 2 	  1.8863 	  
84.15 	 2 	  1.8928 	  
84.25 	 2 	  1.8994 	  
84.35 	 2 	  1.9062 	  
84.45 	 2 	  1.9131 	  
84.55 	 2 	  1.9201 	  
84.65 	 2 	  1.9273 	  
84.75 	 2 	  1.9345 	  
84.85 	 2 	  1.9419 	  
84.95 	 2 	  1.9494 	  
85.05 	 2 	  1.9569 	  
85.15 	 2 	  1.9645 	  
85.25 	 2 	  1.9721 	  
85.35 	 2 	  1.9798 	  
85.45 	 2 	  1.9875 	  
85.55 	 2 	  1.9953 	  
85.65 	 2 	  2.003 	  
85.75 	 2 	  2.0108 	  
85.85 	 2 	  2.0185 	  
85.95 	 2 	  2.0262 	  
86.05 	 2 	  2.0338 	  
86.15 	 2 	  2.0414 	  
86.25 	 2 	  2.049 	  
86.35 	 2 	  2.0565 	  
86.45 	 2 	  2.0638 	  
86.55 	 2 	  2.0711 	  
86.65 	 2 	  2.0783 	  
86.75 	 2 	  2.0854 	  
86.85 	 2 	  2.0923 	  
86.95 	 2 	  2.0991 	  
87.05 	 2 	  2.1058 	  
87.15 	 2 	  2.1123 	  
87.25 	 2 	  2.1186 	  
87.35 	 2 	  2.1247 	  
87.45 	 2 	  2.1307 	  
87.55 	 2 	  2.1365 	  
87.65 	 2 	  2.142 	  
87.75 	 2 	  2.1474 	  
87.85 	 2 	  2.1525 	  
87.95 	 2 	  2.1574 	  
88.05 	 2 	  2.162 	  
88.15 	 2 	  2.1665 	  
88.25 	 2 	  2.1706 	  
88.35 	 2 	  2.1745 	  
88.45 	 2 	  2.1782 	  
88.55 	 2 	  2.1816 	  
88.65 	 2 	  2.1847 	  
88.75 	 2 	  2.1875 	  
88.85 	 2 	  2.1901 	  
88.95 	 2 	  2.1923 	  
89.05 	 2 	  2.1943 	  
89.15 	 2 	  2.196 	  
89.25 	 2 	  2.1974 	  
89.35 	 2 	  2.1985 	  
89.45 	 2 	  2.1993 	  
89.55 	 2 	  2.1998 	  
89.65 	 2 	  2.2 	  
89.75 	 2 	  2.1999 	  
89.85 	 2 	  2.1995 	  
89.95 	 2 	  2.1988 	  
90.05 	 2 	  2.1978 	  
90.15 	 2 	  2.1965 	  
90.25 	 2 	  2.1949 	  
90.35 	 2 	  2.1931 	  
90.45 	 2 	  2.1909 	  
90.55 	 2 	  2.1884 	  
90.65 	 2 	  2.1857 	  
90.75 	 2 	  2.1827 	  
90.85 	 2 	  2.1794 	  
90.95 	 2 	  2.1758 	  
91.05 	 2 	  2.172 	  
91.15 	 2 	  2.1679 	  
91.25 	 2 	  2.1636 	  
91.35 	 2 	  2.159 	  
91.45 	 2 	  2.1542 	  
91.55 	 2 	  2.1492 	  
91.65 	 2 	  2.1439 	  
91.75 	 2 	  2.1384 	  
91.85 	 2 	  2.1327 	  
91.95 	 2 	  2.1268 	  
92.05 	 2 	  2.1207 	  
92.15 	 2 	  2.1145 	  
92.25 	 2 	  2.108 	  
92.35 	 2 	  2.1015 	  
92.45 	 2 	  2.0947 	  
92.55 	 2 	  2.0878 	  
92.65 	 2 	  2.0808 	  
92.75 	 2 	  2.0736 	  
92.85 	 2 	  2.0664 	  
92.95 	 2 	  2.059 	  
93.05 	 2 	  2.0516 	  
93.15 	 2 	  2.0441 	  
93.25 	 2 	  2.0365 	  
93.35 	 2 	  2.0289 	  
93.45 	 2 	  2.0212 	  
93.55 	 2 	  2.0135 	  
93.65 	 2 	  2.0057 	  
93.75 	 2 	  1.998 	  
93.85 	 2 	  1.9902 	  
93.95 	 2 	  1.9825 	  
94.05 	 2 	  1.9748 	  
94.15 	 2 	  1.9671 	  
94.25 	 2 	  1.9595 	  
94.35 	 2 	  1.952 	  
94.45 	 2 	  1.9445 	  
94.55 	 2 	  1.9371 	  
94.65 	 2 	  1.9298 	  
94.75 	 2 	  1.9226 	  
94.85 	 2 	  1.9155 	  
94.95 	 2 	  1.9086 	  
95.05 	 2 	  1.9017 	  
95.15 	 2 	  1.8951 	  
95.25 	 2 	  1.8886 	  
95.35 	 2 	  1.8822 	  
95.45 	 2 	  1.876 	  
95.55 	 2 	  1.8701 	  
95.65 	 2 	  1.8643 	  
95.75 	 2 	  1.8587 	  
95.85 	 2 	  1.8533 	  
95.95 	 2 	  1.8482 	  
96.05 	 2 	  1.8432 	  
96.15 	 2 	  1.8385 	  
96.25 	 2 	  1.8341 	  
96.35 	 2 	  1.8299 	  
96.45 	 2 	  1.826 	  
96.55 	 2 	  1.8223 	  
96.65 	 2 	  1.8189 	  
96.75 	 2 	  1.8157 	  
96.85 	 2 	  1.8128 	  
96.95 	 2 	  1.8102 	  
97.05 	 2 	  1.8079 	  
97.15 	 2 	  1.8059 	  
97.25 	 2 	  1.8042 	  
97.35 	 2 	  1.8028 	  
97.45 	 2 	  1.8016 	  
97.55 	 2 	  1.8008 	  
97.65 	 2 	  1.8003 	  
97.75 	 2 	  1.8 	  
97.85 	 2 	  1.8001 	  
97.95 	 2 	  1.8004 	  
98.05 	 2 	  1.8011 	  
98.15 	 2 	  1.802 	  
98.25 	 2 	  1.8033 	  
98.35 	 2 	  1.8048 	  
98.45 	 2 	  1.8067 	  
98.55 	 2 	  1.8088 	  
98.65 	 2 	  1.8112 	  
98.75 	 2 	  1.8139 	  
98.85 	 2 	  1.8169 	  
98.95 	 2 	  1.8202 	  
99.05 	 2 	  1.8237 	  
99.15 	 2 	  1.8275 	  
99.25 	 2 	  1.8315 	  
99.35 	 2 	  1.8358 	  
99.45 	 2 	  1.8404 	  
99.55 	 2 	  1.8452 	  
99.65 	 2 	  1.8502 	  
99.75 	 2 	  1.8554 	  
99.85 	 2 	  1.8609 	  
99.95 	 2 	  1.8665 	  
100.05 	 2 	  1.8724 	  
100.15 	 2 	  1.8785 	  
100.25 	 2 	  1.8847 	  
100.35 	 2 	  1.8911 	  
100.45 	 2 	  1.8977 	  
100.55 	 2 	  1.9044 	  
100.65 	 2 	  1.9113 	  
100.75 	 2 	  1.9183 	  
100.85 	 2 	  1.9254 	  
100.95 	 2 	  1.9327 	  
101.05 	 2 	  1.94 	  
101.15 	 2 	  1.9474 	  
101.25 	 2 	  1.955 	  
101.35 	 2 	  1.9625 	  
101.45 	 2 	  1.9702 	  
101.55 	 2 	  1.9778 	  
101.65 	 2 	  1.9856 	  
101.75 	 2 	  1.9933 	  
101.85 	 2 	  2.001 	  
101.95 	 1.9999 	  2.0088 	  
102.05 	 1.9999 	  2.0165 	  
102.15 	 1.9999 	  2.0242 	  
102.25 	 1.9999 	  2.0319 	  
102.35 	 1.9999 	  2.0395 	  
102.45 	 1.9999 	  2.0471 	  
102.55 	 1.9999 	  2.0545 	  
102.65 	 1.9999 	  2.062 	  
102.75 	 1.9999 	  2.0693 	  
102.85 	 1.9999 	  2.0765 	  
102.95 	 1.9999 	  2.0836 	  
103.05 	 1.9999 	  2.0905 	  
103.15 	 1.9999 	  2.0974 	  
103.25 	 1.9999 	  2.1041 	  
103.35 	 1.9999 	  2.1106 	  
103.45 	 1.9999 	  2.117 	  
103.55 	 1.9999 	  2.1232 	  
103.65 	 1.9999 	  2.1292 	  
103.75 	 1.9999 	  2.135 	  
103.85 	 1.9999 	  2.1406 	  
103.95 	 1.9999 	  2.146 	  
104.05 	 1.9999 	  2.1512 	  
104.15 	 1.9999 	  2.1561 	  
104.25 	 1.9999 	  2.1609 	  
104.35 	 1.9999 	  2.1653 	  
104.45 	 1.9999 	  2.1696 	  
104.55 	 1.9999 	  2.1736 	  
104.65 	 1.9999 	  2.1773 	  
104.75 	 1.9999 	  2.1807 	  
104.85 	 1.9999 	  2.1839 	  
104.95 	 1.9999 	  2.1868 	  
105.05 	 1.9999 	  2.1894 	  
105.15 	 1.9999 	  2.1918 	  
105.25 	 1.9999 	  2.1938 	  
105.35 	 1.9999 	  2.1956 	  
105.45 	 1.9999 	  2.1971 	  
105.55 	 1.9999 	  2.1982 	  
105.65 	 1.9999 	  2.1991 	  
105.75 	 1.9999 	  2.1997 	  
105.85 	 1.9999 	  2.2 	  
105.95 	 1.9999 	  2.2 	  
106.05 	 1.9999 	  2.1996 	  
106.15 	 1.9999 	  2.199 	  
106.25 	 1.9999 	  2.1981 	  
106.35 	 1.9999 	  2.1969 	  
106.45 	 1.9999 	  2.1954 	  
106.55 	 1.9999 	  2.1936 	  
106.65 	 1.9999 	  2.1915 	  
106.75 	 1.9999 	  2.1891 	  
106.85 	 1.9999 	  2.1864 	  
106.95 	 1.9999 	  2.1835 	  
107.05 	 1.9999 	  2.1803 	  
107.15 	 1.9999 	  2.1768 	  
107.25 	 1.9999 	  2.173 	  
107.35 	 1.9999 	  2.169 	  
107.45 	 1.9999 	  2.1647 	  
107.55 	 1.9999 	  2.1602 	  
107.65 	 1.9999 	  2.1555 	  
107.75 	 1.9999 	  2.1505 	  
107.85 	 1.9999 	  2.1453 	  
107.95 	 1.9999 	  2.1398 	  
108.05 	 1.9999 	  2.1342 	  
108.15 	 2 	  2.1284 	  
108.25 	 2 	  2.1223 	  
108.35 	 2 	  2.1161 	  
108.45 	 2 	  2.1097 	  
108.55 	 2 	  2.1032 	  
108.65 	 2 	  2.0965 	  
108.75 	 2 	  2.0896 	  
108.85 	 2 	  2.0826 	  
108.95 	 2 	  2.0755 	  
