simtime:  6.1217
number of wsf-lines:  1

line_No     y_coord
1	 1.5
2	  Wave Theory 


X 1	 P 1 	 	 	 	 W 1

0.05 	 2.0267 	  2.0342 	  
0.15 	 2.0192 	  2.0265 	  
0.25 	 2.0116 	  2.0188 	  
0.35 	 2.004 	  2.0111 	  
0.45 	 1.9964 	  2.0034 	  
0.55 	 1.9888 	  1.9956 	  
0.65 	 1.9812 	  1.9879 	  
0.75 	 1.9736 	  1.9802 	  
0.85 	 1.966 	  1.9725 	  
0.95 	 1.9585 	  1.9648 	  
1.05 	 1.951 	  1.9572 	  
1.15 	 1.9436 	  1.9497 	  
1.25 	 1.9363 	  1.9422 	  
1.35 	 1.9291 	  1.9349 	  
1.45 	 1.9219 	  1.9276 	  
1.55 	 1.9149 	  1.9204 	  
1.65 	 1.908 	  1.9134 	  
1.75 	 1.9012 	  1.9065 	  
1.85 	 1.8946 	  1.8997 	  
1.95 	 1.8881 	  1.8931 	  
2.05 	 1.8818 	  1.8866 	  
2.15 	 1.8756 	  1.8803 	  
2.25 	 1.8697 	  1.8742 	  
2.35 	 1.8639 	  1.8683 	  
2.45 	 1.8583 	  1.8626 	  
2.55 	 1.853 	  1.857 	  
2.65 	 1.8478 	  1.8517 	  
2.75 	 1.8429 	  1.8466 	  
2.85 	 1.8382 	  1.8418 	  
2.95 	 1.8338 	  1.8372 	  
3.05 	 1.8296 	  1.8328 	  
3.15 	 1.8256 	  1.8287 	  
3.25 	 1.822 	  1.8248 	  
3.35 	 1.8186 	  1.8212 	  
3.45 	 1.8154 	  1.8179 	  
3.55 	 1.8126 	  1.8148 	  
3.65 	 1.81 	  1.812 	  
3.75 	 1.8077 	  1.8095 	  
3.85 	 1.8058 	  1.8073 	  
3.95 	 1.8041 	  1.8054 	  
4.05 	 1.8027 	  1.8037 	  
4.15 	 1.8016 	  1.8024 	  
4.25 	 1.8008 	  1.8013 	  
4.35 	 1.8003 	  1.8006 	  
4.45 	 1.8001 	  1.8001 	  
4.55 	 1.8002 	  1.8 	  
4.65 	 1.8006 	  1.8002 	  
4.75 	 1.8014 	  1.8006 	  
4.85 	 1.8024 	  1.8013 	  
4.95 	 1.8037 	  1.8024 	  
5.05 	 1.8054 	  1.8037 	  
5.15 	 1.8073 	  1.8054 	  
5.25 	 1.8095 	  1.8073 	  
5.35 	 1.812 	  1.8095 	  
5.45 	 1.8148 	  1.812 	  
5.55 	 1.8179 	  1.8148 	  
5.65 	 1.8212 	  1.8179 	  
5.75 	 1.8248 	  1.8212 	  
5.85 	 1.8287 	  1.8248 	  
5.95 	 1.8328 	  1.8287 	  
6.05 	 1.8372 	  1.8328 	  
6.15 	 1.8418 	  1.8372 	  
6.25 	 1.8466 	  1.8418 	  
6.35 	 1.8517 	  1.8467 	  
6.45 	 1.8569 	  1.8517 	  
6.55 	 1.8624 	  1.857 	  
6.65 	 1.868 	  1.8626 	  
6.75 	 1.8739 	  1.8683 	  
6.85 	 1.8799 	  1.8742 	  
6.95 	 1.8861 	  1.8803 	  
7.05 	 1.8924 	  1.8866 	  
7.15 	 1.8989 	  1.8931 	  
7.25 	 1.9055 	  1.8997 	  
7.35 	 1.9123 	  1.9065 	  
7.45 	 1.9192 	  1.9134 	  
7.55 	 1.9261 	  1.9205 	  
7.65 	 1.9332 	  1.9276 	  
7.75 	 1.9403 	  1.9349 	  
7.85 	 1.9475 	  1.9423 	  
7.95 	 1.9548 	  1.9497 	  
8.05 	 1.9621 	  1.9572 	  
8.15 	 1.9694 	  1.9648 	  
8.25 	 1.9768 	  1.9725 	  
8.35 	 1.9842 	  1.9802 	  
8.45 	 1.9916 	  1.9879 	  
8.55 	 1.999 	  1.9956 	  
8.65 	 2.0065 	  2.0034 	  
8.75 	 2.0139 	  2.0111 	  
8.85 	 2.0213 	  2.0188 	  
8.95 	 2.0287 	  2.0265 	  
9.05 	 2.036 	  2.0342 	  
9.15 	 2.0433 	  2.0418 	  
9.25 	 2.0505 	  2.0493 	  
9.35 	 2.0577 	  2.0568 	  
9.45 	 2.0648 	  2.0642 	  
9.55 	 2.0718 	  2.0715 	  
9.65 	 2.0788 	  2.0786 	  
9.75 	 2.0857 	  2.0857 	  
9.85 	 2.0925 	  2.0926 	  
9.95 	 2.0991 	  2.0994 	  
10.05 	 2.1057 	  2.1061 	  
10.15 	 2.1122 	  2.1126 	  
10.25 	 2.1185 	  2.1189 	  
10.35 	 2.1246 	  2.125 	  
10.45 	 2.1306 	  2.131 	  
10.55 	 2.1364 	  2.1367 	  
10.65 	 2.1421 	  2.1423 	  
10.75 	 2.1476 	  2.1476 	  
10.85 	 2.1528 	  2.1527 	  
10.95 	 2.1579 	  2.1576 	  
11.05 	 2.1628 	  2.1622 	  
11.15 	 2.1675 	  2.1667 	  
11.25 	 2.1719 	  2.1708 	  
11.35 	 2.1762 	  2.1747 	  
11.45 	 2.1802 	  2.1783 	  
11.55 	 2.1839 	  2.1817 	  
11.65 	 2.1875 	  2.1848 	  
11.75 	 2.1907 	  2.1876 	  
11.85 	 2.1937 	  2.1902 	  
11.95 	 2.1965 	  2.1924 	  
12.05 	 2.1989 	  2.1944 	  
12.15 	 2.2011 	  2.1961 	  
12.25 	 2.203 	  2.1975 	  
12.35 	 2.2047 	  2.1985 	  
12.45 	 2.2061 	  2.1993 	  
12.55 	 2.2071 	  2.1998 	  
12.65 	 2.208 	  2.2 	  
12.75 	 2.2085 	  2.1999 	  
12.85 	 2.2088 	  2.1995 	  
12.95 	 2.2088 	  2.1988 	  
13.05 	 2.2085 	  2.1978 	  
13.15 	 2.208 	  2.1965 	  
13.25 	 2.2073 	  2.1949 	  
13.35 	 2.2063 	  2.193 	  
13.45 	 2.205 	  2.1908 	  
13.55 	 2.2035 	  2.1883 	  
13.65 	 2.2018 	  2.1856 	  
13.75 	 2.1998 	  2.1825 	  
13.85 	 2.1975 	  2.1792 	  
13.95 	 2.1949 	  2.1757 	  
14.05 	 2.1919 	  2.1718 	  
14.15 	 2.1886 	  2.1677 	  
14.25 	 2.1849 	  2.1634 	  
14.35 	 2.1807 	  2.1588 	  
14.45 	 2.176 	  2.154 	  
14.55 	 2.1708 	  2.1489 	  
14.65 	 2.165 	  2.1436 	  
14.75 	 2.1586 	  2.1382 	  
14.85 	 2.1516 	  2.1324 	  
14.95 	 2.144 	  2.1265 	  
15.05 	 2.1359 	  2.1205 	  
15.15 	 2.1272 	  2.1142 	  
15.25 	 2.1178 	  2.1077 	  
15.35 	 2.108 	  2.1011 	  
15.45 	 2.0976 	  2.0944 	  
15.55 	 2.0868 	  2.0875 	  
15.65 	 2.0757 	  2.0805 	  
15.75 	 2.0645 	  2.0733 	  
15.85 	 2.0531 	  2.0661 	  
15.95 	 2.0418 	  2.0587 	  
16.05 	 2.0305 	  2.0512 	  
16.15 	 2.0193 	  2.0437 	  
16.25 	 2.0081 	  2.0361 	  
16.35 	 1.9971 	  2.0285 	  
16.45 	 1.9864 	  2.0208 	  
16.55 	 1.976 	  2.0131 	  
16.65 	 1.9659 	  2.0054 	  
16.75 	 1.9561 	  1.9976 	  
16.85 	 1.9466 	  1.9899 	  
16.95 	 1.9374 	  1.9821 	  
17.05 	 1.9286 	  1.9744 	  
17.15 	 1.9201 	  1.9668 	  
17.25 	 1.912 	  1.9592 	  
17.35 	 1.9043 	  1.9516 	  
17.45 	 1.8969 	  1.9442 	  
17.55 	 1.89 	  1.9368 	  
17.65 	 1.8834 	  1.9295 	  
17.75 	 1.8773 	  1.9223 	  
17.85 	 1.8716 	  1.9152 	  
17.95 	 1.8664 	  1.9082 	  
18.05 	 1.8617 	  1.9014 	  
18.15 	 1.8574 	  1.8948 	  
18.25 	 1.8537 	  1.8883 	  
18.35 	 1.8504 	  1.8819 	  
18.45 	 1.8476 	  1.8758 	  
18.55 	 1.8453 	  1.8698 	  
18.65 	 1.8435 	  1.864 	  
18.75 	 1.8421 	  1.8584 	  
18.85 	 1.8412 	  1.8531 	  
18.95 	 1.8407 	  1.8479 	  
19.05 	 1.8406 	  1.843 	  
19.15 	 1.8408 	  1.8383 	  
19.25 	 1.8414 	  1.8339 	  
19.35 	 1.8422 	  1.8297 	  
19.45 	 1.8432 	  1.8258 	  
19.55 	 1.8445 	  1.8221 	  
19.65 	 1.8459 	  1.8187 	  
19.75 	 1.8474 	  1.8156 	  
19.85 	 1.8489 	  1.8127 	  
19.95 	 1.8504 	  1.8101 	  
20.05 	 1.8519 	  1.8078 	  
20.15 	 1.8534 	  1.8058 	  
20.25 	 1.8547 	  1.8041 	  
20.35 	 1.8559 	  1.8027 	  
20.45 	 1.857 	  1.8016 	  
20.55 	 1.8579 	  1.8008 	  
20.65 	 1.8587 	  1.8002 	  
20.75 	 1.8593 	  1.8 	  
20.85 	 1.8597 	  1.8001 	  
20.95 	 1.8599 	  1.8005 	  
21.05 	 1.86 	  1.8011 	  
21.15 	 1.86 	  1.8021 	  
21.25 	 1.8599 	  1.8034 	  
21.35 	 1.8597 	  1.8049 	  
21.45 	 1.8595 	  1.8068 	  
21.55 	 1.8592 	  1.8089 	  
21.65 	 1.8589 	  1.8114 	  
21.75 	 1.8586 	  1.8141 	  
21.85 	 1.8584 	  1.8171 	  
21.95 	 1.8583 	  1.8203 	  
22.05 	 1.8584 	  1.8239 	  
22.15 	 1.8585 	  1.8277 	  
22.25 	 1.8589 	  1.8317 	  
22.35 	 1.8594 	  1.836 	  
22.45 	 1.8602 	  1.8406 	  
22.55 	 1.8612 	  1.8454 	  
22.65 	 1.8624 	  1.8504 	  
22.75 	 1.864 	  1.8557 	  
22.85 	 1.8658 	  1.8611 	  
22.95 	 1.868 	  1.8668 	  
23.05 	 1.8705 	  1.8727 	  
23.15 	 1.8733 	  1.8787 	  
23.25 	 1.8764 	  1.885 	  
23.35 	 1.88 	  1.8914 	  
23.45 	 1.8838 	  1.898 	  
23.55 	 1.8881 	  1.9047 	  
23.65 	 1.8926 	  1.9116 	  
23.75 	 1.8976 	  1.9186 	  
23.85 	 1.9029 	  1.9258 	  
23.95 	 1.9086 	  1.933 	  
24.05 	 1.9146 	  1.9404 	  
24.15 	 1.9209 	  1.9478 	  
24.25 	 1.9276 	  1.9553 	  
24.35 	 1.9345 	  1.9629 	  
24.45 	 1.9418 	  1.9705 	  
24.55 	 1.9494 	  1.9782 	  
24.65 	 1.9572 	  1.9859 	  
24.75 	 1.9654 	  1.9936 	  
24.85 	 1.9737 	  2.0014 	  
24.95 	 1.9823 	  2.0091 	  
25.05 	 1.9911 	  2.0169 	  
25.15 	 2.0001 	  2.0246 	  
25.25 	 2.0092 	  2.0322 	  
25.35 	 2.0183 	  2.0398 	  
25.45 	 2.0276 	  2.0474 	  
25.55 	 2.0369 	  2.0549 	  
25.65 	 2.0463 	  2.0623 	  
25.75 	 2.0557 	  2.0696 	  
25.85 	 2.065 	  2.0768 	  
25.95 	 2.0743 	  2.0839 	  
26.05 	 2.0834 	  2.0909 	  
26.15 	 2.0924 	  2.0977 	  
26.25 	 2.1013 	  2.1044 	  
26.35 	 2.1099 	  2.1109 	  
26.45 	 2.1182 	  2.1173 	  
26.55 	 2.1263 	  2.1235 	  
26.65 	 2.1341 	  2.1295 	  
26.75 	 2.1415 	  2.1353 	  
26.85 	 2.1485 	  2.1409 	  
26.95 	 2.1551 	  2.1463 	  
27.05 	 2.1613 	  2.1514 	  
27.15 	 2.167 	  2.1564 	  
27.25 	 2.1723 	  2.1611 	  
27.35 	 2.1771 	  2.1655 	  
27.45 	 2.1814 	  2.1698 	  
27.55 	 2.1852 	  2.1737 	  
27.65 	 2.1885 	  2.1774 	  
27.75 	 2.1913 	  2.1809 	  
27.85 	 2.1936 	  2.184 	  
27.95 	 2.1953 	  2.1869 	  
28.05 	 2.1966 	  2.1896 	  
28.15 	 2.1973 	  2.1919 	  
28.25 	 2.1976 	  2.1939 	  
28.35 	 2.1973 	  2.1957 	  
28.45 	 2.1967 	  2.1971 	  
28.55 	 2.1956 	  2.1983 	  
28.65 	 2.1941 	  2.1991 	  
28.75 	 2.1922 	  2.1997 	  
28.85 	 2.19 	  2.2 	  
28.95 	 2.1874 	  2.1999 	  
29.05 	 2.1845 	  2.1996 	  
29.15 	 2.1814 	  2.199 	  
29.25 	 2.1779 	  2.198 	  
29.35 	 2.1742 	  2.1968 	  
29.45 	 2.1703 	  2.1953 	  
29.55 	 2.1663 	  2.1935 	  
29.65 	 2.162 	  2.1914 	  
29.75 	 2.1576 	  2.189 	  
29.85 	 2.1531 	  2.1863 	  
29.95 	 2.1485 	  2.1833 	  
30.05 	 2.1438 	  2.1801 	  
30.15 	 2.139 	  2.1766 	  
30.25 	 2.1342 	  2.1728 	  
30.35 	 2.1294 	  2.1688 	  
30.45 	 2.1245 	  2.1645 	  
30.55 	 2.1196 	  2.16 	  
30.65 	 2.1148 	  2.1552 	  
30.75 	 2.1099 	  2.1502 	  
30.85 	 2.1051 	  2.145 	  
30.95 	 2.1004 	  2.1396 	  
31.05 	 2.0956 	  2.1339 	  
31.15 	 2.091 	  2.1281 	  
31.25 	 2.0864 	  2.122 	  
31.35 	 2.0819 	  2.1158 	  
31.45 	 2.0775 	  2.1094 	  
31.55 	 2.0732 	  2.1029 	  
31.65 	 2.069 	  2.0961 	  
31.75 	 2.0649 	  2.0893 	  
31.85 	 2.0609 	  2.0823 	  
31.95 	 2.057 	  2.0752 	  
32.05 	 2.0532 	  2.0679 	  
32.15 	 2.0495 	  2.0606 	  
32.25 	 2.0459 	  2.0532 	  
32.35 	 2.0425 	  2.0457 	  
32.45 	 2.0392 	  2.0381 	  
32.55 	 2.036 	  2.0305 	  
32.65 	 2.0329 	  2.0228 	  
32.75 	 2.0299 	  2.0151 	  
32.85 	 2.0271 	  2.0073 	  
32.95 	 2.0243 	  1.9996 	  
33.05 	 2.0217 	  1.9919 	  
33.15 	 2.0192 	  1.9841 	  
33.25 	 2.0168 	  1.9764 	  
33.35 	 2.0145 	  1.9688 	  
33.45 	 2.0123 	  1.9611 	  
33.55 	 2.0102 	  1.9536 	  
33.65 	 2.0082 	  1.9461 	  
33.75 	 2.0063 	  1.9387 	  
33.85 	 2.0045 	  1.9313 	  
33.95 	 2.0028 	  1.9241 	  
34.05 	 2.0011 	  1.917 	  
34.15 	 1.9996 	  1.91 	  
34.25 	 1.9982 	  1.9032 	  
34.35 	 1.9968 	  1.8965 	  
34.45 	 1.9955 	  1.8899 	  
34.55 	 1.9943 	  1.8835 	  
34.65 	 1.9932 	  1.8773 	  
34.75 	 1.9921 	  1.8713 	  
34.85 	 1.9912 	  1.8655 	  
34.95 	 1.9902 	  1.8598 	  
35.05 	 1.9894 	  1.8544 	  
35.15 	 1.9886 	  1.8492 	  
35.25 	 1.9879 	  1.8443 	  
35.35 	 1.9872 	  1.8395 	  
35.45 	 1.9866 	  1.835 	  
35.55 	 1.986 	  1.8308 	  
35.65 	 1.9855 	  1.8268 	  
35.75 	 1.9851 	  1.823 	  
35.85 	 1.9846 	  1.8195 	  
35.95 	 1.9843 	  1.8163 	  
36.05 	 1.9839 	  1.8134 	  
36.15 	 1.9837 	  1.8108 	  
36.25 	 1.9834 	  1.8084 	  
36.35 	 1.9832 	  1.8063 	  
36.45 	 1.983 	  1.8045 	  
36.55 	 1.9829 	  1.803 	  
36.65 	 1.9828 	  1.8018 	  
36.75 	 1.9827 	  1.8009 	  
36.85 	 1.9826 	  1.8003 	  
36.95 	 1.9826 	  1.8 	  
37.05 	 1.9826 	  1.8 	  
37.15 	 1.9826 	  1.8003 	  
37.25 	 1.9826 	  1.8009 	  
37.35 	 1.9827 	  1.8018 	  
37.45 	 1.9828 	  1.803 	  
37.55 	 1.9829 	  1.8045 	  
37.65 	 1.983 	  1.8063 	  
37.75 	 1.9831 	  1.8083 	  
37.85 	 1.9833 	  1.8107 	  
37.95 	 1.9834 	  1.8133 	  
38.05 	 1.9836 	  1.8163 	  
38.15 	 1.9838 	  1.8195 	  
38.25 	 1.984 	  1.8229 	  
38.35 	 1.9842 	  1.8267 	  
38.45 	 1.9844 	  1.8307 	  
38.55 	 1.9846 	  1.8349 	  
38.65 	 1.9848 	  1.8394 	  
38.75 	 1.985 	  1.8441 	  
38.85 	 1.9853 	  1.8491 	  
38.95 	 1.9855 	  1.8543 	  
39.05 	 1.9858 	  1.8597 	  
39.15 	 1.986 	  1.8653 	  
39.25 	 1.9863 	  1.8712 	  
39.35 	 1.9865 	  1.8772 	  
39.45 	 1.9868 	  1.8834 	  
39.55 	 1.987 	  1.8898 	  
39.65 	 1.9873 	  1.8963 	  
39.75 	 1.9875 	  1.903 	  
39.85 	 1.9878 	  1.9098 	  
39.95 	 1.9881 	  1.9168 	  
40.05 	 1.9883 	  1.9239 	  
40.15 	 1.9886 	  1.9311 	  
40.25 	 1.9888 	  1.9385 	  
40.35 	 1.9891 	  1.9459 	  
40.45 	 1.9893 	  1.9534 	  
40.55 	 1.9896 	  1.9609 	  
40.65 	 1.9898 	  1.9686 	  
40.75 	 1.9901 	  1.9762 	  
40.85 	 1.9903 	  1.9839 	  
40.95 	 1.9906 	  1.9917 	  
41.05 	 1.9908 	  1.9994 	  
41.15 	 1.991 	  2.0071 	  
41.25 	 1.9913 	  2.0149 	  
41.35 	 1.9915 	  2.0226 	  
41.45 	 1.9917 	  2.0303 	  
41.55 	 1.9919 	  2.0379 	  
41.65 	 1.9922 	  2.0455 	  
41.75 	 1.9924 	  2.053 	  
41.85 	 1.9926 	  2.0604 	  
41.95 	 1.9928 	  2.0677 	  
42.05 	 1.993 	  2.075 	  
42.15 	 1.9932 	  2.0821 	  
42.25 	 1.9934 	  2.0891 	  
42.35 	 1.9936 	  2.096 	  
42.45 	 1.9938 	  2.1027 	  
42.55 	 1.994 	  2.1092 	  
42.65 	 1.9941 	  2.1156 	  
42.75 	 1.9943 	  2.1219 	  
42.85 	 1.9945 	  2.1279 	  
42.95 	 1.9947 	  2.1338 	  
43.05 	 1.9948 	  2.1394 	  
43.15 	 1.995 	  2.1449 	  
43.25 	 1.9951 	  2.1501 	  
43.35 	 1.9953 	  2.1551 	  
43.45 	 1.9954 	  2.1599 	  
43.55 	 1.9956 	  2.1644 	  
43.65 	 1.9957 	  2.1687 	  
43.75 	 1.9959 	  2.1727 	  
43.85 	 1.996 	  2.1765 	  
43.95 	 1.9961 	  2.18 	  
44.05 	 1.9963 	  2.1833 	  
44.15 	 1.9964 	  2.1862 	  
44.25 	 1.9965 	  2.1889 	  
44.35 	 1.9966 	  2.1913 	  
44.45 	 1.9967 	  2.1934 	  
44.55 	 1.9968 	  2.1952 	  
44.65 	 1.9969 	  2.1968 	  
44.75 	 1.997 	  2.198 	  
44.85 	 1.9971 	  2.199 	  
44.95 	 1.9972 	  2.1996 	  
45.05 	 1.9973 	  2.1999 	  
45.15 	 1.9974 	  2.2 	  
45.25 	 1.9975 	  2.1997 	  
45.35 	 1.9976 	  2.1992 	  
45.45 	 1.9977 	  2.1983 	  
45.55 	 1.9978 	  2.1972 	  
45.65 	 1.9979 	  2.1957 	  
45.75 	 1.9979 	  2.194 	  
45.85 	 1.998 	  2.1919 	  
45.95 	 1.9981 	  2.1896 	  
46.05 	 1.9982 	  2.187 	  
46.15 	 1.9982 	  2.1841 	  
46.25 	 1.9983 	  2.181 	  
46.35 	 1.9983 	  2.1775 	  
46.45 	 1.9984 	  2.1738 	  
46.55 	 1.9985 	  2.1699 	  
46.65 	 1.9985 	  2.1657 	  
46.75 	 1.9986 	  2.1612 	  
46.85 	 1.9986 	  2.1565 	  
46.95 	 1.9987 	  2.1516 	  
47.05 	 1.9987 	  2.1464 	  
47.15 	 1.9988 	  2.141 	  
47.25 	 1.9988 	  2.1354 	  
47.35 	 1.9989 	  2.1296 	  
47.45 	 1.9989 	  2.1236 	  
47.55 	 1.999 	  2.1174 	  
47.65 	 1.999 	  2.1111 	  
47.75 	 1.999 	  2.1046 	  
47.85 	 1.9991 	  2.0979 	  
47.95 	 1.9991 	  2.0911 	  
48.05 	 1.9991 	  2.0841 	  
48.15 	 1.9992 	  2.077 	  
48.25 	 1.9992 	  2.0698 	  
48.35 	 1.9992 	  2.0625 	  
48.45 	 1.9993 	  2.0551 	  
48.55 	 1.9993 	  2.0476 	  
48.65 	 1.9993 	  2.04 	  
48.75 	 1.9994 	  2.0324 	  
48.85 	 1.9994 	  2.0248 	  
48.95 	 1.9994 	  2.0171 	  
49.05 	 1.9994 	  2.0093 	  
49.15 	 1.9995 	  2.0016 	  
49.25 	 1.9995 	  1.9939 	  
49.35 	 1.9995 	  1.9861 	  
49.45 	 1.9995 	  1.9784 	  
49.55 	 1.9995 	  1.9707 	  
49.65 	 1.9996 	  1.9631 	  
49.75 	 1.9996 	  1.9555 	  
49.85 	 1.9996 	  1.948 	  
49.95 	 1.9996 	  1.9405 	  
50.05 	 1.9996 	  1.9332 	  
50.15 	 1.9996 	  1.926 	  
50.25 	 1.9997 	  1.9188 	  
50.35 	 1.9997 	  1.9118 	  
50.45 	 1.9997 	  1.9049 	  
50.55 	 1.9997 	  1.8982 	  
50.65 	 1.9997 	  1.8916 	  
50.75 	 1.9997 	  1.8852 	  
50.85 	 1.9997 	  1.8789 	  
50.95 	 1.9998 	  1.8728 	  
51.05 	 1.9998 	  1.867 	  
51.15 	 1.9998 	  1.8613 	  
51.25 	 1.9998 	  1.8558 	  
51.35 	 1.9998 	  1.8505 	  
51.45 	 1.9998 	  1.8455 	  
51.55 	 1.9998 	  1.8407 	  
51.65 	 1.9998 	  1.8361 	  
51.75 	 1.9998 	  1.8318 	  
51.85 	 1.9998 	  1.8278 	  
51.95 	 1.9998 	  1.824 	  
52.05 	 1.9999 	  1.8204 	  
52.15 	 1.9999 	  1.8171 	  
52.25 	 1.9999 	  1.8141 	  
52.35 	 1.9999 	  1.8114 	  
52.45 	 1.9999 	  1.809 	  
52.55 	 1.9999 	  1.8068 	  
52.65 	 1.9999 	  1.805 	  
52.75 	 1.9999 	  1.8034 	  
52.85 	 1.9999 	  1.8021 	  
52.95 	 1.9999 	  1.8011 	  
53.05 	 1.9999 	  1.8005 	  
53.15 	 1.9999 	  1.8001 	  
53.25 	 1.9999 	  1.8 	  
53.35 	 1.9999 	  1.8002 	  
53.45 	 1.9999 	  1.8007 	  
53.55 	 1.9999 	  1.8016 	  
53.65 	 1.9999 	  1.8027 	  
53.75 	 1.9999 	  1.8041 	  
53.85 	 1.9999 	  1.8058 	  
53.95 	 1.9999 	  1.8078 	  
54.05 	 1.9999 	  1.8101 	  
54.15 	 1.9999 	  1.8126 	  
54.25 	 1.9999 	  1.8155 	  
54.35 	 1.9999 	  1.8186 	  
54.45 	 1.9999 	  1.822 	  
54.55 	 1.9999 	  1.8257 	  
54.65 	 1.9999 	  1.8296 	  
54.75 	 1.9999 	  1.8338 	  
54.85 	 1.9999 	  1.8382 	  
54.95 	 1.9999 	  1.8429 	  
55.05 	 1.9999 	  1.8478 	  
55.15 	 1.9999 	  1.8529 	  
55.25 	 1.9999 	  1.8583 	  
55.35 	 1.9999 	  1.8639 	  
55.45 	 1.9999 	  1.8696 	  
55.55 	 1.9999 	  1.8756 	  
55.65 	 1.9999 	  1.8818 	  
55.75 	 1.9999 	  1.8881 	  
55.85 	 1.9999 	  1.8946 	  
55.95 	 1.9999 	  1.9013 	  
56.05 	 1.9999 	  1.9081 	  
56.15 	 1.9999 	  1.915 	  
56.25 	 1.9999 	  1.9221 	  
56.35 	 1.9999 	  1.9293 	  
56.45 	 1.9999 	  1.9366 	  
56.55 	 1.9999 	  1.944 	  
56.65 	 2 	  1.9514 	  
56.75 	 2 	  1.959 	  
56.85 	 2 	  1.9666 	  
56.95 	 2 	  1.9742 	  
57.05 	 2 	  1.9819 	  
57.15 	 2 	  1.9897 	  
57.25 	 2 	  1.9974 	  
57.35 	 2 	  2.0052 	  
57.45 	 2 	  2.0129 	  
57.55 	 2 	  2.0206 	  
57.65 	 2 	  2.0283 	  
57.75 	 2 	  2.0359 	  
57.85 	 2 	  2.0435 	  
57.95 	 2 	  2.0511 	  
58.05 	 2 	  2.0585 	  
58.15 	 2 	  2.0659 	  
58.25 	 2 	  2.0731 	  
58.35 	 2 	  2.0803 	  
58.45 	 2 	  2.0873 	  
58.55 	 2 	  2.0942 	  
58.65 	 2 	  2.101 	  
58.75 	 2 	  2.1076 	  
58.85 	 2 	  2.114 	  
58.95 	 2 	  2.1203 	  
59.05 	 2 	  2.1264 	  
59.15 	 2 	  2.1323 	  
59.25 	 2 	  2.138 	  
59.35 	 2 	  2.1435 	  
59.45 	 2 	  2.1488 	  
59.55 	 2 	  2.1539 	  
59.65 	 2 	  2.1587 	  
59.75 	 2 	  2.1633 	  
59.85 	 2 	  2.1676 	  
59.95 	 2 	  2.1717 	  
60.05 	 2 	  2.1756 	  
60.15 	 2 	  2.1791 	  
60.25 	 2 	  2.1825 	  
60.35 	 2 	  2.1855 	  
60.45 	 2 	  2.1882 	  
60.55 	 2 	  2.1907 	  
60.65 	 2 	  2.1929 	  
60.75 	 2 	  2.1948 	  
60.85 	 2 	  2.1964 	  
60.95 	 2 	  2.1977 	  
61.05 	 2 	  2.1987 	  
61.15 	 2 	  2.1995 	  
61.25 	 2 	  2.1999 	  
61.35 	 2 	  2.2 	  
61.45 	 2 	  2.1998 	  
61.55 	 2 	  2.1993 	  
61.65 	 2.0001 	  2.1986 	  
61.75 	 2 	  2.1975 	  
61.85 	 2 	  2.1961 	  
61.95 	 2 	  2.1944 	  
62.05 	 2 	  2.1925 	  
62.15 	 2 	  2.1902 	  
62.25 	 2 	  2.1877 	  
62.35 	 2 	  2.1849 	  
62.45 	 2 	  2.1818 	  
62.55 	 2 	  2.1784 	  
62.65 	 2 	  2.1748 	  
62.75 	 2 	  2.1709 	  
62.85 	 2 	  2.1668 	  
62.95 	 2.0001 	  2.1624 	  
63.05 	 2 	  2.1577 	  
63.15 	 2.0001 	  2.1528 	  
63.25 	 2 	  2.1477 	  
63.35 	 2 	  2.1424 	  
63.45 	 2 	  2.1369 	  
63.55 	 2 	  2.1311 	  
63.65 	 2 	  2.1252 	  
63.75 	 2 	  2.119 	  
63.85 	 2 	  2.1127 	  
63.95 	 2 	  2.1062 	  
64.05 	 2 	  2.0996 	  
64.15 	 2 	  2.0928 	  
64.25 	 2 	  2.0859 	  
64.35 	 2 	  2.0788 	  
64.45 	 2 	  2.0717 	  
64.55 	 2 	  2.0644 	  
64.65 	 2 	  2.057 	  
64.75 	 2 	  2.0495 	  
64.85 	 2 	  2.042 	  
64.95 	 2 	  2.0344 	  
65.05 	 2 	  2.0267 	  
65.15 	 2 	  2.019 	  
65.25 	 2 	  2.0113 	  
65.35 	 2 	  2.0036 	  
65.45 	 2 	  1.9958 	  
65.55 	 2 	  1.9881 	  
65.65 	 2 	  1.9804 	  
65.75 	 2 	  1.9727 	  
65.85 	 2 	  1.965 	  
65.95 	 2 	  1.9574 	  
66.05 	 2 	  1.9499 	  
66.15 	 2 	  1.9425 	  
66.25 	 2 	  1.9351 	  
66.35 	 2 	  1.9278 	  
66.45 	 2 	  1.9206 	  
66.55 	 2 	  1.9136 	  
66.65 	 2 	  1.9067 	  
66.75 	 2 	  1.8999 	  
66.85 	 2 	  1.8933 	  
66.95 	 2 	  1.8868 	  
67.05 	 2 	  1.8805 	  
67.15 	 2 	  1.8744 	  
67.25 	 2 	  1.8685 	  
67.35 	 2 	  1.8627 	  
67.45 	 2 	  1.8572 	  
67.55 	 2 	  1.8519 	  
67.65 	 2 	  1.8468 	  
67.75 	 2 	  1.8419 	  
67.85 	 2 	  1.8373 	  
67.95 	 2 	  1.8329 	  
68.05 	 2 	  1.8288 	  
68.15 	 2 	  1.8249 	  
68.25 	 2 	  1.8213 	  
68.35 	 2 	  1.818 	  
68.45 	 2 	  1.8149 	  
68.55 	 2 	  1.8121 	  
68.65 	 2 	  1.8096 	  
68.75 	 2 	  1.8074 	  
68.85 	 2 	  1.8054 	  
68.95 	 2 	  1.8038 	  
69.05 	 2 	  1.8024 	  
69.15 	 2 	  1.8014 	  
69.25 	 2 	  1.8006 	  
69.35 	 2 	  1.8002 	  
69.45 	 2 	  1.8 	  
69.55 	 2 	  1.8001 	  
69.65 	 2 	  1.8006 	  
69.75 	 2 	  1.8013 	  
69.85 	 2 	  1.8024 	  
69.95 	 2 	  1.8037 	  
70.05 	 2 	  1.8053 	  
70.15 	 2 	  1.8072 	  
70.25 	 2 	  1.8095 	  
70.35 	 2 	  1.812 	  
70.45 	 2 	  1.8147 	  
70.55 	 2 	  1.8178 	  
70.65 	 2 	  1.8211 	  
70.75 	 2 	  1.8247 	  
70.85 	 2 	  1.8286 	  
70.95 	 2 	  1.8327 	  
71.05 	 2 	  1.8371 	  
71.15 	 2 	  1.8417 	  
71.25 	 2 	  1.8465 	  
71.35 	 2 	  1.8516 	  
71.45 	 2 	  1.8569 	  
71.55 	 2 	  1.8624 	  
71.65 	 2 	  1.8681 	  
71.75 	 2 	  1.8741 	  
71.85 	 2 	  1.8802 	  
71.95 	 2 	  1.8865 	  
72.05 	 2 	  1.8929 	  
72.15 	 2 	  1.8995 	  
72.25 	 2 	  1.9063 	  
72.35 	 2 	  1.9132 	  
72.45 	 2 	  1.9203 	  
72.55 	 2 	  1.9274 	  
72.65 	 2 	  1.9347 	  
72.75 	 2 	  1.942 	  
72.85 	 2 	  1.9495 	  
72.95 	 2 	  1.957 	  
73.05 	 2 	  1.9646 	  
73.15 	 2 	  1.9723 	  
73.25 	 2 	  1.98 	  
73.35 	 2 	  1.9877 	  
73.45 	 2 	  1.9954 	  
73.55 	 2 	  2.0032 	  
73.65 	 2 	  2.0109 	  
73.75 	 2 	  2.0186 	  
73.85 	 2 	  2.0263 	  
73.95 	 2 	  2.034 	  
74.05 	 2 	  2.0416 	  
74.15 	 2 	  2.0491 	  
74.25 	 2 	  2.0566 	  
74.35 	 2 	  2.064 	  
74.45 	 2 	  2.0713 	  
74.55 	 2 	  2.0784 	  
74.65 	 2 	  2.0855 	  
74.75 	 2 	  2.0924 	  
74.85 	 2 	  2.0992 	  
74.95 	 2 	  2.1059 	  
75.05 	 2 	  2.1124 	  
75.15 	 2 	  2.1187 	  
75.25 	 2 	  2.1248 	  
75.35 	 2 	  2.1308 	  
75.45 	 2 	  2.1366 	  
75.55 	 2 	  2.1421 	  
75.65 	 2 	  2.1475 	  
75.75 	 2 	  2.1526 	  
75.85 	 2 	  2.1575 	  
75.95 	 2 	  2.1621 	  
76.05 	 2 	  2.1665 	  
76.15 	 2 	  2.1707 	  
76.25 	 2 	  2.1746 	  
76.35 	 2 	  2.1782 	  
76.45 	 2 	  2.1816 	  
76.55 	 2 	  2.1847 	  
76.65 	 2 	  2.1876 	  
76.75 	 2 	  2.1901 	  
76.85 	 2 	  2.1924 	  
76.95 	 2 	  2.1943 	  
77.05 	 2 	  2.196 	  
77.15 	 2 	  2.1974 	  
77.25 	 2 	  2.1985 	  
77.35 	 2 	  2.1993 	  
77.45 	 2 	  2.1998 	  
77.55 	 2 	  2.2 	  
77.65 	 2 	  2.1999 	  
77.75 	 2 	  2.1995 	  
77.85 	 2 	  2.1988 	  
77.95 	 2 	  2.1978 	  
78.05 	 2 	  2.1965 	  
78.15 	 2 	  2.1949 	  
78.25 	 2 	  2.193 	  
78.35 	 2 	  2.1908 	  
78.45 	 2 	  2.1884 	  
78.55 	 2 	  2.1856 	  
78.65 	 2 	  2.1826 	  
78.75 	 2 	  2.1793 	  
78.85 	 2 	  2.1758 	  
78.95 	 2 	  2.1719 	  
79.05 	 2 	  2.1679 	  
79.15 	 2 	  2.1635 	  
79.25 	 2 	  2.1589 	  
79.35 	 2 	  2.1541 	  
79.45 	 2 	  2.1491 	  
79.55 	 2 	  2.1438 	  
79.65 	 2 	  2.1383 	  
79.75 	 2 	  2.1326 	  
79.85 	 2 	  2.1267 	  
79.95 	 2 	  2.1206 	  
80.05 	 2 	  2.1144 	  
80.15 	 2 	  2.1079 	  
80.25 	 2 	  2.1013 	  
80.35 	 2 	  2.0946 	  
80.45 	 2 	  2.0877 	  
80.55 	 2 	  2.0807 	  
80.65 	 2 	  2.0735 	  
80.75 	 2 	  2.0663 	  
80.85 	 2 	  2.0589 	  
80.95 	 2 	  2.0515 	  
81.05 	 2 	  2.0439 	  
81.15 	 2 	  2.0364 	  
81.25 	 2 	  2.0287 	  
81.35 	 2 	  2.021 	  
81.45 	 2 	  2.0133 	  
81.55 	 2 	  2.0056 	  
81.65 	 2 	  1.9978 	  
81.75 	 2 	  1.9901 	  
81.85 	 2 	  1.9824 	  
81.95 	 2 	  1.9747 	  
82.05 	 2 	  1.967 	  
82.15 	 2 	  1.9594 	  
82.25 	 2 	  1.9518 	  
82.35 	 2 	  1.9444 	  
82.45 	 2 	  1.937 	  
82.55 	 2 	  1.9297 	  
82.65 	 2 	  1.9225 	  
82.75 	 2 	  1.9154 	  
82.85 	 2 	  1.9084 	  
82.95 	 2 	  1.9016 	  
83.05 	 2 	  1.895 	  
83.15 	 2 	  1.8884 	  
83.25 	 2 	  1.8821 	  
83.35 	 2 	  1.8759 	  
83.45 	 2 	  1.87 	  
83.55 	 2 	  1.8642 	  
83.65 	 2 	  1.8586 	  
83.75 	 2 	  1.8532 	  
83.85 	 2 	  1.8481 	  
83.95 	 2 	  1.8432 	  
84.05 	 2 	  1.8385 	  
84.15 	 2 	  1.834 	  
84.25 	 2 	  1.8298 	  
84.35 	 2 	  1.8259 	  
84.45 	 2 	  1.8222 	  
84.55 	 2 	  1.8188 	  
84.65 	 2 	  1.8157 	  
84.75 	 2 	  1.8128 	  
84.85 	 2 	  1.8102 	  
84.95 	 2 	  1.8079 	  
85.05 	 2 	  1.8059 	  
85.15 	 2 	  1.8042 	  
85.25 	 2 	  1.8027 	  
85.35 	 2 	  1.8016 	  
85.45 	 2 	  1.8008 	  
85.55 	 2 	  1.8002 	  
85.65 	 2 	  1.8 	  
85.75 	 2 	  1.8001 	  
85.85 	 2 	  1.8004 	  
85.95 	 2 	  1.8011 	  
86.05 	 2 	  1.8021 	  
86.15 	 2 	  1.8033 	  
86.25 	 2 	  1.8049 	  
86.35 	 2 	  1.8067 	  
86.45 	 2 	  1.8089 	  
86.55 	 2 	  1.8113 	  
86.65 	 2 	  1.814 	  
86.75 	 2 	  1.817 	  
86.85 	 2 	  1.8202 	  
86.95 	 2 	  1.8238 	  
87.05 	 2 	  1.8276 	  
87.15 	 2 	  1.8316 	  
87.25 	 2 	  1.8359 	  
87.35 	 2 	  1.8405 	  
87.45 	 2 	  1.8452 	  
87.55 	 2 	  1.8503 	  
87.65 	 2 	  1.8555 	  
87.75 	 2 	  1.861 	  
87.85 	 2 	  1.8666 	  
87.95 	 2 	  1.8725 	  
88.05 	 2 	  1.8786 	  
88.15 	 2 	  1.8848 	  
88.25 	 2 	  1.8912 	  
88.35 	 2 	  1.8978 	  
88.45 	 2 	  1.9045 	  
88.55 	 2 	  1.9114 	  
88.65 	 2 	  1.9184 	  
88.75 	 2 	  1.9256 	  
88.85 	 2 	  1.9328 	  
88.95 	 2 	  1.9401 	  
89.05 	 2 	  1.9476 	  
89.15 	 2 	  1.9551 	  
89.25 	 2 	  1.9627 	  
89.35 	 2 	  1.9703 	  
89.45 	 2 	  1.978 	  
89.55 	 2 	  1.9857 	  
89.65 	 2 	  1.9934 	  
89.75 	 2 	  2.0012 	  
89.85 	 2 	  2.0089 	  
89.95 	 2 	  2.0166 	  
90.05 	 2 	  2.0243 	  
90.15 	 2 	  2.032 	  
90.25 	 2 	  2.0396 	  
90.35 	 2 	  2.0472 	  
90.45 	 2 	  2.0547 	  
90.55 	 2 	  2.0621 	  
90.65 	 2 	  2.0694 	  
90.75 	 2 	  2.0766 	  
90.85 	 2 	  2.0837 	  
90.95 	 2 	  2.0907 	  
91.05 	 2 	  2.0975 	  
91.15 	 2 	  2.1042 	  
91.25 	 2 	  2.1107 	  
91.35 	 2 	  2.1171 	  
91.45 	 2 	  2.1233 	  
91.55 	 2 	  2.1293 	  
91.65 	 2 	  2.1351 	  
91.75 	 2 	  2.1407 	  
91.85 	 2 	  2.1461 	  
91.95 	 2 	  2.1513 	  
92.05 	 2 	  2.1562 	  
92.15 	 2 	  2.1609 	  
92.25 	 2 	  2.1654 	  
92.35 	 2 	  2.1697 	  
92.45 	 2 	  2.1736 	  
92.55 	 2 	  2.1773 	  
92.65 	 2 	  2.1808 	  
92.75 	 2 	  2.184 	  
92.85 	 2 	  2.1869 	  
92.95 	 2 	  2.1895 	  
93.05 	 2 	  2.1918 	  
93.15 	 2 	  2.1939 	  
93.25 	 2 	  2.1956 	  
93.35 	 2 	  2.1971 	  
93.45 	 2 	  2.1983 	  
93.55 	 2 	  2.1991 	  
93.65 	 2 	  2.1997 	  
93.75 	 2 	  2.2 	  
93.85 	 2 	  2.1999 	  
93.95 	 2 	  2.1996 	  
94.05 	 2 	  2.199 	  
94.15 	 2 	  2.1981 	  
94.25 	 2 	  2.1969 	  
94.35 	 2 	  2.1953 	  
94.45 	 2 	  2.1935 	  
94.55 	 2 	  2.1914 	  
94.65 	 2 	  2.189 	  
94.75 	 2 	  2.1864 	  
94.85 	 2 	  2.1834 	  
94.95 	 2 	  2.1802 	  
95.05 	 2 	  2.1767 	  
95.15 	 2 	  2.1729 	  
95.25 	 2 	  2.1689 	  
95.35 	 2 	  2.1647 	  
95.45 	 2 	  2.1601 	  
95.55 	 2 	  2.1554 	  
95.65 	 2 	  2.1504 	  
95.75 	 2 	  2.1452 	  
95.85 	 2 	  2.1397 	  
95.95 	 2 	  2.1341 	  
96.05 	 2 	  2.1283 	  
96.15 	 2 	  2.1222 	  
96.25 	 2 	  2.116 	  
96.35 	 2 	  2.1096 	  
96.45 	 2 	  2.103 	  
96.55 	 2 	  2.0963 	  
96.65 	 2 	  2.0895 	  
96.75 	 2 	  2.0825 	  
96.85 	 2 	  2.0754 	  
96.95 	 2 	  2.0681 	  
97.05 	 2 	  2.0608 	  
97.15 	 2 	  2.0534 	  
97.25 	 2 	  2.0459 	  
97.35 	 2 	  2.0383 	  
97.45 	 2 	  2.0307 	  
97.55 	 2 	  2.023 	  
97.65 	 2 	  2.0153 	  
97.75 	 2 	  2.0076 	  
97.85 	 2 	  1.9998 	  
97.95 	 2 	  1.9921 	  
98.05 	 2 	  1.9843 	  
98.15 	 2 	  1.9766 	  
98.25 	 2 	  1.969 	  
98.35 	 2 	  1.9613 	  
98.45 	 2 	  1.9538 	  
98.55 	 2 	  1.9463 	  
98.65 	 2 	  1.9389 	  
98.75 	 2 	  1.9315 	  
98.85 	 2 	  1.9243 	  
98.95 	 2 	  1.9172 	  
99.05 	 2 	  1.9102 	  
99.15 	 2 	  1.9034 	  
99.25 	 1.9999 	  1.8967 	  
99.35 	 1.9999 	  1.8901 	  
99.45 	 1.9999 	  1.8837 	  
99.55 	 1.9999 	  1.8775 	  
99.65 	 1.9999 	  1.8715 	  
99.75 	 1.9999 	  1.8656 	  
99.85 	 1.9999 	  1.86 	  
99.95 	 1.9999 	  1.8546 	  
100.05 	 1.9999 	  1.8494 	  
100.15 	 1.9999 	  1.8444 	  
100.25 	 1.9999 	  1.8396 	  
100.35 	 1.9999 	  1.8351 	  
100.45 	 1.9999 	  1.8309 	  
100.55 	 1.9999 	  1.8269 	  
100.65 	 1.9999 	  1.8231 	  
100.75 	 1.9999 	  1.8196 	  
100.85 	 1.9999 	  1.8164 	  
100.95 	 1.9999 	  1.8135 	  
101.05 	 1.9999 	  1.8108 	  
101.15 	 1.9999 	  1.8085 	  
101.25 	 1.9999 	  1.8064 	  
101.35 	 1.9999 	  1.8046 	  
101.45 	 1.9999 	  1.8031 	  
101.55 	 1.9999 	  1.8019 	  
101.65 	 1.9999 	  1.801 	  
101.75 	 1.9999 	  1.8004 	  
101.85 	 1.9999 	  1.8 	  
101.95 	 1.9999 	  1.8 	  
102.05 	 1.9999 	  1.8003 	  
102.15 	 1.9999 	  1.8009 	  
102.25 	 1.9999 	  1.8018 	  
102.35 	 1.9999 	  1.803 	  
102.45 	 1.9999 	  1.8045 	  
102.55 	 1.9999 	  1.8062 	  
102.65 	 1.9999 	  1.8083 	  
102.75 	 1.9999 	  1.8106 	  
102.85 	 1.9999 	  1.8133 	  
102.95 	 1.9999 	  1.8162 	  
103.05 	 1.9999 	  1.8194 	  
103.15 	 1.9999 	  1.8228 	  
103.25 	 1.9999 	  1.8266 	  
103.35 	 1.9999 	  1.8305 	  
103.45 	 1.9999 	  1.8348 	  
103.55 	 1.9999 	  1.8393 	  
103.65 	 1.9999 	  1.844 	  
103.75 	 1.9999 	  1.849 	  
103.85 	 1.9999 	  1.8541 	  
103.95 	 1.9999 	  1.8595 	  
104.05 	 1.9998 	  1.8652 	  
104.15 	 1.9998 	  1.871 	  
104.25 	 1.9998 	  1.877 	  
104.35 	 1.9998 	  1.8832 	  
104.45 	 1.9998 	  1.8896 	  
104.55 	 1.9998 	  1.8961 	  
104.65 	 1.9998 	  1.9028 	  
104.75 	 1.9998 	  1.9096 	  
104.85 	 1.9998 	  1.9166 	  
104.95 	 1.9998 	  1.9237 	  
105.05 	 1.9998 	  1.9309 	  
105.15 	 1.9998 	  1.9382 	  
105.25 	 1.9998 	  1.9457 	  
105.35 	 1.9998 	  1.9532 	  
105.45 	 1.9998 	  1.9607 	  
105.55 	 1.9998 	  1.9683 	  
105.65 	 1.9998 	  1.976 	  
105.75 	 1.9998 	  1.9837 	  
105.85 	 1.9998 	  1.9914 	  
105.95 	 1.9998 	  1.9992 	  
106.05 	 1.9998 	  2.0069 	  
106.15 	 1.9998 	  2.0147 	  
106.25 	 1.9998 	  2.0224 	  
106.35 	 1.9998 	  2.03 	  
106.45 	 1.9998 	  2.0377 	  
106.55 	 1.9998 	  2.0453 	  
106.65 	 1.9998 	  2.0528 	  
106.75 	 1.9998 	  2.0602 	  
106.85 	 1.9998 	  2.0675 	  
106.95 	 1.9998 	  2.0748 	  
107.05 	 1.9998 	  2.0819 	  
107.15 	 1.9998 	  2.0889 	  
107.25 	 1.9998 	  2.0958 	  
107.35 	 1.9998 	  2.1025 	  
107.45 	 1.9998 	  2.1091 	  
107.55 	 1.9998 	  2.1155 	  
107.65 	 1.9998 	  2.1217 	  
107.75 	 1.9999 	  2.1278 	  
107.85 	 1.9999 	  2.1336 	  
107.95 	 1.9999 	  2.1393 	  
108.05 	 1.9999 	  2.1447 	  
108.15 	 1.9999 	  2.15 	  
108.25 	 1.9999 	  2.155 	  
108.35 	 1.9999 	  2.1598 	  
108.45 	 2 	  2.1643 	  
108.55 	 2 	  2.1686 	  
108.65 	 2 	  2.1726 	  
108.75 	 2 	  2.1764 	  
108.85 	 2 	  2.1799 	  
108.95 	 2 	  2.1832 	  
